"","data_year","ori","pub_agency_name","pub_agency_unit","state_abbr","division_name","region_name","county_name","agency_type_name","population_group_desc","population","male_officer_ct","male_civilian_ct","male_total_ct","female_officer_ct","female_civilian_ct","female_total_ct","officer_ct","civilian_ct","total_pe_ct","pe_ct_per_1000","agency_full_name","agency_name"
"1",2022,"LA0260000","Jefferson",NA,"LA","West South Central","South","JEFFERSON","County","MSA counties 100,000 or over",326226,632,128,760,218,298,516,850,426,1276,3.91,"JEFFERSON PARISH SHERIFF'S OFFICE                 ","Jefferson Parish Sheriff's Office"
"2",2022,"LA0080700","Southern University and A&M College:","Shreveport","LA","West South Central","South","BOSSIER","University or College","Cities under 2,500",0,2,0,2,1,0,1,3,0,3,NA,"SOUTHERN UNIVERSITY AND A & M COLLEGE - SHREVEPORT","Southern University And A & M College - Shreveport"
"3",2022,"LA0110000","Caldwell",NA,"LA","West South Central","South","CALDWELL","County","Non-MSA counties under 10,000",9509,15,1,16,4,8,12,19,9,28,2.94,"CALDWELL PARISH SHERIFF'S OFFICE                  ","Caldwell Parish Sheriff's Office"
"4",2022,"LA0170100","Baker",NA,"LA","West South Central","South","EAST BATON ROUGE","City","Cities from 10,000 thru 24,999",12303,22,2,24,5,9,14,27,11,38,3.09,"BAKER POLICE DEPARTMENT                           ","Baker Police Department"
"5",2022,"LA0050100","Bunkie",NA,"LA","West South Central","South","AVOYELLES","City","Cities from 2,500 thru 9,999",3234,7,2,9,1,5,6,8,7,15,4.64,"BUNKIE POLICE DEPARTMENT                          ","Bunkie Police Department"
"6",2022,"LA0490500","Washington",NA,"LA","West South Central","South","ST LANDRY","City","Cities under 2,500",732,1,0,1,2,1,3,3,1,4,5.46,"WASHINGTON POLICE DEPARTMENT                      ","Washington Police Department"
"7",2022,"LA0630000","West Feliciana",NA,"LA","West South Central","South","WEST FELICIANA","County","MSA counties from 10,000 thru 24,999",15709,24,30,54,5,24,29,29,54,83,5.28,"WEST FELICIANA PARISH SHERIFF'S OFFICE            ","West Feliciana Parish Sheriff's Office"
"8",2022,"LA0100200","Lake Charles",NA,"LA","West South Central","South","CALCASIEU","City","Cities from 50,000 thru 99,999",77054,120,2,122,45,0,45,165,2,167,2.17,"LAKE CHARLES POLICE DEPARTMENT                    ","Lake Charles Police Department"
"9",2022,"LA0270000","Jefferson Davis",NA,"LA","West South Central","South","JEFFERSON DAVIS","County","Non-MSA counties from 10,000 thru 24,999",16779,81,0,81,32,0,32,113,0,113,6.73,"JEFFERSON DAVIS PARISH SHERIFF'S OFFICE           ","Jefferson Davis Parish Sheriff's Office"
"10",2022,"LA0030200","Gonzales",NA,"LA","West South Central","South","ASCENSION","City","Cities from 10,000 thru 24,999",12869,39,0,39,3,5,8,42,5,47,3.65,"GONZALES POLICE DEPARTMENT                        ","Gonzales Police Department"
"11",2022,"LA0310300","Grambling",NA,"LA","West South Central","South","LINCOLN","City","Cities from 2,500 thru 9,999",5076,6,0,6,7,5,12,13,5,18,3.55,"GRAMBLING POLICE DEPARTMENT                       ","Grambling Police Department"
"12",2022,"LA0330000","Madison",NA,"LA","West South Central","South","MADISON","County","Non-MSA counties under 10,000",3681,29,0,29,10,0,10,39,0,39,10.59,"MADISON PARISH SHERIFF'S OFFICE                   ","Madison Parish Sheriff's Office"
"13",2022,"LA0300100","Jena",NA,"LA","West South Central","South","LA SALLE","City","Cities from 2,500 thru 9,999",3760,6,0,6,0,1,1,6,1,7,1.86,"JENA POLICE DEPARTMENT                            ","Jena Police Department"
"14",2022,"LA0100400","Vinton",NA,"LA","West South Central","South","CALCASIEU","City","Cities from 2,500 thru 9,999",2973,8,3,11,2,3,5,10,6,16,5.38,"VINTON POLICE DEPARTMENT                          ","Vinton Police Department"
"15",2022,"LA0370000","Ouachita",NA,"LA","West South Central","South","OUACHITA","County","MSA counties from 25,000 thru 99,999",91592,257,0,257,118,0,118,375,0,375,4.09,"OUACHITA PARISH SHERIFF'S OFFICE                  ","Ouachita Parish Sheriff's Office"
"16",2022,"LA0080400","Haughton",NA,"LA","West South Central","South","BOSSIER","City","Cities from 2,500 thru 9,999",4457,13,0,13,0,1,1,13,1,14,3.14,"HAUGHTON POLICE DEPARTMENT                        ","Haughton Police Department"
"17",2022,"LA0510200","Franklin",NA,"LA","West South Central","South","ST MARY","City","Cities from 2,500 thru 9,999",6408,16,0,16,10,2,12,26,2,28,4.37,"FRANKLIN POLICE DEPARTMENT                        ","Franklin Police Department"
"18",2022,"LA0610100","Port Allen",NA,"LA","West South Central","South","WEST BATON ROUGE","City","Cities from 2,500 thru 9,999",4984,14,0,14,1,1,2,15,1,16,3.21,"PORT ALLEN POLICE DEPARTMENT                      ","Port Allen Police Department"
"19",2022,"LA0510500","Baldwin",NA,"LA","West South Central","South","ST MARY","City","Cities under 2,500",1693,3,0,3,0,0,0,3,0,3,1.77,"BALDWIN POLICE DEPARTMENT                         ","Baldwin Police Department"
"20",2022,"LA0490200","Opelousas",NA,"LA","West South Central","South","ST LANDRY","City","Cities from 10,000 thru 24,999",15447,26,2,28,10,12,22,36,14,50,3.24,"OPELOUSAS POLICE DEPARTMENT                       ","Opelousas Police Department"
"21",2022,"LA0200200","Mamou",NA,"LA","West South Central","South","EVANGELINE","City","Cities from 2,500 thru 9,999",2867,6,1,7,0,4,4,6,5,11,3.84,"MAMOU POLICE DEPARTMENT                           ","Mamou Police Department"
"22",2022,"LA0240400","Grosse Tete",NA,"LA","West South Central","South","IBERVILLE","City","Cities under 2,500",526,1,0,1,0,1,1,1,1,2,3.8,"GROSSE TETE POLICE DEPT                           ","Grosse Tete Police Police Department"
"23",2022,"LA0220400","Georgetown",NA,"LA","West South Central","South","GRANT","City","Cities under 2,500",277,3,0,3,1,1,2,4,1,5,18.05,"GEORGETOWN POLICE DEPARTMENT                      ","Georgetown Police Department"
"24",2022,"LA0510000","St. Mary",NA,"LA","West South Central","South","ST MARY","County","Non-MSA counties from 10,000 thru 24,999",18012,11,0,11,3,0,3,14,0,14,0.78,"ST. MARY PARISH SHERIFF'S OFFICE                  ","St. Mary Parish Sheriff's Office"
"25",2022,"LA0050000","Avoyelles",NA,"LA","West South Central","South","AVOYELLES","County","Non-MSA counties from 25,000 thru 99,999",26182,24,27,51,3,54,57,27,81,108,4.12,"AVOYELLES PARISH SHERIFF'S OFFICE                 ","Avoyelles Parish Sheriff's Office"
"26",2022,"LA0260300","Kenner",NA,"LA","West South Central","South","JEFFERSON","City","Cities from 50,000 thru 99,999",64419,119,18,137,20,44,64,139,62,201,3.12,"KENNER POLICE DEPARTMENT                          ","Kenner Police Department"
"27",2022,"LA0200000","Evangeline",NA,"LA","West South Central","South","EVANGELINE","County","Non-MSA counties from 10,000 thru 24,999",21360,37,2,39,10,21,31,47,23,70,3.28,"EVANGELINE PARISH SHERIFF'S OFFICE                ","Evangeline Parish Sheriff's Office"
"28",2022,"LA0040000","Assumption",NA,"LA","West South Central","South","ASSUMPTION","County","MSA counties from 10,000 thru 24,999",20379,35,19,54,18,24,42,53,43,96,4.71,"ASSUMPTION PARISH SHERIFF'S OFFICE                ","Assumption Parish Sheriff's Office"
"29",2022,"LA0150200","Vidalia",NA,"LA","West South Central","South","CONCORDIA","City","Cities from 2,500 thru 9,999",3771,23,1,24,4,8,12,27,9,36,9.55,"VIDALIA POLICE DEPARTMENT                         ","Vidalia Police Department"
"30",2022,"LA0510600","Chitimacha Tribal",NA,"LA","West South Central","South","NOT SPECIFIED","Tribal","Cities under 2,500",0,5,0,5,6,2,8,11,2,13,NA,"CHITIMACHA TRIBAL POLICE DEPARTMENT               ","Chitimacha Tribal Police Department"
"31",2022,"LA0580000","Vernon",NA,"LA","West South Central","South","VERNON","County","Non-MSA counties from 25,000 thru 99,999",38021,46,21,67,6,38,44,52,59,111,2.92,"VERNON PARISH SHERIFF'S OFFICE                    ","Vernon Parish Sheriff's Office"
"32",2022,"LA0570500","Gueydan",NA,"LA","West South Central","South","VERMILION","City","Cities under 2,500",1124,5,0,5,0,0,0,5,0,5,4.45,"GUEYDAN POLICE DEPT                               ","Gueydan Police Police Department"
"33",2022,"LA0530900","Southeastern Louisiana University",NA,"LA","West South Central","South","TANGIPAHOA","University or College","Cities under 2,500",0,18,0,18,5,5,10,23,5,28,NA,"SOUTHEASTERN LOUISIANA UNIVERSITY POLICE          ","Southeastern Louisiana University Police"
"34",2022,"LA0530500","Independence",NA,"LA","West South Central","South","TANGIPAHOA","City","Cities under 2,500",1666,5,0,5,3,0,3,8,0,8,4.8,"INDEPENDENCE POLICE DEPARTMENT                    ","Independence Police Department"
"35",2022,"LA0400200","Pineville",NA,"LA","West South Central","South","RAPIDES","City","Cities from 10,000 thru 24,999",14407,52,1,53,12,7,19,64,8,72,5,"PINEVILLE POLICE DEPARTMENT                       ","Pineville Police Department"
"36",2022,"LA0450000","St. Charles",NA,"LA","West South Central","South","ST CHARLES","County","MSA counties from 25,000 thru 99,999",51995,192,8,200,56,96,152,248,104,352,6.77,"ST. CHARLES PARISH SHERIFF'S OFFICE               ","St. Charles Parish Sheriff's Office"
"37",2022,"LANPD0000","New Orleans",NA,"LA","West South Central","South","ORLEANS","City","Cities from 250,000 thru 499,999",370128,711,64,775,234,135,369,945,199,1144,3.09,"NEW ORLEANS POLICE DEPARTMENT                     ","New Orleans Police Department"
"38",2022,"LA0270200","Jennings",NA,"LA","West South Central","South","JEFFERSON DAVIS","City","Cities from 2,500 thru 9,999",9664,16,0,16,4,6,10,20,6,26,2.69,"JENNINGS POLICE DEPARTMENT                        ","Jennings Police Department"
"39",2022,"LA0310200","Ruston",NA,"LA","West South Central","South","LINCOLN","City","Cities from 10,000 thru 24,999",22435,30,1,31,5,11,16,35,12,47,2.09,"RUSTON POLICE DEPARTMENT                          ","Ruston Police Department"
"40",2022,"LA0130000","Catahoula",NA,"LA","West South Central","South","CATAHOULA","County","Non-MSA counties under 10,000",8736,19,8,27,3,11,14,22,19,41,4.69,"CATAHOULA PARISH SHERIFF'S OFFICE                 ","Catahoula Parish Sheriff's Office"
"41",2022,"LA0400100","Alexandria",NA,"LA","West South Central","South","RAPIDES","City","Cities from 25,000 thru 49,999",44349,101,3,104,13,29,42,114,32,146,3.29,"ALEXANDRIA POLICE DEPARTMENT                      ","Alexandria Police Department"
"42",2022,"LA0350000","Natchitoches",NA,"LA","West South Central","South","NATCHITOCHES","County","Non-MSA counties from 10,000 thru 24,999",19233,71,14,85,12,42,54,83,56,139,7.23,"NATCHITOCHES PARISH SHERIFF'S OFFICE              ","Natchitoches Parish Sheriff's Office"
"43",2022,"LA0370400","University of Louisiana:","Monroe","LA","West South Central","South","OUACHITA","University or College","Cities under 2,500",0,17,0,17,8,0,8,25,0,25,NA,"UNIVERSITY OF LOUISIANA - MONROE POLICE           ","University Of Louisiana - Monroe Police"
"44",2022,"LA0460100","Greensburg",NA,"LA","West South Central","South","ST HELENA","City","Cities under 2,500",637,5,0,5,0,0,0,5,0,5,7.85,"GREENSBURG POLICE DEPARTMENT                      ","Greensburg Police Department"
"45",2022,"LA036219E","Dillard University",NA,"LA","West South Central","South","ORLEANS","University or College","Cities under 2,500",0,9,5,14,2,4,6,11,9,20,NA,NA,"Dillard University"
"46",2022,"LA0590000","Washington",NA,"LA","West South Central","South","WASHINGTON","County","Non-MSA counties from 25,000 thru 99,999",30802,52,0,52,14,13,27,66,13,79,2.56,"WASHINGTON PARISH SHERIFF'S OFFICE                ","Washington Parish Sheriff's Office"
"47",2022,"LA0580200","New Llano",NA,"LA","West South Central","South","VERNON","City","Cities under 2,500",2056,4,0,4,0,4,4,4,4,8,3.89,"NEW LLANO POLICE DEPARTMENT                       ","New Llano Police Department"
"48",2022,"LA0340000","Morehouse",NA,"LA","West South Central","South","MOREHOUSE","County","MSA counties from 10,000 thru 24,999",15293,77,0,77,39,0,39,116,0,116,7.59,"MOREHOUSE PARISH SHERIFF'S OFFICE                 ","Morehouse Parish Sheriff's Office"
"49",2022,"LA0120000","Cameron",NA,"LA","West South Central","South","CAMERON","County","MSA counties under 10,000",4585,67,2,69,18,10,28,85,12,97,21.16,"CAMERON PARISH SHERIFF'S OFFICE                   ","Cameron Parish Sheriff's Office"
"50",2022,"LA0290000","Lafourche",NA,"LA","West South Central","South","LAFOURCHE","County","MSA counties from 25,000 thru 99,999",77976,150,7,157,83,40,123,233,47,280,3.59,"LAFOURCHE PARISH SHERIFF'S OFFICE                 ","Lafourche Parish Sheriff's Office"
"51",2022,"LA0280100","Broussard",NA,"LA","West South Central","South","LAFAYETTE, ST MARTIN","City","Cities from 10,000 thru 24,999",14103,32,0,32,2,3,5,34,3,37,2.62,"BROUSSARD POLICE DEPARTMENT                       ","Broussard Police Department"
"52",2022,"LA0020200","Oakdale",NA,"LA","West South Central","South","ALLEN","City","Cities from 2,500 thru 9,999",6954,9,0,9,2,5,7,11,5,16,2.3,"OAKDALE POLICE DEPARTMENT                         ","Oakdale Police Department"
"53",2022,"LA0491100","Palmetto",NA,"LA","West South Central","South","ST LANDRY","City","Cities under 2,500",95,1,0,1,0,1,1,1,1,2,21.05,"PALMETTO POLICE DEPARTMENT                        ","Palmetto Police Department"
"54",2022,"LA0280000","Lafayette",NA,"LA","West South Central","South","LAFAYETTE","County","MSA counties from 25,000 thru 99,999",71794,330,125,455,74,199,273,404,324,728,10.14,"LAFAYETTE PARISH SHERIFF'S OFFICE                 ","Lafayette Parish Sheriff's Office"
"55",2022,"LA0490400","Sunset",NA,"LA","West South Central","South","ST LANDRY","City","Cities from 2,500 thru 9,999",3087,6,0,6,1,6,7,7,6,13,4.21,"SUNSET POLICE DEPARTMENT                          ","Sunset Police Department"
"56",2022,"LA0500000","St. Martin",NA,"LA","West South Central","South","ST MARTIN","County","MSA counties from 25,000 thru 99,999",37559,66,46,112,29,55,84,95,101,196,5.22,"ST. MARTIN PARISH SHERIFF'S OFFICE                ","St. Martin Parish Sheriff's Office"
"57",2022,"LA0010000","Acadia",NA,"LA","West South Central","South","ACADIA","County","MSA counties from 25,000 thru 99,999",33913,55,10,65,11,26,37,66,36,102,3.01,"ACADIA PARISH SHERIFF'S OFFICE                    ","Acadia Parish Sheriff's Office"
"58",2022,"LA0320000","Livingston",NA,"LA","West South Central","South","LIVINGSTON","County","MSA counties 100,000 or over",129183,157,64,221,13,105,118,170,169,339,2.62,"LIVINGSTON PARISH SHERIFF'S OFFICE                ","Livingston Parish Sheriff's Office"
"59",2022,"LA0020000","Allen",NA,"LA","West South Central","South","ALLEN","County","Non-MSA counties from 10,000 thru 24,999",12273,24,51,75,2,47,49,26,98,124,10.1,"ALLEN PARISH SHERIFF'S OFFICE                     ","Allen Parish Sheriff's Office"
"60",2022,"LA0490000","St. Landry",NA,"LA","West South Central","South","ST LANDRY","County","Non-MSA counties from 25,000 thru 99,999",49823,104,13,117,44,51,95,148,64,212,4.26,"ST. LANDRY PARISH SHERIFF'S OFFICE                ","St. Landry Parish Sheriff's Office"
"61",2022,"LA0210000","Franklin",NA,"LA","West South Central","South","FRANKLIN","County","Non-MSA counties from 10,000 thru 24,999",19581,79,0,79,18,0,18,97,0,97,4.95,"FRANKLIN PARISH SHERIFF'S OFFICE                  ","Franklin Parish Sheriff's Office"
"62",2022,"LA0290500","Thibodaux",NA,"LA","West South Central","South","LAFOURCHE","City","Cities from 10,000 thru 24,999",15166,42,4,46,6,16,22,48,20,68,4.48,"THIBODAUX POLICE DEPARTMENT                       ","Thibodaux Police Department"
"63",2022,"LA0050800","Evergreen",NA,"LA","West South Central","South","AVOYELLES","City","Cities under 2,500",207,1,0,1,0,0,0,1,0,1,4.83,"EVERGREEN POLICE DEPT                             ","Evergreen Police Police Department"
"64",2022,"LA0320700","French Settlement",NA,"LA","West South Central","South","LIVINGSTON","City","Cities under 2,500",1129,4,0,4,0,0,0,4,0,4,3.54,"FRENCH SETTLEMENT POLICE DEPARTMENT               ","French Settlement Police Department"
"65",2022,"LA0190100","Clinton",NA,"LA","West South Central","South","EAST FELICIANA","City","Cities under 2,500",1342,13,0,13,8,0,8,21,0,21,15.65,"CLINTON POLICE DEPT.                              ","Clinton Police Police Department"
"66",2022,"LA0230200","Jeanerette",NA,"LA","West South Central","South","IBERIA","City","Cities from 2,500 thru 9,999",4655,3,0,3,1,5,6,4,5,9,1.93,"JEANERETTE POLICE DEPARTMENT                      ","Jeanerette Police Department"
"67",2022,"LA0080200","Benton",NA,"LA","West South Central","South","BOSSIER","City","Cities under 2,500",2061,9,0,9,0,1,1,9,1,10,4.85,"BENTON POLICE DEPARTMENT                          ","Benton Police Department"
"68",2022,"LA0070900","Ringgold",NA,"LA","West South Central","South","BIENVILLE","City","Cities under 2,500",1330,4,0,4,2,0,2,6,0,6,4.51,"RINGGOLD POLICE DEPARTMENT                        ","Ringgold Police Department"
"69",2022,"LA0310600","Grambling State University",NA,"LA","West South Central","South","LINCOLN","University or College","Cities under 2,500",0,12,1,13,2,8,10,14,9,23,NA,"GRAMBLING STATE UNIVERSITY POLICE DEPT.           ","Grambling State University Police Police Department"
"70",2022,"LA0530200","Kentwood",NA,"LA","West South Central","South","TANGIPAHOA","City","Cities under 2,500",2200,11,0,11,0,1,1,11,1,12,5.45,"KENTWOOD POLICE DEPARTMENT                        ","Kentwood Police Department"
"71",2022,"LA0560100","Farmerville",NA,"LA","West South Central","South","UNION","City","Cities from 2,500 thru 9,999",3308,8,0,8,4,0,4,12,0,12,3.63,"FARMERVILLE POLICE DEPARTMENT                     ","Farmerville Police Department"
"72",2022,"LA0010200","Rayne",NA,"LA","West South Central","South","ACADIA","City","Cities from 2,500 thru 9,999",7100,19,0,19,2,3,5,21,3,24,3.38,"RAYNE POLICE DEPARTMENT                           ","Rayne Police Department"
"73",2022,"LADI00500","Tunica-Biloxi Tribal",NA,"LA","West South Central","South","NOT SPECIFIED","Tribal","Cities under 2,500",0,11,0,11,2,1,3,13,1,14,NA,"TUNICA-BILOXI TRIBAL POLICE DEPARTMENT            ","Tunica-Biloxi Tribal Police Department"
"74",2022,"LA0050600","Moreauville",NA,"LA","West South Central","South","AVOYELLES","City","Cities under 2,500",948,3,0,3,1,1,2,4,1,5,5.27,"MOREAUVILLE POLICE DEPARTMENT                     ","Moreauville Police Department"
"75",2022,"LA0060200","Merryville",NA,"LA","West South Central","South","BEAUREGARD","City","Cities under 2,500",952,3,1,4,2,2,4,5,3,8,8.4,"MERRYVILLE POLICE DEPARTMENT                      ","Merryville Police Department"
"76",2022,"LA0240100","Maringouin",NA,"LA","West South Central","South","IBERVILLE","City","Cities under 2,500",819,4,0,4,1,1,2,5,1,6,7.33,"MARINGOUIN POLICE DEPARTMENT                      ","Maringouin Police Department"
"77",2022,"LA0150000","Concordia",NA,"LA","West South Central","South","CONCORDIA","County","Non-MSA counties from 10,000 thru 24,999",11322,20,0,20,3,0,3,23,0,23,2.03,"CONCORDIA PARISH SHERIFF'S OFFICE                 ","Concordia Parish Sheriff's Office"
"78",2022,"LA0550000","Terrebonne",NA,"LA","West South Central","South","TERREBONNE","County","MSA counties from 25,000 thru 99,999",75153,179,29,208,74,31,105,253,60,313,4.16,"TERREBONNE PARISH SHERIFF'S OFFICE                ","Terrebonne Parish Sheriff's Office"
"79",2022,"LA0060000","Beauregard",NA,"LA","West South Central","South","BEAUREGARD","County","Non-MSA counties from 25,000 thru 99,999",26344,85,32,117,21,6,27,106,38,144,5.47,"BEAUREGARD PARISH SHERIFF'S OFFICE                ","Beauregard Parish Sheriff's Office"
"80",2022,"LA0200300","Ville Platte",NA,"LA","West South Central","South","EVANGELINE","City","Cities from 2,500 thru 9,999",6387,10,0,10,2,1,3,12,1,13,2.04,"VILLE PLATTE POLICE DEPARTMENT                    ","Ville Platte Police Department"
"81",2022,"LA0100500","Westlake",NA,"LA","West South Central","South","CALCASIEU","City","Cities from 2,500 thru 9,999",4464,8,1,9,2,3,5,10,4,14,3.14,"WESTLAKE POLICE DEPARTMENT                        ","Westlake Police Department"
"82",2022,"LA0160100","Mansfield",NA,"LA","West South Central","South","DE SOTO","City","Cities from 2,500 thru 9,999",4472,11,0,11,5,5,10,16,5,21,4.7,"MANSFIELD POLICE DEPARTMENT                       ","Mansfield Police Department"
"83",2022,"LA0320100","Denham Springs",NA,"LA","West South Central","South","LIVINGSTON","City","Cities from 2,500 thru 9,999",9361,23,0,23,3,8,11,26,8,34,3.63,"DENHAM SPRINGS POLICE DEPARTMENT                  ","Denham Springs Police Department"
"84",2022,"LA0240000","Iberville",NA,"LA","West South Central","South","IBERVILLE","County","MSA counties from 10,000 thru 24,999",12925,77,20,97,5,35,40,82,55,137,10.6,"IBERVILLE PARISH SHERIFF'S OFFICE                 ","Iberville Parish Sheriff's Office"
"85",2022,"LA0320600","Port Vincent",NA,"LA","West South Central","South","LIVINGSTON","City","Cities under 2,500",677,3,0,3,0,0,0,3,0,3,4.43,"PORT VINCENT POLICE DEPT.                         ","Port Vincent Police Police Department"
"86",2022,"LA0520300","Mandeville",NA,"LA","West South Central","South","ST TAMMANY","City","Cities from 10,000 thru 24,999",13245,35,1,36,4,11,15,39,12,51,3.85,"MANDEVILLE POLICE DEPARTMENT                      ","Mandeville Police Department"
"87",2022,"LA0570200","Kaplan",NA,"LA","West South Central","South","VERMILION","City","Cities from 2,500 thru 9,999",4228,8,0,8,5,7,12,13,7,20,4.73,"KAPLAN POLICE DEPARTMENT                          ","Kaplan Police Department"
"88",2022,"LA0610200","Brusly",NA,"LA","West South Central","South","WEST BATON ROUGE","City","Cities from 2,500 thru 9,999",2598,6,0,6,1,0,1,7,0,7,2.69,"BRUSLY POLICE DEPARTMENT                          ","Brusly Police Department"
"89",2022,"LA0010100","Crowley",NA,"LA","West South Central","South","ACADIA","City","Cities from 10,000 thru 24,999",11464,24,0,24,5,6,11,29,6,35,3.05,"CROWLEY POLICE DEPARTMENT                         ","Crowley Police Department"
"90",2022,"LA0500100","Breaux Bridge",NA,"LA","West South Central","South","ST MARTIN","City","Cities from 2,500 thru 9,999",7564,14,0,14,5,1,6,19,1,20,2.64,"BREAUX BRIDGE POLICE DEPARTMENT                   ","Breaux Bridge Police Department"
"91",2022,"LA0200600","Chataignier",NA,"LA","West South Central","South","EVANGELINE","City","Cities under 2,500",262,5,0,5,0,1,1,5,1,6,22.9,"CHATAIGNIER POLICE DEPARTMENT                     ","Chataignier Police Department"
"92",2022,"LA0460000","St. Helena",NA,"LA","West South Central","South","ST HELENA","County","MSA counties from 10,000 thru 24,999",10078,25,2,27,19,0,19,44,2,46,4.56,"ST. HELENA PARISH SHERIFF'S OFFICE                ","St. Helena Parish Sheriff's Office"
"93",2022,"LA0080300","Plain Dealing",NA,"LA","West South Central","South","BOSSIER","City","Cities under 2,500",888,1,0,1,1,4,5,2,4,6,6.76,"PLAIN DEALING POLICE DEPARTMENT                   ","Plain Dealing Police Department"
"94",2022,"LA0610300","Addis",NA,"LA","West South Central","South","WEST BATON ROUGE","City","Cities from 2,500 thru 9,999",7438,14,0,14,0,1,1,14,1,15,2.02,"ADDIS POLICE DEPARTMENT                           ","Addis Police Department"
"95",2022,"LA0090000","Caddo",NA,"LA","West South Central","South","CADDO","County","MSA counties from 25,000 thru 99,999",43358,262,51,313,79,173,252,341,224,565,13.03,"CADDO PARISH SHERIFF'S OFFICE                     ","Caddo Parish Sheriff's Office"
"96",2022,"LA0250000","Jackson",NA,"LA","West South Central","South","JACKSON","County","Non-MSA counties under 10,000",9941,50,0,50,30,0,30,80,0,80,8.05,"JACKSON PARISH SHERIFF'S OFFICE                   ","Jackson Parish Sheriff's Office"
"97",2022,"LA0060100","De Ridder",NA,"LA","West South Central","South","BEAUREGARD, VERNON","City","Cities from 2,500 thru 9,999",9674,25,0,25,3,5,8,28,5,33,3.41,"DERIDDER POLICE DEPARTMENT                        ","Deridder Police Department"
"98",2022,"LA0070000","Bienville",NA,"LA","West South Central","South","BIENVILLE","County","Non-MSA counties from 10,000 thru 24,999",11302,33,10,43,3,19,22,36,29,65,5.75,"BIENVILLE PARISH SHERIFF'S OFFICE                 ","Bienville Parish Sheriff's Office"
"99",2022,"LA0550100","Houma",NA,"LA","West South Central","South","TERREBONNE","City","Cities from 25,000 thru 49,999",32762,72,0,72,12,18,30,84,18,102,3.11,"HOUMA POLICE DEPARTMENT                           ","Houma Police Department"
"100",2022,"LA0490300","Arnaudville",NA,"LA","West South Central","South","ST LANDRY, ST MARTIN","City","Cities under 2,500",999,5,1,6,1,3,4,6,4,10,10.01,"ARNAUDVILLE POLICE DEPARTMENT                     ","Arnaudville Police Department"
"101",2022,"LA0090800","Ida",NA,"LA","West South Central","South","CADDO","City","Cities under 2,500",212,1,0,1,0,0,0,1,0,1,4.72,"IDA POLICE DEPARTMENT                             ","Ida Police Department"
"102",2022,"LA0280400","Duson",NA,"LA","West South Central","South","ACADIA, LAFAYETTE","City","Cities under 2,500",1296,7,0,7,0,0,0,7,0,7,5.4,"DUSON POLICE DEPARTMENT                           ","Duson Police Department"
"103",2022,"LA0500200","St. Martinville",NA,"LA","West South Central","South","ST MARTIN","City","Cities from 2,500 thru 9,999",5402,16,0,16,2,4,6,18,4,22,4.07,"ST. MARTINVILLE POLICE DEPARTMENT                 ","St. Martinville Police Department"
"104",2022,"LA0190300","Wilson",NA,"LA","West South Central","South","EAST FELICIANA","City","Cities under 2,500",354,2,4,6,3,1,4,5,5,10,28.25,"WILSON POLICE DEPT                                ","Wilson Police Police Department"
"105",2022,"LA0240300","White Castle",NA,"LA","West South Central","South","IBERVILLE","City","Cities under 2,500",1595,13,1,14,5,3,8,18,4,22,13.79,"WHITE CASTLE POLICE DEPARTMENT                    ","White Castle Police Department"
"106",2022,"LA0100300","Sulphur",NA,"LA","West South Central","South","CALCASIEU","City","Cities from 10,000 thru 24,999",19581,33,6,39,6,11,17,39,17,56,2.86,"SULPHUR POLICE DEPARTMENT                         ","Sulphur Police Department"
"107",2022,"LA0400000","Rapides",NA,"LA","West South Central","South","RAPIDES","County","MSA counties from 25,000 thru 99,999",63191,347,21,368,55,96,151,402,117,519,8.21,"RAPIDES PARISH SHERIFF'S OFFICE                   ","Rapides Parish Sheriff's Office"
"108",2022,"LA0400700","Woodworth",NA,"LA","West South Central","South","RAPIDES","City","Cities under 2,500",1698,6,0,6,1,2,3,7,2,9,5.3,"WOODWORTH POLICE DEPARTMENT                       ","Woodworth Police Department"
"109",2022,"LA0180100","Lake Providence",NA,"LA","West South Central","South","EAST CARROLL","City","Cities from 2,500 thru 9,999",3661,6,4,10,2,3,5,8,7,15,4.1,"LAKE PROVIDENCE POLICE DEPARTMENT                 ","Lake Providence Police Department"
"110",2022,"LA0050300","Simmesport",NA,"LA","West South Central","South","AVOYELLES","City","Cities under 2,500",1425,4,0,4,0,0,0,4,0,4,2.81,"SIMMESPORT POLICE DEPT.                           ","Simmesport Police Police Department"
"111",2022,"LA0580100","Leesville",NA,"LA","West South Central","South","VERNON","City","Cities from 2,500 thru 9,999",5382,11,0,11,6,7,13,17,7,24,4.46,"LEESVILLE POLICE DEPARTMENT                       ","Leesville Police Department"
"112",2022,"LA0020300","Oberlin",NA,"LA","West South Central","South","ALLEN","City","Cities under 2,500",1343,5,0,5,0,2,2,5,2,7,5.21,"OBERLIN POLICE DEPARTMENT                         ","Oberlin Police Department"
"113",2022,"LA0310700","Louisiana Tech University",NA,"LA","West South Central","South","LINCOLN","University or College","Cities under 2,500",0,17,0,17,1,2,3,18,2,20,NA,"LOUISIANA TECH UNIVERSITY POLICE                  ","Louisiana Tech University Police"
"114",2022,"LA0150100","Ferriday",NA,"LA","West South Central","South","CONCORDIA","City","Cities from 2,500 thru 9,999",3041,8,1,9,3,4,7,11,5,16,5.26,"FERRIDAY POLICE DEPARTMENT                        ","Ferriday Police Department"
"115",2022,"LA0370900","Tensas Basin Levee District",NA,"LA","West South Central","South","OUACHITA","Other State Agency","Cities under 2,500",0,2,0,2,0,1,1,2,1,3,NA,"TENSAS BASIN LEVEE DISTRICT POLICE                ","Tensas Basin Levee District Police"
"116",2022,"LA0361200","Southern University and A&M College:","New Orleans","LA","West South Central","South","ORLEANS","University or College","Cities under 2,500",0,9,0,9,4,0,4,13,0,13,NA,"SOUTHERN UNIV PD NEW ORLEANS                      ","Southern Univ Police Department New Orleans"
"117",2022,"LA0100800","McNeese State University",NA,"LA","West South Central","South","CALCASIEU","University or College","Cities under 2,500",0,4,2,6,2,4,6,6,6,12,NA,"MCNEESE STATE UNIVERSITY POLICE                   ","Mcneese State University Police"
"118",2022,"LA0570100","Abbeville",NA,"LA","West South Central","South","VERMILION","City","Cities from 10,000 thru 24,999",10968,15,1,16,5,4,9,20,5,25,2.28,"ABBEVILLE POLICE DEPARTMENT                       ","Abbeville Police Department"
"119",2022,"LA0310000","Lincoln",NA,"LA","West South Central","South","LINCOLN","County","Non-MSA counties from 10,000 thru 24,999",18781,2,0,2,0,0,0,2,0,2,0.11,"LINCOLN PARISH SHERIFF'S OFFICE                   ","Lincoln Parish Sheriff's Office"
"120",2022,"LA0300000","La Salle",NA,"LA","West South Central","South","LA SALLE","County","Non-MSA counties under 10,000",9677,22,15,37,3,25,28,25,40,65,6.72,"LA SALLE PARISH SHERIFF'S OFFICE                  ","La Salle Parish Sheriff's Office"
"121",2022,"LA0280600","Scott",NA,"LA","West South Central","South","LAFAYETTE","City","Cities from 2,500 thru 9,999",8111,25,0,25,0,2,2,25,2,27,3.33,"SCOTT POLICE DEPARTMENT                           ","Scott Police Department"
"122",2022,"LA0330100","Tallulah",NA,"LA","West South Central","South","MADISON","City","Cities from 2,500 thru 9,999",5975,3,6,9,0,1,1,3,7,10,1.67,"TALLULAH POLICE DEPT.                             ","Tallulah Police Police Department"
"123",2022,"LA0510300","Morgan City",NA,"LA","West South Central","South","ST MARY","City","Cities from 10,000 thru 24,999",10909,29,2,31,14,2,16,43,4,47,4.31,"MORGAN CITY POLICE DEPARTMENT                     ","Morgan City Police Department"
"124",2022,"LA0530600","Roseland",NA,"LA","West South Central","South","TANGIPAHOA","City","Cities under 2,500",903,3,0,3,0,1,1,3,1,4,4.43,"ROSELAND POLICE DEPARTMENT                        ","Roseland Police Department"
"125",2022,"LA0090400","Blanchard",NA,"LA","West South Central","South","CADDO","City","Cities from 2,500 thru 9,999",3383,8,0,8,0,1,1,8,1,9,2.66,"BLANCHARD POLICE DEPARTMENT                       ","Blanchard Police Department"
"126",2022,"LA0080000","Bossier",NA,"LA","West South Central","South","BOSSIER","County","MSA counties from 25,000 thru 99,999",56113,266,35,301,38,50,88,304,85,389,6.93,"BOSSIER PARISH SHERIFF'S OFFICE                   ","Bossier Parish Sheriff's Office"
"127",2022,"LA0090100","Shreveport",NA,"LA","West South Central","South","BOSSIER, CADDO","City","Cities from 100,000 thru 249,999",180763,344,13,357,112,51,163,456,64,520,2.88,"SHREVEPORT POLICE DEPARTMENT                      ","Shreveport Police Department"
"128",2022,"LADI00600","Coushatta Tribal",NA,"LA","West South Central","South","NOT SPECIFIED","Tribal","Cities under 2,500",0,14,0,14,2,7,9,16,7,23,NA,"COUSHATTA TRIBAL POLICE DEPARTMENT                ","Coushatta Tribal Police Department"
"129",2022,"LA0500300","Parks",NA,"LA","West South Central","South","ST MARTIN","City","Cities under 2,500",634,4,0,4,1,0,1,5,0,5,7.89,"PARKS POLICE DEPARTMENT                           ","Parks Police Department"
"130",2022,"LA0220500","Pollock",NA,"LA","West South Central","South","GRANT","City","Cities under 2,500",399,2,0,2,2,1,3,4,1,5,12.53,"POLLOCK POLICE DEPARTMENT                         ","Pollock Police Department"
"131",2022,"LA0190500","Norwood",NA,"LA","West South Central","South","EAST FELICIANA","City","Cities under 2,500",279,3,0,3,0,2,2,3,2,5,17.92,"NORWOOD POLICE DEPT                               ","Norwood Police Police Department"
"132",2022,"LA0091000","Greenwood",NA,"LA","West South Central","South","CADDO","City","Cities from 2,500 thru 9,999",3077,9,0,9,0,1,1,9,1,10,3.25,"GREENWOOD POLICE DEPARTMENT                       ","Greenwood Police Department"
"133",2022,"LA0200100","Basile",NA,"LA","West South Central","South","EVANGELINE","City","Cities under 2,500",1192,5,0,5,1,0,1,6,0,6,5.03,"BASILE POLICE DEPARTMENT                          ","Basile Police Department"
"134",2022,"LA0170300","Zachary",NA,"LA","West South Central","South","EAST BATON ROUGE","City","Cities from 10,000 thru 24,999",20344,36,1,37,7,5,12,43,6,49,2.41,"ZACHARY POLICE DEPARTMENT                         ","Zachary Police Department"
"135",2022,"LA0010300","Church Point",NA,"LA","West South Central","South","ACADIA","City","Cities from 2,500 thru 9,999",4106,7,0,7,7,0,7,14,0,14,3.41,"CHURCH POINT POLICE DEPARTMENT                    ","Church Point Police Department"
"136",2022,"LA0490800","Krotz Springs",NA,"LA","West South Central","South","ST LANDRY","City","Cities under 2,500",894,3,0,3,2,3,5,5,3,8,8.95,"KROTZ SPRINGS POLICE DEPARTMENT                   ","Krotz Springs Police Department"
"137",2022,"LA0100700","Iowa",NA,"LA","West South Central","South","CALCASIEU","City","Cities from 2,500 thru 9,999",2972,12,0,12,4,4,8,16,4,20,6.73,"IOWA POLICE DEPARTMENT                            ","Iowa Police Department"
"138",2022,"LA0530400","Amite",NA,"LA","West South Central","South","TANGIPAHOA","City","Cities from 2,500 thru 9,999",3829,16,0,16,3,5,8,19,5,24,6.27,"AMITE POLICE DEPARTMENT                           ","Amite Police Department"
"139",2022,"LA0090300","Oil City",NA,"LA","West South Central","South","CADDO","City","Cities under 2,500",864,1,0,1,2,0,2,3,0,3,3.47,"OIL CITY POLICE DEPARTMENT                        ","Oil City Police Department"
"140",2022,"LA0230300","New Iberia",NA,"LA","West South Central","South","IBERIA","City","Cities from 25,000 thru 49,999",27571,41,1,42,10,12,22,51,13,64,2.32,"NEW IBERIA PD                                     ","New Iberia Police Department"
"141",2022,"LA0280300","Lafayette",NA,"LA","West South Central","South","LAFAYETTE","City","Cities from 100,000 thru 249,999",121546,240,5,245,35,40,75,275,45,320,2.63,"LAFAYETTE POLICE DEPARTMENT                       ","Lafayette Police Department"
"142",2022,"LA0270300","Lake Arthur",NA,"LA","West South Central","South","JEFFERSON DAVIS","City","Cities from 2,500 thru 9,999",2648,6,0,6,3,1,4,9,1,10,3.78,"LAKE ARTHUR POLICE DEPARTMENT                     ","Lake Arthur Police Department"
"143",2022,"LA0510400","Patterson",NA,"LA","West South Central","South","ST MARY","City","Cities from 2,500 thru 9,999",5681,14,0,14,11,0,11,25,0,25,4.4,"PATTERSON POLICE DEPARTMENT                       ","Patterson Police Department"
"144",2022,"LA0170000","East Baton Rouge",NA,"LA","West South Central","South","EAST BATON ROUGE","County","MSA counties 100,000 or over",197399,477,17,494,164,121,285,641,138,779,3.95,"EAST BATON ROUGE PARISH SHERIFF'S OFFICE          ","East Baton Rouge Parish Sheriff's Office"
"145",2022,"LA0260400","Westwego",NA,"LA","West South Central","South","JEFFERSON","City","Cities from 2,500 thru 9,999",8266,30,1,31,6,0,6,36,1,37,4.48,"WESTWEGO POLICE DEPARTMENT                        ","Westwego Police Department"
"146",2022,"LA0230000","Iberia",NA,"LA","West South Central","South","IBERIA","County","MSA counties from 25,000 thru 99,999",35464,62,16,78,31,39,70,93,55,148,4.17,"IBERIA PARISH SHERIFF'S OFFICE                    ","Iberia Parish Sheriff's Office"
"147",2022,"LA0080600","Louisiana State University:","Shreveport","LA","West South Central","South","BOSSIER","University or College","Cities under 2,500",0,7,0,7,0,0,0,7,0,7,NA,"LOUISIANA STATE UNIVERSITY - SHREVEPORT POLICE    ","Louisiana State University - Shreveport Police"
"148",2022,"LA0570400","Erath",NA,"LA","West South Central","South","VERMILION","City","Cities under 2,500",2002,7,0,7,1,4,5,8,4,12,5.99,"ERATH POLICE DEPARTMENT                           ","Erath Police Department"
"149",2022,"LA0420000","Richland",NA,"LA","West South Central","South","RICHLAND","County","Non-MSA counties from 10,000 thru 24,999",16352,86,7,93,35,18,53,121,25,146,8.93,"RICHLAND PARISH SHERIFF'S OFFICE                  ","Richland Parish Sheriff's Office"
"150",2022,"LA0140100","Haynesville",NA,"LA","West South Central","South","CLAIBORNE","City","Cities under 2,500",1884,8,0,8,0,1,1,8,1,9,4.78,"HAYNESVILLE POLICE DEPT                           ","Haynesville Police Police Department"
"151",2022,"LA0100100","De Quincy",NA,"LA","West South Central","South","CALCASIEU","City","Cities from 2,500 thru 9,999",2758,12,1,13,1,3,4,13,4,17,6.16,"DEQUINCY POLICE DEPARTMENT                        ","Dequincy Police Department"
"152",2022,"LA0170200","Baton Rouge",NA,"LA","West South Central","South","EAST BATON ROUGE","City","Cities from 100,000 thru 249,999",219913,513,12,525,64,223,287,577,235,812,3.69,"BATON ROUGE POLICE DEPARTMENT                     ","Baton Rouge Police Department"
"153",2022,"LA0260200","Harahan",NA,"LA","West South Central","South","JEFFERSON","City","Cities from 2,500 thru 9,999",8827,23,0,23,5,3,8,28,3,31,3.51,"HARAHAN POLICE DEPARTMENT                         ","Harahan Police Department"
"154",2022,"LA0470100","Lutcher",NA,"LA","West South Central","South","ST JAMES","City","Cities from 2,500 thru 9,999",2966,3,0,3,0,1,1,3,1,4,1.35,"LUTCHER POLICE DEPARTMENT                         ","Lutcher Police Department"
"155",2022,"LA0050400","Cottonport",NA,"LA","West South Central","South","AVOYELLES","City","Cities under 2,500",1954,4,0,4,2,0,2,6,0,6,3.07,"COTTONPORT POLICE DEPARTMENT                      ","Cottonport Police Department"
"156",2022,"LA0520000","St. Tammany",NA,"LA","West South Central","South","ST TAMMANY","County","MSA counties 100,000 or over",216506,415,8,423,216,11,227,631,19,650,3,"ST. TAMMANY PARISH SHERIFF'S OFFICE               ","St. Tammany Parish Sheriff's Office"
"157",2022,"LA0570300","Delcambre",NA,"LA","West South Central","South","IBERIA, VERMILION","City","Cities under 2,500",1770,5,0,5,0,1,1,5,1,6,3.39,"DELCAMBRE POLICE DEPARTMENT                       ","Delcambre Police Department"
"158",2022,"LA0620000","West Carroll",NA,"LA","West South Central","South","WEST CARROLL","County","Non-MSA counties under 10,000",7561,8,4,12,1,5,6,9,9,18,2.38,"WEST CARROLL PARISH SHERIFF'S OFFICE              ","West Carroll Parish Sheriff's Office"
"159",2022,"LA0030000","Ascension",NA,"LA","West South Central","South","ASCENSION","County","MSA counties 100,000 or over",116677,201,28,229,20,90,110,221,118,339,2.91,"ASCENSION PARISH SHERIFF'S OFFICE                 ","Ascension Parish Sheriff's Office"
"160",2022,"LA0260100","Gretna",NA,"LA","West South Central","South","JEFFERSON","City","Cities from 10,000 thru 24,999",17358,75,11,86,23,26,49,98,37,135,7.78,"GRETNA POLICE DEPARTMENT                          ","Gretna Police Department"
"161",2022,"LA0080100","Bossier City",NA,"LA","West South Central","South","BOSSIER","City","Cities from 50,000 thru 99,999",63078,137,3,140,20,33,53,157,36,193,3.06,"BOSSIER CITY POLICE DEPT                          ","Bossier City Police Police Department"
"162",2022,"LA0360200","Delgado Community College",NA,"LA","West South Central","South","ORLEANS","University or College","Cities under 2,500",0,21,3,24,7,5,12,28,8,36,NA,"DELGADO COMMUNITY COLLEGE POLICE                  ","Delgado Community College Police"
"163",2022,"LA0050200","Marksville",NA,"LA","West South Central","South","AVOYELLES","City","Cities from 2,500 thru 9,999",4843,11,1,12,2,5,7,13,6,19,3.92,"MARKSVILLE POLICE DEPARTMENT                      ","Marksville Police Department"
"164",2022,"LA0240500","Rosedale",NA,"LA","West South Central","South","IBERVILLE","City","Cities under 2,500",618,5,2,7,0,2,2,5,4,9,14.56,"ROSEDALE POLICE DEPT                              ","Rosedale Police Police Department"
"165",2022,"LA0530800","Tickfaw",NA,"LA","West South Central","South","TANGIPAHOA","City","Cities under 2,500",651,5,0,5,1,0,1,6,0,6,9.22,"TICKFAW POLICE DEPARTMENT                         ","Tickfaw Police Department"
"166",2022,"LA0570000","Vermilion",NA,"LA","West South Central","South","VERMILION","County","MSA counties from 25,000 thru 99,999",37355,95,4,99,15,20,35,110,24,134,3.59,"VERMILION PARISH SHERIFF'S OFFICE                 ","Vermilion Parish Sheriff's Office"
"167",2022,"LA0620100","Oak Grove",NA,"LA","West South Central","South","WEST CARROLL","City","Cities under 2,500",1580,1,0,1,5,0,5,6,0,6,3.8,"OAK GROVE POLICE DEPARTMENT                       ","Oak Grove Police Department"
"168",2022,"LA0340100","Bastrop",NA,"LA","West South Central","South","MOREHOUSE","City","Cities from 2,500 thru 9,999",9291,8,0,8,7,0,7,15,0,15,1.61,"BASTROP POLICE DEPARTMENT                         ","Bastrop Police Department"
"169",2022,"LA0290300","Lockport",NA,"LA","West South Central","South","LAFOURCHE","City","Cities under 2,500",2469,5,1,6,0,2,2,5,3,8,3.24,"LOCKPORT POLICE DEPARTMENT                        ","Lockport Police Department"
"170",2022,"LA0280200","Carencro",NA,"LA","West South Central","South","LAFAYETTE","City","Cities from 10,000 thru 24,999",12505,31,0,31,4,2,6,35,2,37,2.96,"CARENCRO POLICE DEPARTMENT                        ","Carencro Police Department"
"171",2022,"LA0280500","Youngsville",NA,"LA","West South Central","South","LAFAYETTE","City","Cities from 10,000 thru 24,999",16985,29,0,29,6,5,11,35,5,40,2.36,"YOUNGSVILLE POLICE DEPARTMENT                     ","Youngsville Police Department"
"172",2022,"LA0240200","Plaquemine",NA,"LA","West South Central","South","IBERVILLE","City","Cities from 2,500 thru 9,999",5804,16,2,18,5,7,12,21,9,30,5.17,"PLAQUEMINE POLICE DEPARTMENT                      ","Plaquemine Police Department"
"173",2022,"LA0600000","Webster",NA,"LA","West South Central","South","WEBSTER","County","Non-MSA counties from 10,000 thru 24,999",17120,14,0,14,5,0,5,19,0,19,1.11,"WEBSTER PARISH SHERIFF'S OFFICE                   ","Webster Parish Sheriff's Office"
"174",2022,"LA0370200","West Monroe",NA,"LA","West South Central","South","OUACHITA","City","Cities from 10,000 thru 24,999",12680,46,2,48,4,10,14,50,12,62,4.89,"WEST MONROE POLICE DEPARTMENT                     ","West Monroe Police Department"
"175",2022,"LA0520700","Folsom",NA,"LA","West South Central","South","ST TAMMANY","City","Cities under 2,500",788,3,0,3,1,1,2,4,1,5,6.35,"FOLSOM POLICE DEPARTMENT                          ","Folsom Police Department"
"176",2021,"LA0490800","Krotz Springs",NA,"LA","West South Central","South","ST LANDRY","City","Cities under 2,500",1153,3,0,3,2,3,5,5,3,8,6.94,"KROTZ SPRINGS POLICE DEPARTMENT                   ","Krotz Springs Police Department"
"177",2021,"LA0620200","Epps",NA,"LA","West South Central","South","WEST CARROLL","City","Cities under 2,500",805,1,0,1,0,0,0,1,0,1,1.24,"EPPS POLICE DEPARTMENT                            ","Epps Police Department"
"178",2021,"LA0390300","Livonia",NA,"LA","West South Central","South","POINTE COUPEE","City","Cities under 2,500",1394,5,0,5,0,2,2,5,2,7,5.02,"LIVONIA POLICE DEPARTMENT                         ","Livonia Police Department"
"179",2021,"LA0120000","Cameron",NA,"LA","West South Central","South","CAMERON","County","MSA counties under 10,000",6963,64,2,66,18,9,27,82,11,93,13.36,"CAMERON PARISH SHERIFF'S OFFICE                   ","Cameron Parish Sheriff's Office"
"180",2021,"LA0220200","Montgomery",NA,"LA","West South Central","South","GRANT","City","Cities under 2,500",715,1,4,5,1,2,3,2,6,8,11.19,"MONTGOMERY POLICE DEPARTMENT                      ","Montgomery Police Department"
"181",2021,"LA0150200","Vidalia",NA,"LA","West South Central","South","CONCORDIA","City","Cities from 2,500 thru 9,999",3611,21,0,21,4,0,4,25,0,25,6.92,"VIDALIA POLICE DEPARTMENT                         ","Vidalia Police Department"
"182",2021,"LA0200000","Evangeline",NA,"LA","West South Central","South","EVANGELINE","County","Non-MSA counties from 10,000 thru 24,999",20762,26,9,35,5,15,20,31,24,55,2.65,"EVANGELINE PARISH SHERIFF'S OFFICE                ","Evangeline Parish Sheriff's Office"
"183",2021,"LA0270000","Jefferson Davis",NA,"LA","West South Central","South","JEFFERSON DAVIS","County","Non-MSA counties from 10,000 thru 24,999",15426,64,0,64,31,0,31,95,0,95,6.16,"JEFFERSON DAVIS PARISH SHERIFF'S OFFICE           ","Jefferson Davis Parish Sheriff's Office"
"184",2021,"LA0180000","East Carroll",NA,"LA","West South Central","South","EAST CARROLL","County","Non-MSA counties under 10,000",3155,15,8,23,1,23,24,16,31,47,14.9,"EAST CARROLL PARISH SHERIFF'S OFFICE              ","East Carroll Parish Sheriff's Office"
"185",2021,"LA0080600","Louisiana State University:","Shreveport","LA","West South Central","South","BOSSIER","University or College","Cities under 2,500",0,7,0,7,0,1,1,7,1,8,NA,"LOUISIANA STATE UNIVERSITY - SHREVEPORT POLICE    ","Louisiana State University - Shreveport Police"
"186",2021,"LA0600900","Heflin",NA,"LA","West South Central","South","WEBSTER","City","Cities under 2,500",222,1,0,1,0,0,0,1,0,1,4.5,"HEFLIN POLICE DEPARTMENT                          ","Heflin Police Department"
"187",2021,"LA0330000","Madison",NA,"LA","West South Central","South","MADISON","County","Non-MSA counties under 10,000",4042,27,0,27,1,8,9,28,8,36,8.91,"MADISON PARISH SHERIFF'S OFFICE                   ","Madison Parish Sheriff's Office"
"188",2021,"LA0310300","Grambling",NA,"LA","West South Central","South","LINCOLN","City","Cities from 2,500 thru 9,999",5125,8,0,8,2,6,8,10,6,16,3.12,"GRAMBLING POLICE DEPARTMENT                       ","Grambling Police Department"
"189",2021,"LA0170000","East Baton Rouge",NA,"LA","West South Central","South","EAST BATON ROUGE","County","MSA counties 100,000 or over",186728,529,19,548,166,111,277,695,130,825,4.42,"EAST BATON ROUGE PARISH SHERIFF'S OFFICE          ","East Baton Rouge Parish Sheriff's Office"
"190",2021,"LA0230000","Iberia",NA,"LA","West South Central","South","IBERIA","County","MSA counties from 25,000 thru 99,999",34848,65,34,99,30,37,67,95,71,166,4.76,"IBERIA PARISH SHERIFF'S OFFICE                    ","Iberia Parish Sheriff's Office"
"191",2021,"LA0560200","Bernice",NA,"LA","West South Central","South","UNION","City","Cities under 2,500",1580,3,0,3,0,0,0,3,0,3,1.9,"BERNICE POLICE DEPARTMENT                         ","Bernice Police Department"
"192",2021,"LA0240300","White Castle",NA,"LA","West South Central","South","IBERVILLE","City","Cities under 2,500",1618,27,1,28,2,4,6,29,5,34,21.01,"WHITE CASTLE POLICE DEPARTMENT                    ","White Castle Police Department"
"193",2021,"LA0160000","De Soto",NA,"LA","West South Central","South","DE SOTO","County","MSA counties from 10,000 thru 24,999",23009,90,7,97,21,39,60,111,46,157,6.82,"DE SOTO PARISH SHERIFF'S OFFICE                   ","De Soto Parish Sheriff's Office"
"194",2021,"LA0310200","Ruston",NA,"LA","West South Central","South","LINCOLN","City","Cities from 10,000 thru 24,999",21888,30,1,31,4,12,16,34,13,47,2.15,"RUSTON POLICE DEPARTMENT                          ","Ruston Police Department"
"195",2021,"LA0410100","Coushatta",NA,"LA","West South Central","South","RED RIVER","City","Cities under 2,500",1691,5,0,5,1,1,2,6,1,7,4.14,"COUSHATTA POLICE DEPARTMENT                       ","Coushatta Police Department"
"196",2021,"LA0400100","Alexandria",NA,"LA","West South Central","South","RAPIDES","City","Cities from 25,000 thru 49,999",45343,98,3,101,17,29,46,115,32,147,3.24,"ALEXANDRIA POLICE DEPARTMENT                      ","Alexandria Police Department"
"197",2021,"LA0570400","Erath",NA,"LA","West South Central","South","VERMILION","City","Cities under 2,500",2022,6,0,6,1,4,5,7,4,11,5.44,"ERATH POLICE DEPARTMENT                           ","Erath Police Department"
"198",2021,"LA0260400","Westwego",NA,"LA","West South Central","South","JEFFERSON","City","Cities from 2,500 thru 9,999",8274,30,1,31,7,2,9,37,3,40,4.83,"WESTWEGO POLICE DEPARTMENT                        ","Westwego Police Department"
"199",2021,"LA0171101","Department of Public Safety, Baton Rouge",NA,"LA","West South Central","South","EAST BATON ROUGE","Other State Agency","Cities under 2,500",0,36,0,36,6,1,7,42,1,43,NA,NA,"Department of Public Safety, Baton Rouge"
"200",2021,"LA0030200","Gonzales",NA,"LA","West South Central","South","ASCENSION","City","Cities from 10,000 thru 24,999",11399,41,0,41,2,5,7,43,5,48,4.21,"GONZALES POLICE DEPARTMENT                        ","Gonzales Police Department"
"201",2021,"LA0240600","St. Gabriel",NA,"LA","West South Central","South","IBERVILLE","City","Cities from 2,500 thru 9,999",7612,11,0,11,1,7,8,12,7,19,2.5,"ST. GABRIEL POLICE DEPARTMENT                     ","St. Gabriel Police Department"
"202",2021,"LA0510300","Morgan City",NA,"LA","West South Central","South","ST MARY","City","Cities from 10,000 thru 24,999",10343,29,3,32,11,5,16,40,8,48,4.64,"MORGAN CITY POLICE DEPARTMENT                     ","Morgan City Police Department"
"203",2021,"LA0140000","Claiborne",NA,"LA","West South Central","South","CLAIBORNE","County","Non-MSA counties from 10,000 thru 24,999",13272,20,10,30,12,19,31,32,29,61,4.6,"CLAIBORNE PARISH SHERIFF'S OFFICE                 ","Claiborne Parish Sheriff's Office"
"204",2021,"LA0080000","Bossier",NA,"LA","West South Central","South","BOSSIER","County","MSA counties from 25,000 thru 99,999",49785,270,27,297,45,51,96,315,78,393,7.89,"BOSSIER PARISH SHERIFF'S OFFICE                   ","Bossier Parish Sheriff's Office"
"205",2021,"LA0480000","St. John the Baptist",NA,"LA","West South Central","South","ST JOHN THE BAPTIST","County","MSA counties from 25,000 thru 99,999",41922,140,0,140,38,0,38,178,0,178,4.25,"ST. JOHN THE BAPTIST PARISH SHERIFF'S OFFICE      ","St. John The Baptist Parish Sheriff's Office"
"206",2021,"LA0270400","Welsh",NA,"LA","West South Central","South","JEFFERSON DAVIS","City","Cities from 2,500 thru 9,999",3192,6,1,7,2,3,5,8,4,12,3.76,"WELSH POLICE DEPARTMENT                           ","Welsh Police Department"
"207",2021,"LA0630000","West Feliciana",NA,"LA","West South Central","South","WEST FELICIANA","County","MSA counties from 10,000 thru 24,999",15338,20,30,50,3,25,28,23,55,78,5.09,"WEST FELICIANA PARISH SHERIFF'S OFFICE            ","West Feliciana Parish Sheriff's Office"
"208",2021,"LA0260300","Kenner",NA,"LA","West South Central","South","JEFFERSON","City","Cities from 50,000 thru 99,999",66250,120,21,141,20,42,62,140,63,203,3.06,"KENNER POLICE DEPARTMENT                          ","Kenner Police Department"
"209",2021,"LA0530000","Tangipahoa",NA,"LA","West South Central","South","TANGIPAHOA","County","MSA counties from 25,000 thru 99,999",96303,84,63,147,20,65,85,104,128,232,2.41,"TANGIPAHOA PARISH SHERIFF'S OFFICE                ","Tangipahoa Parish Sheriff's Office"
"210",2021,"LA0530900","Southeastern Louisiana University",NA,"LA","West South Central","South","TANGIPAHOA","University or College","Cities under 2,500",0,18,1,19,2,6,8,20,7,27,NA,"SOUTHEASTERN LOUISIANA UNIVERSITY POLICE          ","Southeastern Louisiana University Police"
"211",2021,"LA0510600","Chitimacha Tribal",NA,"LA","West South Central","South","NOT SPECIFIED","Tribal","Cities under 2,500",0,8,0,8,6,2,8,14,2,16,NA,"CHITIMACHA TRIBAL POLICE DEPARTMENT               ","Chitimacha Tribal Police Department"
"212",2021,"LA0580000","Vernon",NA,"LA","West South Central","South","VERNON","County","Non-MSA counties from 25,000 thru 99,999",37549,48,26,74,6,33,39,54,59,113,3.01,"VERNON PARISH SHERIFF'S OFFICE                    ","Vernon Parish Sheriff's Office"
"213",2021,"LA0530500","Independence",NA,"LA","West South Central","South","TANGIPAHOA","City","Cities under 2,500",1935,4,0,4,3,0,3,7,0,7,3.62,"INDEPENDENCE POLICE DEPARTMENT                    ","Independence Police Department"
"214",2021,"LA0100400","Vinton",NA,"LA","West South Central","South","CALCASIEU","City","Cities from 2,500 thru 9,999",3192,9,1,10,1,4,5,10,5,15,4.7,"VINTON POLICE DEPARTMENT                          ","Vinton Police Department"
"215",2021,"LA0620000","West Carroll",NA,"LA","West South Central","South","WEST CARROLL","County","Non-MSA counties under 10,000",8179,7,4,11,1,5,6,8,9,17,2.08,"WEST CARROLL PARISH SHERIFF'S OFFICE              ","West Carroll Parish Sheriff's Office"
"216",2021,"LA0030000","Ascension",NA,"LA","West South Central","South","ASCENSION","County","MSA counties 100,000 or over",118623,182,70,252,13,105,118,195,175,370,3.12,"ASCENSION PARISH SHERIFF'S OFFICE                 ","Ascension Parish Sheriff's Office"
"217",2021,"LA0540000","Tensas",NA,"LA","West South Central","South","TENSAS","County","Non-MSA counties under 10,000",4056,18,1,19,4,13,17,22,14,36,8.88,"TENSAS PARISH SHERIFF'S OFFICE                    ","Tensas Parish Sheriff's Office"
"218",2021,"LA0570300","Delcambre",NA,"LA","West South Central","South","IBERIA, VERMILION","City","Cities under 2,500",1835,5,0,5,0,1,1,5,1,6,3.27,"DELCAMBRE POLICE DEPARTMENT                       ","Delcambre Police Department"
"219",2021,"LA0370000","Ouachita",NA,"LA","West South Central","South","OUACHITA","County","MSA counties from 25,000 thru 99,999",85870,261,0,261,112,0,112,373,0,373,4.34,"OUACHITA PARISH SHERIFF'S OFFICE                  ","Ouachita Parish Sheriff's Office"
"220",2021,"LA0510200","Franklin",NA,"LA","West South Central","South","ST MARY","City","Cities from 2,500 thru 9,999",6482,11,3,14,5,5,10,16,8,24,3.7,"FRANKLIN POLICE DEPARTMENT                        ","Franklin Police Department"
"221",2021,"LA0490600","Port Barre",NA,"LA","West South Central","South","ST LANDRY","City","Cities under 2,500",2091,8,2,10,1,3,4,9,5,14,6.7,"PORT BARRE POLICE DEPT                            ","Port Barre Police Police Department"
"222",2021,"LA0470000","St. James",NA,"LA","West South Central","South","ST JAMES","County","MSA counties from 10,000 thru 24,999",14205,44,20,64,13,28,41,57,48,105,7.39,"ST. JAMES PARISH SHERIFF'S OFFICE                 ","St. James Parish Sheriff's Office"
"223",2021,"LA0010100","Crowley",NA,"LA","West South Central","South","ACADIA","City","Cities from 10,000 thru 24,999",12448,26,0,26,6,0,6,32,0,32,2.57,"CROWLEY POLICE DEPARTMENT                         ","Crowley Police Department"
"224",2021,"LA036209E","Tulane University",NA,"LA","West South Central","South","ORLEANS","University or College","Cities under 2,500",0,59,0,59,11,0,11,70,0,70,NA,NA,"Tulane University"
"225",2021,"LA0460000","St. Helena",NA,"LA","West South Central","South","ST HELENA","County","MSA counties under 10,000",9030,25,1,26,3,17,20,28,18,46,5.09,"ST. HELENA PARISH SHERIFF'S OFFICE                ","St. Helena Parish Sheriff's Office"
"226",2021,"LA0500100","Breaux Bridge",NA,"LA","West South Central","South","ST MARTIN","City","Cities from 2,500 thru 9,999",8038,10,0,10,4,1,5,14,1,15,1.87,"BREAUX BRIDGE POLICE DEPARTMENT                   ","Breaux Bridge Police Department"
"227",2021,"LA0290100","Golden Meadow",NA,"LA","West South Central","South","LAFOURCHE","City","Cities under 2,500",1919,5,0,5,0,1,1,5,1,6,3.13,"GOLDEN MEADOW POLICE DEPARTMENT                   ","Golden Meadow Police Department"
"228",2021,"LA0100000","Calcasieu",NA,"LA","West South Central","South","CALCASIEU","County","MSA counties from 25,000 thru 99,999",89562,467,52,519,126,150,276,593,202,795,8.88,"CALCASIEU PARISH SHERIFF'S OFFICE                 ","Calcasieu Parish Sheriff's Office"
"229",2021,"LA0210000","Franklin",NA,"LA","West South Central","South","FRANKLIN","County","Non-MSA counties from 10,000 thru 24,999",19479,80,0,80,17,0,17,97,0,97,4.98,"FRANKLIN PARISH SHERIFF'S OFFICE                  ","Franklin Parish Sheriff's Office"
"230",2021,"LA0490000","St. Landry",NA,"LA","West South Central","South","ST LANDRY","County","Non-MSA counties from 25,000 thru 99,999",47803,112,10,122,41,50,91,153,60,213,4.46,"ST. LANDRY PARISH SHERIFF'S OFFICE                ","St. Landry Parish Sheriff's Office"
"231",2021,"LA0570000","Vermilion",NA,"LA","West South Central","South","VERMILION","County","MSA counties from 25,000 thru 99,999",38051,96,4,100,12,20,32,108,24,132,3.47,"VERMILION PARISH SHERIFF'S OFFICE                 ","Vermilion Parish Sheriff's Office"
"232",2021,"LA0530800","Tickfaw",NA,"LA","West South Central","South","TANGIPAHOA","City","Cities under 2,500",788,5,0,5,0,0,0,5,0,5,6.35,"TICKFAW POLICE DEPARTMENT                         ","Tickfaw Police Department"
"233",2021,"LA0050800","Evergreen",NA,"LA","West South Central","South","AVOYELLES","City","Cities under 2,500",285,1,0,1,0,0,0,1,0,1,3.51,"EVERGREEN POLICE DEPT                             ","Evergreen Police Police Department"
"234",2021,"LA0520300","Mandeville",NA,"LA","West South Central","South","ST TAMMANY","City","Cities from 10,000 thru 24,999",12602,36,2,38,4,11,15,40,13,53,4.21,"MANDEVILLE POLICE DEPARTMENT                      ","Mandeville Police Department"
"235",2021,"LA0320700","French Settlement",NA,"LA","West South Central","South","LIVINGSTON","City","Cities under 2,500",1239,4,0,4,0,0,0,4,0,4,3.23,"FRENCH SETTLEMENT POLICE DEPARTMENT               ","French Settlement Police Department"
"236",2021,"LA0570200","Kaplan",NA,"LA","West South Central","South","VERMILION","City","Cities from 2,500 thru 9,999",4320,10,0,10,2,0,2,12,0,12,2.78,"KAPLAN POLICE DEPARTMENT                          ","Kaplan Police Department"
"237",2021,"LA0290500","Thibodaux",NA,"LA","West South Central","South","LAFOURCHE","City","Cities from 10,000 thru 24,999",14402,42,2,44,5,17,22,47,19,66,4.58,"THIBODAUX POLICE DEPARTMENT                       ","Thibodaux Police Department"
"238",2021,"LA0190100","Clinton",NA,"LA","West South Central","South","EAST FELICIANA","City","Cities under 2,500",1472,6,0,6,2,0,2,8,0,8,5.43,"CLINTON POLICE DEPT.                              ","Clinton Police Police Department"
"239",2021,"LA0470200","Gramercy",NA,"LA","West South Central","South","ST JAMES","City","Cities from 2,500 thru 9,999",3160,8,0,8,0,0,0,8,0,8,2.53,"GRAMERCY POLICE DEPARTMENT                        ","Gramercy Police Department"
"240",2021,"LA0430500","Florien",NA,"LA","West South Central","South","SABINE","City","Cities under 2,500",591,7,0,7,0,1,1,7,1,8,13.54,"FLORIEN POLICE DEPARTMENT                         ","Florien Police Department"
"241",2021,"LA0360200","Delgado Community College",NA,"LA","West South Central","South","ORLEANS","University or College","Cities under 2,500",0,25,3,28,6,5,11,31,8,39,NA,"DELGADO COMMUNITY COLLEGE POLICE                  ","Delgado Community College Police"
"242",2021,"LA0310100","Dubach",NA,"LA","West South Central","South","LINCOLN","City","Cities under 2,500",895,2,0,2,0,0,0,2,0,2,2.23,"DUBACH POLICE DEPT                                ","Dubach Police Police Department"
"243",2021,"LA0050200","Marksville",NA,"LA","West South Central","South","AVOYELLES","City","Cities from 2,500 thru 9,999",5230,15,1,16,2,5,7,17,6,23,4.4,"MARKSVILLE POLICE DEPARTMENT                      ","Marksville Police Department"
"244",2021,"LA0220000","Grant",NA,"LA","West South Central","South","GRANT","County","MSA counties from 10,000 thru 24,999",20572,54,0,54,21,0,21,75,0,75,3.65,"GRANT PARISH SHERIFF'S OFFICE                     ","Grant Parish Sheriff's Office"
"245",2021,"LA0100100","De Quincy",NA,"LA","West South Central","South","CALCASIEU","City","Cities from 2,500 thru 9,999",2988,10,5,15,1,3,4,11,8,19,6.36,"DEQUINCY POLICE DEPARTMENT                        ","Dequincy Police Department"
"246",2021,"LA0260200","Harahan",NA,"LA","West South Central","South","JEFFERSON","City","Cities from 2,500 thru 9,999",9243,20,0,20,1,6,7,21,6,27,2.92,"HARAHAN POLICE DEPARTMENT                         ","Harahan Police Department"
"247",2021,"LA0420000","Richland",NA,"LA","West South Central","South","RICHLAND","County","Non-MSA counties from 10,000 thru 24,999",16388,72,9,81,34,17,51,106,26,132,8.05,"RICHLAND PARISH SHERIFF'S OFFICE                  ","Richland Parish Sheriff's Office"
"248",2021,"LA0170200","Baton Rouge",NA,"LA","West South Central","South","EAST BATON ROUGE","City","Cities from 100,000 thru 249,999",218060,518,11,529,57,139,196,575,150,725,3.32,"BATON ROUGE POLICE DEPARTMENT                     ","Baton Rouge Police Department"
"249",2021,"LA0361700","Louisiana State University:","Health Sciences Center, New Orleans","LA","West South Central","South","ORLEANS","University or College","Cities under 2,500",0,6,0,6,8,0,8,14,0,14,NA,"LSU HEALTH SCIENCES CENTER POLICE DEPARTMENT      ","Lsu Health Sciences Center Police Department"
"250",2021,"LA0140100","Haynesville",NA,"LA","West South Central","South","CLAIBORNE","City","Cities under 2,500",1970,4,1,5,1,0,1,5,1,6,3.05,"HAYNESVILLE POLICE DEPT                           ","Haynesville Police Police Department"
"251",2021,"LA0500200","St. Martinville",NA,"LA","West South Central","South","ST MARTIN","City","Cities from 2,500 thru 9,999",5635,12,0,12,4,4,8,16,4,20,3.55,"ST. MARTINVILLE POLICE DEPARTMENT                 ","St. Martinville Police Department"
"252",2021,"LA0020100","Kinder",NA,"LA","West South Central","South","ALLEN","City","Cities under 2,500",2310,10,0,10,1,3,4,11,3,14,6.06,"KINDER POLICE DEPARTMENT                          ","Kinder Police Department"
"253",2021,"LA0200200","Mamou",NA,"LA","West South Central","South","EVANGELINE","City","Cities from 2,500 thru 9,999",3059,9,4,13,2,4,6,11,8,19,6.21,"MAMOU POLICE DEPARTMENT                           ","Mamou Police Department"
"254",2021,"LA0450000","St. Charles",NA,"LA","West South Central","South","ST CHARLES","County","MSA counties from 25,000 thru 99,999",52628,190,33,223,45,116,161,235,149,384,7.3,"ST. CHARLES PARISH SHERIFF'S OFFICE               ","St. Charles Parish Sheriff's Office"
"255",2021,"LA0270200","Jennings",NA,"LA","West South Central","South","JEFFERSON DAVIS","City","Cities from 2,500 thru 9,999",9592,16,0,16,5,5,10,21,5,26,2.71,"JENNINGS POLICE DEPARTMENT                        ","Jennings Police Department"
"256",2021,"LA0600800","Dixie Inn",NA,"LA","West South Central","South","WEBSTER","City","Cities under 2,500",265,1,0,1,0,0,0,1,0,1,3.77,"DIXIE INN POLICE DEPARTMENT                       ","Dixie Inn Police Department"
"257",2021,"LA0590000","Washington",NA,"LA","West South Central","South","WASHINGTON","County","Non-MSA counties from 25,000 thru 99,999",30357,50,0,50,17,0,17,67,0,67,2.21,"WASHINGTON PARISH SHERIFF'S OFFICE                ","Washington Parish Sheriff's Office"
"258",2021,"LA0020000","Allen",NA,"LA","West South Central","South","ALLEN","County","Non-MSA counties from 10,000 thru 24,999",13754,29,64,93,2,19,21,31,83,114,8.29,"ALLEN PARISH SHERIFF'S OFFICE                     ","Allen Parish Sheriff's Office"
"259",2021,"LA0500000","St. Martin",NA,"LA","West South Central","South","ST MARTIN","County","MSA counties from 25,000 thru 99,999",38137,91,0,91,28,0,28,119,0,119,3.12,"ST. MARTIN PARISH SHERIFF'S OFFICE                ","St. Martin Parish Sheriff's Office"
"260",2021,"LA0010000","Acadia",NA,"LA","West South Central","South","ACADIA","County","MSA counties from 25,000 thru 99,999",36010,68,0,68,38,0,38,106,0,106,2.94,"ACADIA PARISH SHERIFF'S OFFICE                    ","Acadia Parish Sheriff's Office"
"261",2021,"LA0020200","Oakdale",NA,"LA","West South Central","South","ALLEN","City","Cities from 2,500 thru 9,999",7474,7,0,7,7,0,7,14,0,14,1.87,"OAKDALE POLICE DEPARTMENT                         ","Oakdale Police Department"
"262",2021,"LA0491100","Palmetto",NA,"LA","West South Central","South","ST LANDRY","City","Cities under 2,500",156,1,0,1,0,0,0,1,0,1,6.41,"PALMETTO POLICE DEPARTMENT                        ","Palmetto Police Department"
"263",2021,"LA0080400","Haughton",NA,"LA","West South Central","South","BOSSIER","City","Cities from 2,500 thru 9,999",3222,13,0,13,0,0,0,13,0,13,4.03,"HAUGHTON POLICE DEPARTMENT                        ","Haughton Police Department"
"264",2021,"LA0280100","Broussard",NA,"LA","West South Central","South","LAFAYETTE, ST MARTIN","City","Cities from 10,000 thru 24,999",13667,33,0,33,1,0,1,34,0,34,2.49,"BROUSSARD POLICE DEPARTMENT                       ","Broussard Police Department"
"265",2021,"LA0340000","Morehouse",NA,"LA","West South Central","South","MOREHOUSE","County","MSA counties from 10,000 thru 24,999",14177,52,20,72,20,22,42,72,42,114,8.04,"MOREHOUSE PARISH SHERIFF'S OFFICE                 ","Morehouse Parish Sheriff's Office"
"266",2021,"LA0360300","University of New Orleans",NA,"LA","West South Central","South","ORLEANS","University or College","Cities under 2,500",0,16,0,16,2,0,2,18,0,18,NA,"UNIVERSITY OF NEW ORLEANS POLICE DEPT.            ","University Of New Orleans Police Police Department"
"267",2021,"LA0320200","Livingston",NA,"LA","West South Central","South","LIVINGSTON","City","Cities under 2,500",2028,6,0,6,0,0,0,6,0,6,2.96,"LIVINGSTON POLICE DEPT.                           ","Livingston Police Police Department"
"268",2021,"LA0290000","Lafourche",NA,"LA","West South Central","South","LAFOURCHE","County","MSA counties from 25,000 thru 99,999",78301,176,43,219,84,57,141,260,100,360,4.6,"LAFOURCHE PARISH SHERIFF'S OFFICE                 ","Lafourche Parish Sheriff's Office"
"269",2021,"LA0510500","Baldwin",NA,"LA","West South Central","South","ST MARY","City","Cities under 2,500",2124,1,0,1,0,0,0,1,0,1,0.47,"BALDWIN POLICE DEPARTMENT                         ","Baldwin Police Department"
"270",2021,"LA0280000","Lafayette",NA,"LA","West South Central","South","LAFAYETTE","County","MSA counties from 25,000 thru 99,999",69982,291,0,291,101,0,101,392,0,392,5.6,"LAFAYETTE PARISH SHERIFF'S OFFICE                 ","Lafayette Parish Sheriff's Office"
"271",2021,"LA0640000","Winn",NA,"LA","West South Central","South","WINN","County","Non-MSA counties under 10,000",9380,15,11,26,1,14,15,16,25,41,4.37,"WINN PARISH SHERIFF'S OFFICE                      ","Winn Parish Sheriff's Office"
"272",2021,"LA0320000","Livingston",NA,"LA","West South Central","South","LIVINGSTON","County","MSA counties 100,000 or over",124311,218,0,218,104,0,104,322,0,322,2.59,"LIVINGSTON PARISH SHERIFF'S OFFICE                ","Livingston Parish Sheriff's Office"
"273",2021,"LA0350000","Natchitoches",NA,"LA","West South Central","South","NATCHITOCHES","County","Non-MSA counties from 10,000 thru 24,999",20145,61,33,94,8,45,53,69,78,147,7.3,"NATCHITOCHES PARISH SHERIFF'S OFFICE              ","Natchitoches Parish Sheriff's Office"
"274",2021,"LA0430700","Fisher",NA,"LA","West South Central","South","SABINE","City","Cities under 2,500",215,1,0,1,0,0,0,1,0,1,4.65,"FISHER POLICE DEPT                                ","Fisher Police Police Department"
"275",2021,"LA0370400","University of Louisiana:","Monroe","LA","West South Central","South","OUACHITA","University or College","Cities under 2,500",0,18,0,18,5,1,6,23,1,24,NA,"UNIVERSITY OF LOUISIANA - MONROE POLICE           ","University Of Louisiana - Monroe Police"
"276",2021,"LA0170300","Zachary",NA,"LA","West South Central","South","EAST BATON ROUGE","City","Cities from 10,000 thru 24,999",18774,34,0,34,7,0,7,41,0,41,2.18,"ZACHARY POLICE DEPARTMENT                         ","Zachary Police Department"
"277",2021,"LA0100700","Iowa",NA,"LA","West South Central","South","CALCASIEU","City","Cities from 2,500 thru 9,999",3121,12,1,13,7,1,8,19,2,21,6.73,"IOWA POLICE DEPARTMENT                            ","Iowa Police Department"
"278",2021,"LA0090300","Oil City",NA,"LA","West South Central","South","CADDO","City","Cities under 2,500",953,3,0,3,1,0,1,4,0,4,4.2,"OIL CITY POLICE DEPARTMENT                        ","Oil City Police Department"
"279",2021,"LA0570100","Abbeville",NA,"LA","West South Central","South","VERMILION","City","Cities from 10,000 thru 24,999",11898,23,0,23,5,0,5,28,0,28,2.35,"ABBEVILLE POLICE DEPARTMENT                       ","Abbeville Police Department"
"280",2021,"LA0200100","Basile",NA,"LA","West South Central","South","ACADIA, EVANGELINE","City","Cities under 2,500",1788,7,0,7,0,1,1,7,1,8,4.47,"BASILE POLICE DEPARTMENT                          ","Basile Police Department"
"281",2021,"LA0640100","Winnfield",NA,"LA","West South Central","South","WINN","City","Cities from 2,500 thru 9,999",4224,10,0,10,2,4,6,12,4,16,3.79,"WINNFIELD POLICE DEPT                             ","Winnfield Police Police Department"
"282",2021,"LA0230300","New Iberia",NA,"LA","West South Central","South","IBERIA","City","Cities from 25,000 thru 49,999",27788,44,0,44,10,13,23,54,13,67,2.41,"NEW IBERIA PD                                     ","New Iberia Police Department"
"283",2021,"LA0220400","Georgetown",NA,"LA","West South Central","South","GRANT","City","Cities under 2,500",318,3,0,3,1,0,1,4,0,4,12.58,"GEORGETOWN POLICE DEPARTMENT                      ","Georgetown Police Department"
"284",2021,"LA0090000","Caddo",NA,"LA","West South Central","South","CADDO","County","MSA counties from 25,000 thru 99,999",45947,266,41,307,71,181,252,337,222,559,12.17,"CADDO PARISH SHERIFF'S OFFICE                     ","Caddo Parish Sheriff's Office"
"285",2021,"LA0370500","Richwood",NA,"LA","West South Central","South","OUACHITA","City","Cities from 2,500 thru 9,999",3376,3,0,3,1,0,1,4,0,4,1.18,"RICHWOOD POLICE DEPARTMENT                        ","Richwood Police Department"
"286",2021,"LA0060100","De Ridder",NA,"LA","West South Central","South","BEAUREGARD, VERNON","City","Cities from 10,000 thru 24,999",10512,28,0,28,4,0,4,32,0,32,3.04,"DERIDDER POLICE DEPARTMENT                        ","Deridder Police Department"
"287",2021,"LA0250000","Jackson",NA,"LA","West South Central","South","JACKSON","County","Non-MSA counties from 10,000 thru 24,999",10212,76,0,76,30,0,30,106,0,106,10.38,"JACKSON PARISH SHERIFF'S OFFICE                   ","Jackson Parish Sheriff's Office"
"288",2021,"LA0520700","Folsom",NA,"LA","West South Central","South","ST TAMMANY","City","Cities under 2,500",888,4,0,4,0,1,1,4,1,5,5.63,"FOLSOM POLICE DEPARTMENT                          ","Folsom Police Department"
"289",2021,"LA0420100","Delhi",NA,"LA","West South Central","South","RICHLAND","City","Cities from 2,500 thru 9,999",2735,8,0,8,0,0,0,8,0,8,2.93,"DELHI POLICE DEPARTMENT                           ","Delhi Police Department"
"290",2021,"LA0380000","Plaquemines",NA,"LA","West South Central","South","PLAQUEMINES","County","MSA counties from 10,000 thru 24,999",22949,186,0,186,101,0,101,287,0,287,12.51,"PLAQUEMINES PARISH SHERIFF'S OFFICE               ","Plaquemines Parish Sheriff's Office"
"291",2021,"LA0100500","Westlake",NA,"LA","West South Central","South","CALCASIEU","City","Cities from 2,500 thru 9,999",4906,7,1,8,3,4,7,10,5,15,3.06,"WESTLAKE POLICE DEPARTMENT                        ","Westlake Police Department"
"292",2021,"LA0200300","Ville Platte",NA,"LA","West South Central","South","EVANGELINE","City","Cities from 2,500 thru 9,999",7010,9,0,9,4,1,5,13,1,14,2,"VILLE PLATTE POLICE DEPARTMENT                    ","Ville Platte Police Department"
"293",2021,"LA0600000","Webster",NA,"LA","West South Central","South","WEBSTER","County","Non-MSA counties from 10,000 thru 24,999",18617,82,0,82,39,0,39,121,0,121,6.5,"WEBSTER PARISH SHERIFF'S OFFICE                   ","Webster Parish Sheriff's Office"
"294",2021,"LA0520100","Covington",NA,"LA","West South Central","South","ST TAMMANY","City","Cities from 10,000 thru 24,999",10746,33,0,33,3,4,7,36,4,40,3.72,"COVINGTON POLICE DEPARTMENT                       ","Covington Police Department"
"295",2021,"LA0080500","Louisiana State University:","Health Sciences Center, Shreveport","LA","West South Central","South","BOSSIER","University or College","Cities under 2,500",0,34,3,37,4,9,13,38,12,50,NA,"LOUISIANA STATE UNIVERSITY HEALTH SCIENCES CENTER ","Louisiana State University Health Sciences Center"
"296",2021,"LA0600200","Springhill",NA,"LA","West South Central","South","WEBSTER","City","Cities from 2,500 thru 9,999",4630,12,1,13,2,3,5,14,4,18,3.89,"SPRINGHILL POLICE DEPARTMENT                      ","Springhill Police Department"
"297",2021,"LA0600100","Minden",NA,"LA","West South Central","South","WEBSTER","City","Cities from 10,000 thru 24,999",11436,25,0,25,4,1,5,29,1,30,2.62,"MINDEN POLICE DEPARTMENT                          ","Minden Police Department"
"298",2021,"LA0560100","Farmerville",NA,"LA","West South Central","South","UNION","City","Cities from 2,500 thru 9,999",3621,9,0,9,5,0,5,14,0,14,3.87,"FARMERVILLE POLICE DEPARTMENT                     ","Farmerville Police Department"
"299",2021,"LA0400000","Rapides",NA,"LA","West South Central","South","RAPIDES","County","MSA counties from 25,000 thru 99,999",62893,4,0,4,1,1,2,5,1,6,0.1,"RAPIDES PARISH SHERIFF'S OFFICE                   ","Rapides Parish Sheriff's Office"
"300",2021,"LA0090800","Ida",NA,"LA","West South Central","South","CADDO","City","Cities under 2,500",207,1,0,1,0,1,1,1,1,2,9.66,"IDA POLICE DEPARTMENT                             ","Ida Police Department"
"301",2021,"LA0091000","Greenwood",NA,"LA","West South Central","South","CADDO","City","Cities from 2,500 thru 9,999",3074,1,0,1,1,2,3,2,2,4,1.3,"GREENWOOD POLICE DEPARTMENT                       ","Greenwood Police Department"
"302",2021,"LA0220500","Pollock",NA,"LA","West South Central","South","GRANT","City","Cities under 2,500",482,2,0,2,2,1,3,4,1,5,10.37,"POLLOCK POLICE DEPARTMENT                         ","Pollock Police Department"
"303",2021,"LA0150000","Concordia",NA,"LA","West South Central","South","CONCORDIA","County","Non-MSA counties from 10,000 thru 24,999",11829,30,0,30,2,0,2,32,0,32,2.71,"CONCORDIA PARISH SHERIFF'S OFFICE                 ","Concordia Parish Sheriff's Office"
"304",2021,"LA0550000","Terrebonne",NA,"LA","West South Central","South","TERREBONNE","County","MSA counties from 25,000 thru 99,999",76563,169,22,191,64,44,108,233,66,299,3.91,"TERREBONNE PARISH SHERIFF'S OFFICE                ","Terrebonne Parish Sheriff's Office"
"305",2021,"LA0560400","Marion",NA,"LA","West South Central","South","UNION","City","Cities under 2,500",737,1,0,1,1,0,1,2,0,2,2.71,"MARION POLICE DEPARTMENT                          ","Marion Police Department"
"306",2021,"LA0530300","Ponchatoula",NA,"LA","West South Central","South","TANGIPAHOA","City","Cities from 2,500 thru 9,999",7648,23,0,23,5,4,9,28,4,32,4.18,"PONCHATOULA POLICE DEPARTMENT                     ","Ponchatoula Police Department"
"307",2021,"LA0361200","Southern University and A&M College:","New Orleans","LA","West South Central","South","ORLEANS","University or College","Cities under 2,500",0,8,0,8,6,0,6,14,0,14,NA,"SOUTHERN UNIV PD NEW ORLEANS                      ","Southern Univ Police Department New Orleans"
"308",2021,"LA0310700","Louisiana Tech University",NA,"LA","West South Central","South","LINCOLN","University or College","Cities under 2,500",0,19,0,19,1,0,1,20,0,20,NA,"LOUISIANA TECH UNIVERSITY POLICE                  ","Louisiana Tech University Police"
"309",2021,"LA0430000","Sabine",NA,"LA","West South Central","South","SABINE","County","Non-MSA counties from 10,000 thru 24,999",18215,55,10,65,11,19,30,66,29,95,5.22,"SABINE PARISH SHERIFF'S OFFICE                    ","Sabine Parish Sheriff's Office"
"310",2021,"LA0370900","Tensas Basin Levee District",NA,"LA","West South Central","South","OUACHITA","Other State Agency","Cities under 2,500",0,2,0,2,0,1,1,2,1,3,NA,"TENSAS BASIN LEVEE DISTRICT POLICE                ","Tensas Basin Levee District Police"
"311",2021,"LA0410000","Red River",NA,"LA","West South Central","South","RED RIVER","County","Non-MSA counties under 10,000",6460,44,13,57,4,11,15,48,24,72,11.15,"RED RIVER PARISH SHERIFF'S OFFICE                 ","Red River Parish Sheriff's Office"
"312",2021,"LA0150100","Ferriday",NA,"LA","West South Central","South","CONCORDIA","City","Cities from 2,500 thru 9,999",3159,10,0,10,2,0,2,12,0,12,3.8,"FERRIDAY POLICE DEPARTMENT                        ","Ferriday Police Department"
"313",2021,"LADI00600","Coushatta Tribal",NA,"LA","West South Central","South","NOT SPECIFIED","Tribal","Cities under 2,500",0,16,1,17,3,6,9,19,7,26,NA,"COUSHATTA TRIBAL POLICE DEPARTMENT                ","Coushatta Tribal Police Department"
"314",2021,"LA0100800","McNeese State University",NA,"LA","West South Central","South","CALCASIEU","University or College","Cities under 2,500",0,5,0,5,3,2,5,8,2,10,NA,"MCNEESE STATE UNIVERSITY POLICE                   ","Mcneese State University Police"
"315",2021,"LA0400400","Lecompte",NA,"LA","West South Central","South","RAPIDES","City","Cities under 2,500",1144,5,0,5,1,0,1,6,0,6,5.24,"LECOMPTE POLICE DEPARTMENT                        ","Lecompte Police Department"
"316",2021,"LA0070000","Bienville",NA,"LA","West South Central","South","BIENVILLE","County","Non-MSA counties from 10,000 thru 24,999",11445,35,15,50,3,15,18,38,30,68,5.94,"BIENVILLE PARISH SHERIFF'S OFFICE                 ","Bienville Parish Sheriff's Office"
"317",2021,"LA0420200","Rayville",NA,"LA","West South Central","South","RICHLAND","City","Cities from 2,500 thru 9,999",3411,8,0,8,1,4,5,9,4,13,3.81,"RAYVILLE POLICE DEPARTMENT                        ","Rayville Police Department"
"318",2021,"LA0080700","Southern University and A&M College:","Shreveport","LA","West South Central","South","BOSSIER","University or College","Cities under 2,500",0,8,0,8,1,1,2,9,1,10,NA,"SOUTHERN UNIVERSITY AND A & M COLLEGE - SHREVEPORT","Southern University And A & M College - Shreveport"
"319",2021,"LA0170100","Baker",NA,"LA","West South Central","South","EAST BATON ROUGE","City","Cities from 10,000 thru 24,999",12931,20,1,21,6,6,12,26,7,33,2.55,"BAKER POLICE DEPARTMENT                           ","Baker Police Department"
"320",2021,"LA0260000","Jefferson",NA,"LA","West South Central","South","JEFFERSON","County","MSA counties 100,000 or over",325877,638,131,769,220,284,504,858,415,1273,3.91,"JEFFERSON PARISH SHERIFF'S OFFICE                 ","Jefferson Parish Sheriff's Office"
"321",2021,"LA0390000","Pointe Coupee",NA,"LA","West South Central","South","POINTE COUPEE","County","MSA counties from 10,000 thru 24,999",19859,42,13,55,13,31,44,55,44,99,4.99,"POINTE COUPEE PARISH SHERIFF'S OFFICE             ","Pointe Coupee Parish Sheriff's Office"
"322",2021,"LA0340100","Bastrop",NA,"LA","West South Central","South","MOREHOUSE","City","Cities from 2,500 thru 9,999",9543,10,0,10,8,0,8,18,0,18,1.89,"BASTROP POLICE DEPARTMENT                         ","Bastrop Police Department"
"323",2021,"LA0170600","Southern University and A&M College:","Baton Rouge","LA","West South Central","South","EAST BATON ROUGE","University or College","Cities under 2,500",0,13,5,18,6,11,17,19,16,35,NA,"SOUTHERN UNIVERSITY AND A & M COLLEGE POLICE      ","Southern University And A & M College Police"
"324",2021,"LA0240200","Plaquemine",NA,"LA","West South Central","South","IBERVILLE","City","Cities from 2,500 thru 9,999",6316,15,0,15,4,0,4,19,0,19,3.01,"PLAQUEMINE POLICE DEPARTMENT                      ","Plaquemine Police Department"
"325",2021,"LA0190000","East Feliciana",NA,"LA","West South Central","South","EAST FELICIANA","County","MSA counties from 10,000 thru 24,999",16335,36,0,36,19,0,19,55,0,55,3.37,"EAST FELICIANA PARISH SHERIFF'S OFFICE            ","East Feliciana Parish Sheriff's Office"
"326",2021,"LA0290300","Lockport",NA,"LA","West South Central","South","LAFOURCHE","City","Cities under 2,500",2372,5,0,5,0,0,0,5,0,5,2.11,"LOCKPORT POLICE DEPARTMENT                        ","Lockport Police Department"
"327",2021,"LA0280500","Youngsville",NA,"LA","West South Central","South","LAFAYETTE","City","Cities from 10,000 thru 24,999",16208,26,0,26,5,4,9,31,4,35,2.16,"YOUNGSVILLE POLICE DEPARTMENT                     ","Youngsville Police Department"
"328",2021,"LA0310000","Lincoln",NA,"LA","West South Central","South","LINCOLN","County","Non-MSA counties from 10,000 thru 24,999",17453,73,12,85,19,22,41,92,34,126,7.22,"LINCOLN PARISH SHERIFF'S OFFICE                   ","Lincoln Parish Sheriff's Office"
"329",2021,"LA0580100","Leesville",NA,"LA","West South Central","South","VERNON","City","Cities from 2,500 thru 9,999",5430,11,0,11,10,1,11,21,1,22,4.05,"LEESVILLE POLICE DEPARTMENT                       ","Leesville Police Department"
"330",2021,"LA0330100","Tallulah",NA,"LA","West South Central","South","MADISON","City","Cities from 2,500 thru 9,999",6382,7,0,7,2,4,6,9,4,13,2.04,"TALLULAH POLICE DEPT.                             ","Tallulah Police Police Department"
"331",2021,"LA0350100","Natchitoches",NA,"LA","West South Central","South","NATCHITOCHES","City","Cities from 10,000 thru 24,999",17063,42,0,42,6,0,6,48,0,48,2.81,"NATCHITOCHES POLICE DEPARTMENT                    ","Natchitoches Police Department"
"332",2021,"LA0590200","Franklinton",NA,"LA","West South Central","South","WASHINGTON","City","Cities from 2,500 thru 9,999",3630,18,0,18,1,4,5,19,4,23,6.34,"FRANKLINTON POLICE DEPARTMENT                     ","Franklinton Police Department"
"333",2021,"LA0610000","West Baton Rouge",NA,"LA","West South Central","South","WEST BATON ROUGE","County","MSA counties from 10,000 thru 24,999",12796,13,0,13,3,1,4,16,1,17,1.33,"WEST BATON ROUGE PARISH SHERIFF'S OFFICE          ","West Baton Rouge Parish Sheriff's Office"
"334",2021,"LA0510400","Patterson",NA,"LA","West South Central","South","ST MARY","City","Cities from 2,500 thru 9,999",5616,14,0,14,13,0,13,27,0,27,4.81,"PATTERSON POLICE DEPARTMENT                       ","Patterson Police Department"
"335",2021,"LA0320600","Port Vincent",NA,"LA","West South Central","South","LIVINGSTON","City","Cities under 2,500",653,3,0,3,0,0,0,3,0,3,4.59,"PORT VINCENT POLICE DEPT.                         ","Port Vincent Police Police Department"
"336",2021,"LA0490300","Arnaudville",NA,"LA","West South Central","South","ST LANDRY, ST MARTIN","City","Cities under 2,500",1040,2,1,3,1,3,4,3,4,7,6.73,"ARNAUDVILLE POLICE DEPARTMENT                     ","Arnaudville Police Department"
"337",2021,"LA0280700","University of Louisiana:","Lafayette","LA","West South Central","South","LAFAYETTE","University or College","Cities under 2,500",0,30,0,30,5,2,7,35,2,37,NA,"UNIVERSITY OF LOUISIANA AT LAFAYETTE POLICE       ","University Of Louisiana At Lafayette Police"
"338",2021,"LA0401000","Ball",NA,"LA","West South Central","South","RAPIDES","City","Cities from 2,500 thru 9,999",3896,12,0,12,0,2,2,12,2,14,3.59,"BALL POLICE DEPARTMENT                            ","Ball Police Department"
"339",2020,"LA0600700","Sibley",NA,"LA","West South Central","South","WEBSTER","City","Cities under 2,500",1154,1,0,1,0,0,0,1,0,1,0.87,"SIBLEY POLICE DEPARTMENT                          ","Sibley Police Department"
"340",2020,"LA0491300","Louisiana State University:","Eunice","LA","West South Central","South","ST LANDRY","University or College","Cities under 2,500",0,2,0,2,0,0,0,2,0,2,NA,"LA STATE UNIV PD EUNICE                           ","La State Univ Police Department Eunice"
"341",2020,"LA0530800","Tickfaw",NA,"LA","West South Central","South","TANGIPAHOA","City","Cities under 2,500",772,5,0,5,0,0,0,5,0,5,6.48,"TICKFAW POLICE DEPARTMENT                         ","Tickfaw Police Department"
"342",2020,"LA0270400","Welsh",NA,"LA","West South Central","South","JEFFERSON DAVIS","City","Cities from 2,500 thru 9,999",3227,10,0,10,4,0,4,14,0,14,4.34,"WELSH POLICE DEPARTMENT                           ","Welsh Police Department"
"343",2020,"LA0100300","Sulphur",NA,"LA","West South Central","South","CALCASIEU","City","Cities from 10,000 thru 24,999",20029,48,2,50,4,11,15,52,13,65,3.25,"SULPHUR POLICE DEPARTMENT                         ","Sulphur Police Department"
"344",2020,"LA0100200","Lake Charles",NA,"LA","West South Central","South","CALCASIEU","City","Cities from 50,000 thru 99,999",79077,125,1,126,15,33,48,140,34,174,2.2,"LAKE CHARLES POLICE DEPARTMENT                    ","Lake Charles Police Department"
"345",2020,"LA0030200","Gonzales",NA,"LA","West South Central","South","ASCENSION","City","Cities from 10,000 thru 24,999",11092,41,0,41,2,5,7,43,5,48,4.33,"GONZALES POLICE DEPARTMENT                        ","Gonzales Police Department"
"346",2020,"LA0280100","Broussard",NA,"LA","West South Central","South","LAFAYETTE, ST MARTIN","City","Cities from 10,000 thru 24,999",13299,32,0,32,1,4,5,33,4,37,2.78,"BROUSSARD POLICE DEPARTMENT                       ","Broussard Police Department"
"347",2020,"LA0340000","Morehouse",NA,"LA","West South Central","South","MOREHOUSE","County","MSA counties from 10,000 thru 24,999",14585,80,0,80,42,0,42,122,0,122,8.36,"MOREHOUSE PARISH SHERIFF'S OFFICE                 ","Morehouse Parish Sheriff's Office"
"348",2020,"LA0080100","Bossier City",NA,"LA","West South Central","South","BOSSIER","City","Cities from 50,000 thru 99,999",68869,148,3,151,13,36,49,161,39,200,2.9,"BOSSIER CITY POLICE DEPT                          ","Bossier City Police Police Department"
"349",2020,"LA0050200","Marksville",NA,"LA","West South Central","South","AVOYELLES","City","Cities from 2,500 thru 9,999",5299,14,1,15,3,6,9,17,7,24,4.53,"MARKSVILLE POLICE DEPARTMENT                      ","Marksville Police Department"
"350",2020,"LA0600800","Dixie Inn",NA,"LA","West South Central","South","WEBSTER","City","Cities under 2,500",261,2,0,2,0,0,0,2,0,2,7.66,"DIXIE INN POLICE DEPARTMENT                       ","Dixie Inn Police Department"
"351",2020,"LA0590000","Washington",NA,"LA","West South Central","South","WASHINGTON","County","Non-MSA counties from 25,000 thru 99,999",30770,58,1,59,13,10,23,71,11,82,2.66,"WASHINGTON PARISH SHERIFF'S OFFICE                ","Washington Parish Sheriff's Office"
"352",2020,"LA0120000","Cameron",NA,"LA","West South Central","South","CAMERON","County","MSA counties under 10,000",6955,62,2,64,18,10,28,80,12,92,13.23,"CAMERON PARISH SHERIFF'S OFFICE                   ","Cameron Parish Sheriff's Office"
"353",2020,"LA0010300","Church Point",NA,"LA","West South Central","South","ACADIA","City","Cities from 2,500 thru 9,999",4336,9,0,9,7,0,7,16,0,16,3.69,"CHURCH POINT POLICE DEPARTMENT                    ","Church Point Police Department"
"354",2020,"LA0470000","St. James",NA,"LA","West South Central","South","ST JAMES","County","MSA counties from 10,000 thru 24,999",14513,47,18,65,14,30,44,61,48,109,7.51,"ST. JAMES PARISH SHERIFF'S OFFICE                 ","St. James Parish Sheriff's Office"
"355",2020,"LA0370000","Ouachita",NA,"LA","West South Central","South","OUACHITA","County","MSA counties from 25,000 thru 99,999",86866,261,0,261,115,0,115,376,0,376,4.33,"OUACHITA PARISH SHERIFF'S OFFICE                  ","Ouachita Parish Sheriff's Office"
"356",2020,"LA0560200","Bernice",NA,"LA","West South Central","South","UNION","City","Cities under 2,500",1583,3,0,3,0,0,0,3,0,3,1.9,"BERNICE POLICE DEPARTMENT                         ","Bernice Police Department"
"357",2020,"LA0080000","Bossier",NA,"LA","West South Central","South","BOSSIER","County","MSA counties from 25,000 thru 99,999",49964,278,27,305,43,55,98,321,82,403,8.07,"BOSSIER PARISH SHERIFF'S OFFICE                   ","Bossier Parish Sheriff's Office"
"358",2020,"LA0140000","Claiborne",NA,"LA","West South Central","South","CLAIBORNE","County","Non-MSA counties from 10,000 thru 24,999",13467,21,12,33,12,23,35,33,35,68,5.05,"CLAIBORNE PARISH SHERIFF'S OFFICE                 ","Claiborne Parish Sheriff's Office"
"359",2020,"LA0090100","Shreveport",NA,"LA","West South Central","South","BOSSIER, CADDO","City","Cities from 100,000 thru 249,999",185588,358,35,393,113,106,219,471,141,612,3.3,"SHREVEPORT POLICE DEPARTMENT                      ","Shreveport Police Department"
"360",2020,"LA0150200","Vidalia",NA,"LA","West South Central","South","CONCORDIA","City","Cities from 2,500 thru 9,999",3765,20,1,21,5,7,12,25,8,33,8.76,"VIDALIA POLICE DEPARTMENT                         ","Vidalia Police Department"
"361",2020,"LA0200000","Evangeline",NA,"LA","West South Central","South","EVANGELINE","County","Non-MSA counties from 10,000 thru 24,999",21344,6,2,8,1,4,5,7,6,13,0.61,"EVANGELINE PARISH SHERIFF'S OFFICE                ","Evangeline Parish Sheriff's Office"
"362",2020,"LA0100800","McNeese State University",NA,"LA","West South Central","South","CALCASIEU","University or College","Cities under 2,500",0,5,2,7,3,4,7,8,6,14,NA,"MCNEESE STATE UNIVERSITY POLICE                   ","Mcneese State University Police"
"363",2020,"LA0520300","Mandeville",NA,"LA","West South Central","South","ST TAMMANY","City","Cities from 10,000 thru 24,999",12520,36,2,38,4,11,15,40,13,53,4.23,"MANDEVILLE POLICE DEPARTMENT                      ","Mandeville Police Department"
"364",2020,"LA0570200","Kaplan",NA,"LA","West South Central","South","VERMILION","City","Cities from 2,500 thru 9,999",4402,14,1,15,0,5,5,14,6,20,4.54,"KAPLAN POLICE DEPARTMENT                          ","Kaplan Police Department"
"365",2020,"LA0100500","Westlake",NA,"LA","West South Central","South","CALCASIEU","City","Cities from 2,500 thru 9,999",4997,11,1,12,3,2,5,14,3,17,3.4,"WESTLAKE POLICE DEPARTMENT                        ","Westlake Police Department"
"366",2020,"LA0200300","Ville Platte",NA,"LA","West South Central","South","EVANGELINE","City","Cities from 2,500 thru 9,999",6991,17,0,17,0,7,7,17,7,24,3.43,"VILLE PLATTE POLICE DEPARTMENT                    ","Ville Platte Police Department"
"367",2020,"LA0380000","Plaquemines",NA,"LA","West South Central","South","PLAQUEMINES","County","MSA counties from 10,000 thru 24,999",23124,160,23,183,95,6,101,255,29,284,12.28,"PLAQUEMINES PARISH SHERIFF'S OFFICE               ","Plaquemines Parish Sheriff's Office"
"368",2020,"LA0160100","Mansfield",NA,"LA","West South Central","South","DE SOTO","City","Cities from 2,500 thru 9,999",4587,14,1,15,2,5,7,16,6,22,4.8,"MANSFIELD POLICE DEPARTMENT                       ","Mansfield Police Department"
"369",2020,"LA0310600","Grambling State University",NA,"LA","West South Central","South","LINCOLN","University or College","Cities under 2,500",0,12,2,14,1,5,6,13,7,20,NA,"GRAMBLING STATE UNIVERSITY POLICE DEPT.           ","Grambling State University Police Police Department"
"370",2020,"LA0370200","West Monroe",NA,"LA","West South Central","South","OUACHITA","City","Cities from 10,000 thru 24,999",12134,46,2,48,3,13,16,49,15,64,5.27,"WEST MONROE POLICE DEPARTMENT                     ","West Monroe Police Department"
"371",2020,"LA0060100","De Ridder",NA,"LA","West South Central","South","BEAUREGARD, VERNON","City","Cities from 10,000 thru 24,999",10583,21,0,21,5,1,6,26,1,27,2.55,"DERIDDER POLICE DEPARTMENT                        ","Deridder Police Department"
"372",2020,"LA0090000","Caddo",NA,"LA","West South Central","South","CADDO","County","MSA counties from 25,000 thru 99,999",47189,282,45,327,84,178,262,366,223,589,12.48,"CADDO PARISH SHERIFF'S OFFICE                     ","Caddo Parish Sheriff's Office"
"373",2020,"LA0300000","La Salle",NA,"LA","West South Central","South","LA SALLE","County","Non-MSA counties from 10,000 thru 24,999",10067,22,16,38,3,8,11,25,24,49,4.87,"LA SALLE PARISH SHERIFF'S OFFICE                  ","La Salle Parish Sheriff's Office"
"374",2020,"LA0280600","Scott",NA,"LA","West South Central","South","LAFAYETTE","City","Cities from 2,500 thru 9,999",8696,27,0,27,1,2,3,28,2,30,3.45,"SCOTT POLICE DEPARTMENT                           ","Scott Police Department"
"375",2020,"LA0330100","Tallulah",NA,"LA","West South Central","South","MADISON","City","Cities from 2,500 thru 9,999",6596,6,2,8,1,4,5,7,6,13,1.97,"TALLULAH POLICE DEPT.                             ","Tallulah Police Police Department"
"376",2020,"LA0310000","Lincoln",NA,"LA","West South Central","South","LINCOLN","County","Non-MSA counties from 10,000 thru 24,999",18649,54,4,58,9,15,24,63,19,82,4.4,"LINCOLN PARISH SHERIFF'S OFFICE                   ","Lincoln Parish Sheriff's Office"
"377",2020,"LA0600200","Springhill",NA,"LA","West South Central","South","WEBSTER","City","Cities from 2,500 thru 9,999",4720,12,3,15,2,2,4,14,5,19,4.03,"SPRINGHILL POLICE DEPARTMENT                      ","Springhill Police Department"
"378",2020,"LA0600100","Minden",NA,"LA","West South Central","South","WEBSTER","City","Cities from 10,000 thru 24,999",11711,24,0,24,4,1,5,28,1,29,2.48,"MINDEN POLICE DEPARTMENT                          ","Minden Police Department"
"379",2020,"LA0290500","Thibodaux",NA,"LA","West South Central","South","LAFOURCHE","City","Cities from 10,000 thru 24,999",14418,37,3,40,5,17,22,42,20,62,4.3,"THIBODAUX POLICE DEPARTMENT                       ","Thibodaux Police Department"
"380",2020,"LA0280200","Carencro",NA,"LA","West South Central","South","LAFAYETTE","City","Cities from 2,500 thru 9,999",9668,26,0,26,2,2,4,28,2,30,3.1,"CARENCRO POLICE DEPARTMENT                        ","Carencro Police Department"
"381",2020,"LA0340100","Bastrop",NA,"LA","West South Central","South","MOREHOUSE","City","Cities from 2,500 thru 9,999",9889,14,0,14,8,0,8,22,0,22,2.22,"BASTROP POLICE DEPARTMENT                         ","Bastrop Police Department"
"382",2020,"LA0190000","East Feliciana",NA,"LA","West South Central","South","EAST FELICIANA","County","MSA counties from 10,000 thru 24,999",16618,32,0,32,17,0,17,49,0,49,2.95,"EAST FELICIANA PARISH SHERIFF'S OFFICE            ","East Feliciana Parish Sheriff's Office"
"383",2020,"LA0280500","Youngsville",NA,"LA","West South Central","South","LAFAYETTE","City","Cities from 10,000 thru 24,999",15654,25,0,25,5,4,9,30,4,34,2.17,"YOUNGSVILLE POLICE DEPARTMENT                     ","Youngsville Police Department"
"384",2020,"LA0240200","Plaquemine",NA,"LA","West South Central","South","IBERVILLE","City","Cities from 2,500 thru 9,999",6479,17,2,19,3,7,10,20,9,29,4.48,"PLAQUEMINE POLICE DEPARTMENT                      ","Plaquemine Police Department"
"385",2020,"LA0570100","Abbeville",NA,"LA","West South Central","South","VERMILION","City","Cities from 10,000 thru 24,999",12018,26,1,27,8,2,10,34,3,37,3.08,"ABBEVILLE POLICE DEPARTMENT                       ","Abbeville Police Department"
"386",2020,"LA0100700","Iowa",NA,"LA","West South Central","South","CALCASIEU","City","Cities from 2,500 thru 9,999",3184,12,1,13,2,3,5,14,4,18,5.65,"IOWA POLICE DEPARTMENT                            ","Iowa Police Department"
"387",2020,"LA0200100","Basile",NA,"LA","West South Central","South","ACADIA, EVANGELINE","City","Cities under 2,500",1779,7,0,7,1,1,2,8,1,9,5.06,"BASILE POLICE DEPARTMENT                          ","Basile Police Department"
"388",2020,"LA0640100","Winnfield",NA,"LA","West South Central","South","WINN","City","Cities from 2,500 thru 9,999",4201,12,1,13,2,7,9,14,8,22,5.24,"WINNFIELD POLICE DEPT                             ","Winnfield Police Police Department"
"389",2020,"LA0490100","Eunice",NA,"LA","West South Central","South","ACADIA, ST LANDRY","City","Cities from 2,500 thru 9,999",9751,23,3,26,6,8,14,29,11,40,4.1,"EUNICE POLICE DEPARTMENT                          ","Eunice Police Department"
"390",2020,"LA0410000","Red River",NA,"LA","West South Central","South","RED RIVER","County","Non-MSA counties under 10,000",6574,40,13,53,4,11,15,44,24,68,10.34,"RED RIVER PARISH SHERIFF'S OFFICE                 ","Red River Parish Sheriff's Office"
"391",2020,"LA0370900","Tensas Basin Levee District",NA,"LA","West South Central","South","OUACHITA","Other State Agency","Cities under 2,500",0,2,0,2,0,1,1,2,1,3,NA,"TENSAS BASIN LEVEE DISTRICT POLICE                ","Tensas Basin Levee District Police"
"392",2020,"LA0080400","Haughton",NA,"LA","West South Central","South","BOSSIER","City","Cities from 2,500 thru 9,999",3278,13,0,13,0,1,1,13,1,14,4.27,"HAUGHTON POLICE DEPARTMENT                        ","Haughton Police Department"
"393",2020,"LA0510400","Patterson",NA,"LA","West South Central","South","ST MARY","City","Cities from 2,500 thru 9,999",5758,15,0,15,10,0,10,25,0,25,4.34,"PATTERSON POLICE DEPARTMENT                       ","Patterson Police Department"
"394",2020,"LA0280700","University of Louisiana:","Lafayette","LA","West South Central","South","LAFAYETTE","University or College","Cities under 2,500",0,34,1,35,5,2,7,39,3,42,NA,"UNIVERSITY OF LOUISIANA AT LAFAYETTE POLICE       ","University Of Louisiana At Lafayette Police"
"395",2020,"LA0320100","Denham Springs",NA,"LA","West South Central","South","LIVINGSTON","City","Cities from 2,500 thru 9,999",9688,26,0,26,3,10,13,29,10,39,4.03,"DENHAM SPRINGS POLICE DEPARTMENT                  ","Denham Springs Police Department"
"396",2020,"LA0060000","Beauregard",NA,"LA","West South Central","South","BEAUREGARD","County","Non-MSA counties from 25,000 thru 99,999",26323,66,11,77,25,16,41,91,27,118,4.48,"BEAUREGARD PARISH SHERIFF'S OFFICE                ","Beauregard Parish Sheriff's Office"
"397",2020,"LADI00500","Tunica-Biloxi Tribal",NA,"LA","West South Central","South","NOT SPECIFIED","Tribal","Cities under 2,500",0,11,0,11,1,1,2,12,1,13,NA,"TUNICA-BILOXI TRIBAL POLICE DEPARTMENT            ","Tunica-Biloxi Tribal Police Department"
"398",2020,"LA0010200","Rayne",NA,"LA","West South Central","South","ACADIA","City","Cities from 2,500 thru 9,999",7997,19,0,19,4,1,5,23,1,24,3,"RAYNE POLICE DEPARTMENT                           ","Rayne Police Department"
"399",2020,"LA0270300","Lake Arthur",NA,"LA","West South Central","South","JEFFERSON DAVIS","City","Cities from 2,500 thru 9,999",2749,5,0,5,4,0,4,9,0,9,3.27,"LAKE ARTHUR POLICE DEPARTMENT                     ","Lake Arthur Police Department"
"400",2020,"LA0280300","Lafayette",NA,"LA","West South Central","South","LAFAYETTE","City","Cities from 100,000 thru 249,999",126679,233,3,236,42,49,91,275,52,327,2.58,"LAFAYETTE POLICE DEPARTMENT                       ","Lafayette Police Department"
"401",2020,"LA0420200","Rayville",NA,"LA","West South Central","South","RICHLAND","City","Cities from 2,500 thru 9,999",3450,9,0,9,1,0,1,10,0,10,2.9,"RAYVILLE POLICE DEPARTMENT                        ","Rayville Police Department"
"402",2020,"LA0370100","Monroe",NA,"LA","West South Central","South","OUACHITA","City","Cities from 25,000 thru 49,999",47119,106,7,113,17,28,45,123,35,158,3.35,"MONROE POLICE DEPARTMENT                          ","Monroe Police Department"
"403",2020,"LA0490200","Opelousas",NA,"LA","West South Central","South","ST LANDRY","City","Cities from 10,000 thru 24,999",15820,36,1,37,9,12,21,45,13,58,3.67,"OPELOUSAS POLICE DEPARTMENT                       ","Opelousas Police Department"
"404",2020,"LA0610100","Port Allen",NA,"LA","West South Central","South","WEST BATON ROUGE","City","Cities from 2,500 thru 9,999",4695,17,0,17,3,1,4,20,1,21,4.47,"PORT ALLEN POLICE DEPARTMENT                      ","Port Allen Police Department"
"405",2020,"LA0640000","Winn",NA,"LA","West South Central","South","WINN","County","Non-MSA counties under 10,000",9507,15,9,24,2,13,15,17,22,39,4.1,"WINN PARISH SHERIFF'S OFFICE                      ","Winn Parish Sheriff's Office"
"406",2020,"LA0460000","St. Helena",NA,"LA","West South Central","South","ST HELENA","County","MSA counties under 10,000",9101,26,1,27,3,15,18,29,16,45,4.94,"ST. HELENA PARISH SHERIFF'S OFFICE                ","St. Helena Parish Sheriff's Office"
"407",2020,"LA0080300","Plain Dealing",NA,"LA","West South Central","South","BOSSIER","City","Cities under 2,500",936,3,0,3,1,0,1,4,0,4,4.27,"PLAIN DEALING POLICE DEPARTMENT                   ","Plain Dealing Police Department"
"408",2020,"LA0180000","East Carroll",NA,"LA","West South Central","South","EAST CARROLL","County","Non-MSA counties under 10,000",3371,17,8,25,1,18,19,18,26,44,13.05,"EAST CARROLL PARISH SHERIFF'S OFFICE              ","East Carroll Parish Sheriff's Office"
"409",2020,"LA0230000","Iberia",NA,"LA","West South Central","South","IBERIA","County","MSA counties from 25,000 thru 99,999",35454,67,38,105,34,47,81,101,85,186,5.25,"IBERIA PARISH SHERIFF'S OFFICE                    ","Iberia Parish Sheriff's Office"
"410",2020,"LA0420000","Richland",NA,"LA","West South Central","South","RICHLAND","County","Non-MSA counties from 10,000 thru 24,999",16531,64,12,76,42,15,57,106,27,133,8.05,"RICHLAND PARISH SHERIFF'S OFFICE                  ","Richland Parish Sheriff's Office"
"411",2020,"LA0240000","Iberville",NA,"LA","West South Central","South","IBERVILLE","County","MSA counties from 10,000 thru 24,999",14248,76,22,98,7,42,49,83,64,147,10.32,"IBERVILLE PARISH SHERIFF'S OFFICE                 ","Iberville Parish Sheriff's Office"
"412",2020,"LA0570400","Erath",NA,"LA","West South Central","South","VERMILION","City","Cities under 2,500",2031,6,1,7,1,3,4,7,4,11,5.42,"ERATH POLICE DEPARTMENT                           ","Erath Police Department"
"413",2020,"LA0030000","Ascension",NA,"LA","West South Central","South","ASCENSION","County","MSA counties 100,000 or over",117322,218,20,238,47,65,112,265,85,350,2.98,"ASCENSION PARISH SHERIFF'S OFFICE                 ","Ascension Parish Sheriff's Office"
"414",2020,"LA0540000","Tensas",NA,"LA","West South Central","South","TENSAS","County","Non-MSA counties under 10,000",4230,15,1,16,4,14,18,19,15,34,8.04,"TENSAS PARISH SHERIFF'S OFFICE                    ","Tensas Parish Sheriff's Office"
"415",2020,"LA0370300","Sterlington",NA,"LA","West South Central","South","OUACHITA","City","Cities from 2,500 thru 9,999",3135,3,0,3,0,0,0,3,0,3,0.96,"STERLINGTON POLICE DEPARTMENT                     ","Sterlington Police Department"
"416",2020,"LA0280000","Lafayette",NA,"LA","West South Central","South","LAFAYETTE","County","MSA counties from 25,000 thru 99,999",70679,383,132,515,110,87,197,493,219,712,10.07,"LAFAYETTE PARISH SHERIFF'S OFFICE                 ","Lafayette Parish Sheriff's Office"
"417",2020,"LA0020100","Kinder",NA,"LA","West South Central","South","ALLEN","City","Cities under 2,500",2357,10,0,10,1,4,5,11,4,15,6.36,"KINDER POLICE DEPARTMENT                          ","Kinder Police Department"
"418",2020,"LA0510000","St. Mary",NA,"LA","West South Central","South","ST MARY","County","Non-MSA counties from 10,000 thru 24,999",19119,88,0,88,55,0,55,143,0,143,7.48,"ST. MARY PARISH SHERIFF'S OFFICE                  ","St. Mary Parish Sheriff's Office"
"419",2020,"LA0100000","Calcasieu",NA,"LA","West South Central","South","CALCASIEU","County","MSA counties from 25,000 thru 99,999",90323,393,173,566,123,175,298,516,348,864,9.57,"CALCASIEU PARISH SHERIFF'S OFFICE                 ","Calcasieu Parish Sheriff's Office"
"420",2020,"LA0110000","Caldwell",NA,"LA","West South Central","South","CALDWELL","County","Non-MSA counties under 10,000",9858,18,0,18,10,0,10,28,0,28,2.84,"CALDWELL PARISH SHERIFF'S OFFICE                  ","Caldwell Parish Sheriff's Office"
"421",2020,"LA0170100","Baker",NA,"LA","West South Central","South","EAST BATON ROUGE","City","Cities from 10,000 thru 24,999",13122,24,0,24,10,2,12,34,2,36,2.74,"BAKER POLICE DEPARTMENT                           ","Baker Police Department"
"422",2020,"LA0490000","St. Landry",NA,"LA","West South Central","South","ST LANDRY","County","Non-MSA counties from 25,000 thru 99,999",48359,80,50,130,24,64,88,104,114,218,4.51,"ST. LANDRY PARISH SHERIFF'S OFFICE                ","St. Landry Parish Sheriff's Office"
"423",2020,"LA0330000","Madison",NA,"LA","West South Central","South","MADISON","County","Non-MSA counties under 10,000",4196,26,0,26,1,8,9,27,8,35,8.34,"MADISON PARISH SHERIFF'S OFFICE                   ","Madison Parish Sheriff's Office"
"424",2020,"LA0500000","St. Martin",NA,"LA","West South Central","South","ST MARTIN","County","MSA counties from 25,000 thru 99,999",38582,69,44,113,34,51,85,103,95,198,5.13,"ST. MARTIN PARISH SHERIFF'S OFFICE                ","St. Martin Parish Sheriff's Office"
"425",2020,"LA0020000","Allen",NA,"LA","West South Central","South","ALLEN","County","Non-MSA counties from 10,000 thru 24,999",13906,27,61,88,1,16,17,28,77,105,7.55,"ALLEN PARISH SHERIFF'S OFFICE                     ","Allen Parish Sheriff's Office"
"426",2020,"LA0010100","Crowley",NA,"LA","West South Central","South","ACADIA","City","Cities from 10,000 thru 24,999",12515,29,0,29,3,6,9,32,6,38,3.04,"CROWLEY POLICE DEPARTMENT                         ","Crowley Police Department"
"427",2020,"LA0500100","Breaux Bridge",NA,"LA","West South Central","South","ST MARTIN","City","Cities from 2,500 thru 9,999",8149,17,0,17,9,3,12,26,3,29,3.56,"BREAUX BRIDGE POLICE DEPARTMENT                   ","Breaux Bridge Police Department"
"428",2020,"LA0310200","Ruston",NA,"LA","West South Central","South","LINCOLN","City","Cities from 10,000 thru 24,999",21846,32,2,34,5,10,15,37,12,49,2.24,"RUSTON POLICE DEPARTMENT                          ","Ruston Police Department"
"429",2020,"LA0400100","Alexandria",NA,"LA","West South Central","South","RAPIDES","City","Cities from 25,000 thru 49,999",45986,110,2,112,17,30,47,127,32,159,3.46,"ALEXANDRIA POLICE DEPARTMENT                      ","Alexandria Police Department"
"430",2020,"LA0510600","Chitimacha Tribal",NA,"LA","West South Central","South","NOT SPECIFIED","Tribal","Cities under 2,500",0,7,0,7,8,0,8,15,0,15,NA,"CHITIMACHA TRIBAL POLICE DEPARTMENT               ","Chitimacha Tribal Police Department"
"431",2020,"LA0510100","Berwick",NA,"LA","West South Central","South","ST MARY","City","Cities from 2,500 thru 9,999",4365,12,0,12,1,1,2,13,1,14,3.21,"BERWICK POLICE DEPARTMENT                         ","Berwick Police Department"
"432",2020,"LA0580000","Vernon",NA,"LA","West South Central","South","VERNON","County","Non-MSA counties from 25,000 thru 99,999",37058,48,26,74,6,34,40,54,60,114,3.08,"VERNON PARISH SHERIFF'S OFFICE                    ","Vernon Parish Sheriff's Office"
"433",2020,"LA0400200","Pineville",NA,"LA","West South Central","South","RAPIDES","City","Cities from 10,000 thru 24,999",14079,57,1,58,12,7,19,69,8,77,5.47,"PINEVILLE POLICE DEPARTMENT                       ","Pineville Police Department"
"434",2020,"LA0270200","Jennings",NA,"LA","West South Central","South","JEFFERSON DAVIS","City","Cities from 2,500 thru 9,999",9737,15,0,15,6,6,12,21,6,27,2.77,"JENNINGS POLICE DEPARTMENT                        ","Jennings Police Department"
"435",2020,"LA0530900","Southeastern Louisiana University",NA,"LA","West South Central","South","TANGIPAHOA","University or College","Cities under 2,500",0,20,0,20,3,5,8,23,5,28,NA,"SOUTHEASTERN LOUISIANA UNIVERSITY POLICE          ","Southeastern Louisiana University Police"
"436",2019,"LA0100800","McNeese State University",NA,"LA","West South Central","South","CALCASIEU","University or College","Cities under 2,500",0,7,1,8,3,5,8,10,6,16,NA,"MCNEESE STATE UNIVERSITY POLICE                   ","Mcneese State University Police"
"437",2019,"LA0040000","Assumption",NA,"LA","West South Central","South","ASSUMPTION","County","MSA counties from 10,000 thru 24,999",22045,38,7,45,21,17,38,59,24,83,3.77,"ASSUMPTION PARISH SHERIFF'S OFFICE                ","Assumption Parish Sheriff's Office"
"438",2019,"LA0200000","Evangeline",NA,"LA","West South Central","South","EVANGELINE","County","Non-MSA counties from 10,000 thru 24,999",21207,18,15,33,0,13,13,18,28,46,2.17,"EVANGELINE PARISH SHERIFF'S OFFICE                ","Evangeline Parish Sheriff's Office"
"439",2019,"LA0150200","Vidalia",NA,"LA","West South Central","South","CONCORDIA","City","Cities from 2,500 thru 9,999",3871,24,0,24,5,6,11,29,6,35,9.04,"VIDALIA POLICE DEPARTMENT                         ","Vidalia Police Department"
"440",2019,"LA0630000","West Feliciana",NA,"LA","West South Central","South","WEST FELICIANA","County","MSA counties from 10,000 thru 24,999",15348,40,0,40,27,0,27,67,0,67,4.37,"WEST FELICIANA PARISH SHERIFF'S OFFICE            ","West Feliciana Parish Sheriff's Office"
"441",2019,"LA0270400","Welsh",NA,"LA","West South Central","South","JEFFERSON DAVIS","City","Cities from 2,500 thru 9,999",3254,10,0,10,5,1,6,15,1,16,4.92,"WELSH POLICE DEPARTMENT                           ","Welsh Police Department"
"442",2019,"LA0310700","Louisiana Tech University",NA,"LA","West South Central","South","LINCOLN","University or College","Cities under 2,500",0,18,0,18,1,1,2,19,1,20,NA,"LOUISIANA TECH UNIVERSITY POLICE                  ","Louisiana Tech University Police"
"443",2019,"LA0370900","Tensas Basin Levee District",NA,"LA","West South Central","South","OUACHITA","Other State Agency","Cities under 2,500",0,2,0,2,0,1,1,2,1,3,NA,"TENSAS BASIN LEVEE DISTRICT POLICE                ","Tensas Basin Levee District Police"
"444",2019,"LA0361200","Southern University and A&M College:","New Orleans","LA","West South Central","South","ORLEANS","University or College","Cities under 2,500",0,8,0,8,6,2,8,14,2,16,NA,"SOUTHERN UNIV PD NEW ORLEANS                      ","Southern Univ Police Department New Orleans"
"445",2019,"LA0090100","Shreveport",NA,"LA","West South Central","South","BOSSIER, CADDO","City","Cities from 100,000 thru 249,999",187556,415,43,458,121,130,251,536,173,709,3.78,"SHREVEPORT POLICE DEPARTMENT                      ","Shreveport Police Department"
"446",2019,"LA0490100","Eunice",NA,"LA","West South Central","South","ACADIA, ST LANDRY","City","Cities from 2,500 thru 9,999",9939,17,4,21,5,10,15,22,14,36,3.62,"EUNICE POLICE DEPARTMENT                          ","Eunice Police Department"
"447",2019,"LA0080000","Bossier",NA,"LA","West South Central","South","BOSSIER","County","MSA counties from 25,000 thru 99,999",50623,280,32,312,50,52,102,330,84,414,8.18,"BOSSIER PARISH SHERIFF'S OFFICE                   ","Bossier Parish Sheriff's Office"
"448",2019,"LA0140000","Claiborne",NA,"LA","West South Central","South","CLAIBORNE","County","Non-MSA counties from 10,000 thru 24,999",13655,19,15,34,12,24,36,31,39,70,5.13,"CLAIBORNE PARISH SHERIFF'S OFFICE                 ","Claiborne Parish Sheriff's Office"
"449",2019,"LA0090400","Blanchard",NA,"LA","West South Central","South","CADDO","City","Cities from 2,500 thru 9,999",3147,6,0,6,0,1,1,6,1,7,2.22,"BLANCHARD POLICE DEPARTMENT                       ","Blanchard Police Department"
"450",2019,"LA0430000","Sabine",NA,"LA","West South Central","South","SABINE","County","Non-MSA counties from 10,000 thru 24,999",18426,64,0,64,25,0,25,89,0,89,4.83,"SABINE PARISH SHERIFF'S OFFICE                    ","Sabine Parish Sheriff's Office"
"451",2019,"LA0410000","Red River",NA,"LA","West South Central","South","RED RIVER","County","Non-MSA counties under 10,000",6583,39,22,61,3,6,9,42,28,70,10.63,"RED RIVER PARISH SHERIFF'S OFFICE                 ","Red River Parish Sheriff's Office"
"452",2019,"LA0100500","Westlake",NA,"LA","West South Central","South","CALCASIEU","City","Cities from 2,500 thru 9,999",4959,12,2,14,5,1,6,17,3,20,4.03,"WESTLAKE POLICE DEPARTMENT                        ","Westlake Police Department"
"453",2019,"LA0160100","Mansfield",NA,"LA","West South Central","South","DE SOTO","City","Cities from 2,500 thru 9,999",4695,12,0,12,2,6,8,14,6,20,4.26,"MANSFIELD POLICE DEPARTMENT                       ","Mansfield Police Department"
"454",2019,"LA0080400","Haughton",NA,"LA","West South Central","South","BOSSIER","City","Cities from 2,500 thru 9,999",3372,13,0,13,0,1,1,13,1,14,4.15,"HAUGHTON POLICE DEPARTMENT                        ","Haughton Police Department"
"455",2019,"LA0270300","Lake Arthur",NA,"LA","West South Central","South","JEFFERSON DAVIS","City","Cities from 2,500 thru 9,999",2778,6,0,6,3,0,3,9,0,9,3.24,"LAKE ARTHUR POLICE DEPARTMENT                     ","Lake Arthur Police Department"
"456",2019,"LA0280300","Lafayette",NA,"LA","West South Central","South","LAFAYETTE","City","Cities from 100,000 thru 249,999",126694,239,4,243,41,50,91,280,54,334,2.64,"LAFAYETTE POLICE DEPARTMENT                       ","Lafayette Police Department"
"457",2019,"LA0480000","St. John the Baptist",NA,"LA","West South Central","South","ST JOHN THE BAPTIST","County","MSA counties from 25,000 thru 99,999",42643,156,7,163,69,16,85,225,23,248,5.82,"ST. JOHN THE BAPTIST PARISH SHERIFF'S OFFICE      ","St. John The Baptist Parish Sheriff's Office"
"458",2019,"LA0560200","Bernice",NA,"LA","West South Central","South","UNION","City","Cities under 2,500",1611,2,0,2,0,0,0,2,0,2,1.24,"BERNICE POLICE DEPARTMENT                         ","Bernice Police Department"
"459",2019,"LA0090000","Caddo",NA,"LA","West South Central","South","CADDO","County","MSA counties from 25,000 thru 99,999",47495,310,32,342,104,169,273,414,201,615,12.95,"CADDO PARISH SHERIFF'S OFFICE                     ","Caddo Parish Sheriff's Office"
"460",2019,"LA0060100","De Ridder",NA,"LA","West South Central","South","BEAUREGARD, VERNON","City","Cities from 10,000 thru 24,999",10765,20,0,20,5,5,10,25,5,30,2.79,"DERIDDER POLICE DEPARTMENT                        ","Deridder Police Department"
"461",2019,"LA0250000","Jackson",NA,"LA","West South Central","South","JACKSON","County","Non-MSA counties from 10,000 thru 24,999",10433,39,125,164,2,99,101,41,224,265,25.4,"JACKSON PARISH SHERIFF'S OFFICE                   ","Jackson Parish Sheriff's Office"
"462",2019,"LA0600700","Sibley",NA,"LA","West South Central","South","WEBSTER","City","Cities under 2,500",1144,2,0,2,0,0,0,2,0,2,1.75,"SIBLEY POLICE DEPARTMENT                          ","Sibley Police Department"
"463",2019,"LA0370200","West Monroe",NA,"LA","West South Central","South","OUACHITA","City","Cities from 10,000 thru 24,999",12350,45,5,50,1,16,17,46,21,67,5.43,"WEST MONROE POLICE DEPARTMENT                     ","West Monroe Police Department"
"464",2019,"LA0600000","Webster",NA,"LA","West South Central","South","WEBSTER","County","Non-MSA counties from 10,000 thru 24,999",19033,96,12,108,26,16,42,122,28,150,7.88,"WEBSTER PARISH SHERIFF'S OFFICE                   ","Webster Parish Sheriff's Office"
"465",2019,"LA0510300","Morgan City",NA,"LA","West South Central","South","ST MARY","City","Cities from 10,000 thru 24,999",10749,37,2,39,10,4,14,47,6,53,4.93,"MORGAN CITY POLICE DEPARTMENT                     ","Morgan City Police Department"
"466",2019,"LA0240300","White Castle",NA,"LA","West South Central","South","IBERVILLE","City","Cities under 2,500",1711,4,1,5,3,1,4,7,2,9,5.26,"WHITE CASTLE POLICE DEPARTMENT                    ","White Castle Police Department"
"467",2019,"LA0490800","Krotz Springs",NA,"LA","West South Central","South","ST LANDRY","City","Cities under 2,500",1208,1,1,2,4,0,4,5,1,6,4.97,"KROTZ SPRINGS POLICE DEPARTMENT                   ","Krotz Springs Police Department"
"468",2019,"LA0010300","Church Point",NA,"LA","West South Central","South","ACADIA","City","Cities from 2,500 thru 9,999",4424,9,0,9,8,0,8,17,0,17,3.84,"CHURCH POINT POLICE DEPARTMENT                    ","Church Point Police Department"
"469",2019,"LA0160000","De Soto",NA,"LA","West South Central","South","DE SOTO","County","MSA counties from 10,000 thru 24,999",22679,85,7,92,16,38,54,101,45,146,6.44,"DE SOTO PARISH SHERIFF'S OFFICE                   ","De Soto Parish Sheriff's Office"
"470",2019,"LA0100300","Sulphur",NA,"LA","West South Central","South","CALCASIEU","City","Cities from 10,000 thru 24,999",20200,45,7,52,2,14,16,47,21,68,3.37,"SULPHUR POLICE DEPARTMENT                         ","Sulphur Police Department"
"471",2019,"LA0620200","Epps",NA,"LA","West South Central","South","WEST CARROLL","City","Cities under 2,500",819,1,0,1,0,1,1,1,1,2,2.44,"EPPS POLICE DEPARTMENT                            ","Epps Police Department"
"472",2019,"LA0610000","West Baton Rouge",NA,"LA","West South Central","South","WEST BATON ROUGE","County","MSA counties from 10,000 thru 24,999",13174,63,74,137,0,61,61,63,135,198,15.03,"WEST BATON ROUGE PARISH SHERIFF'S OFFICE          ","West Baton Rouge Parish Sheriff's Office"
"473",2019,"LA0091000","Greenwood",NA,"LA","West South Central","South","CADDO","City","Cities from 2,500 thru 9,999",3141,9,0,9,1,1,2,10,1,11,3.5,"GREENWOOD POLICE DEPARTMENT                       ","Greenwood Police Department"
"474",2019,"LA0220500","Pollock",NA,"LA","West South Central","South","GRANT","City","Cities under 2,500",479,3,0,3,1,1,2,4,1,5,10.44,"POLLOCK POLICE DEPARTMENT                         ","Pollock Police Department"
"475",2019,"LA0510400","Patterson",NA,"LA","West South Central","South","ST MARY","City","Cities from 2,500 thru 9,999",5806,14,0,14,11,0,11,25,0,25,4.31,"PATTERSON POLICE DEPARTMENT                       ","Patterson Police Department"
"476",2019,"LA0260200","Harahan",NA,"LA","West South Central","South","JEFFERSON","City","Cities from 2,500 thru 9,999",9298,20,6,26,1,1,2,21,7,28,3.01,"HARAHAN POLICE DEPARTMENT                         ","Harahan Police Department"
"477",2019,"LA0470100","Lutcher",NA,"LA","West South Central","South","ST JAMES","City","Cities from 2,500 thru 9,999",3192,2,0,2,0,0,0,2,0,2,0.63,"LUTCHER POLICE DEPARTMENT                         ","Lutcher Police Department"
"478",2019,"LA0361700","Louisiana State University:","Health Sciences Center, New Orleans","LA","West South Central","South","ORLEANS","University or College","Cities under 2,500",0,10,0,10,10,0,10,20,0,20,NA,"LSU HEALTH SCIENCES CENTER POLICE DEPARTMENT      ","Lsu Health Sciences Center Police Department"
"479",2019,"LA0420000","Richland",NA,"LA","West South Central","South","RICHLAND","County","Non-MSA counties from 10,000 thru 24,999",16514,71,12,83,44,18,62,115,30,145,8.78,"RICHLAND PARISH SHERIFF'S OFFICE                  ","Richland Parish Sheriff's Office"
"480",2019,"LA0290600","Nicholls State University",NA,"LA","West South Central","South","LAFOURCHE","University or College","Cities under 2,500",0,7,4,11,1,0,1,8,4,12,NA,"NICHOLLS STATE UNIVERSITY POLICE                  ","Nicholls State University Police"
"481",2019,"LA0170200","Baton Rouge",NA,"LA","West South Central","South","EAST BATON ROUGE","City","Cities from 100,000 thru 249,999",220648,559,9,568,57,145,202,616,154,770,3.49,"BATON ROUGE POLICE DEPARTMENT                     ","Baton Rouge Police Department"
"482",2019,"LA0351000","Northwestern State University",NA,"LA","West South Central","South","NATCHITOCHES","University or College","Cities under 2,500",0,17,1,18,4,5,9,21,6,27,NA,"NORTHWESTERN STATE UNIVERSITY OF LOUISIANA POLICE ","Northwestern State University Of Louisiana Police"
"483",2019,"LA0580000","Vernon",NA,"LA","West South Central","South","VERNON","County","Non-MSA counties from 25,000 thru 99,999",38260,57,22,79,7,32,39,64,54,118,3.08,"VERNON PARISH SHERIFF'S OFFICE                    ","Vernon Parish Sheriff's Office"
"484",2019,"LA0510600","Chitimacha Tribal",NA,"LA","West South Central","South","NOT SPECIFIED","Tribal","Cities under 2,500",0,8,0,8,8,0,8,16,0,16,NA,"CHITIMACHA TRIBAL POLICE DEPARTMENT               ","Chitimacha Tribal Police Department"
"485",2019,"LA0530900","Southeastern Louisiana University",NA,"LA","West South Central","South","TANGIPAHOA","University or College","Cities under 2,500",0,21,0,21,1,4,5,22,4,26,NA,"SOUTHEASTERN LOUISIANA UNIVERSITY POLICE          ","Southeastern Louisiana University Police"
"486",2019,"LA0530500","Independence",NA,"LA","West South Central","South","TANGIPAHOA","City","Cities under 2,500",1921,6,0,6,3,0,3,9,0,9,4.69,"INDEPENDENCE POLICE DEPARTMENT                    ","Independence Police Department"
"487",2019,"LA0510100","Berwick",NA,"LA","West South Central","South","ST MARY","City","Cities from 2,500 thru 9,999",4416,10,0,10,3,1,4,13,1,14,3.17,"BERWICK POLICE DEPARTMENT                         ","Berwick Police Department"
"488",2019,"LA0010100","Crowley",NA,"LA","West South Central","South","ACADIA","City","Cities from 10,000 thru 24,999",12621,41,0,41,8,2,10,49,2,51,4.04,"CROWLEY POLICE DEPARTMENT                         ","Crowley Police Department"
"489",2019,"LA0610300","Addis",NA,"LA","West South Central","South","WEST BATON ROUGE","City","Cities from 2,500 thru 9,999",5747,11,0,11,0,1,1,11,1,12,2.09,"ADDIS POLICE DEPARTMENT                           ","Addis Police Department"
"490",2019,"LA0270200","Jennings",NA,"LA","West South Central","South","JEFFERSON DAVIS","City","Cities from 2,500 thru 9,999",9886,16,0,16,6,6,12,22,6,28,2.83,"JENNINGS POLICE DEPARTMENT                        ","Jennings Police Department"
"491",2019,"LA0400200","Pineville",NA,"LA","West South Central","South","RAPIDES","City","Cities from 10,000 thru 24,999",14261,56,1,57,11,7,18,67,8,75,5.26,"PINEVILLE POLICE DEPARTMENT                       ","Pineville Police Department"
"492",2019,"LA0500100","Breaux Bridge",NA,"LA","West South Central","South","ST MARTIN","City","Cities from 2,500 thru 9,999",8237,13,0,13,6,2,8,19,2,21,2.55,"BREAUX BRIDGE POLICE DEPARTMENT                   ","Breaux Bridge Police Department"
"493",2019,"LA0450000","St. Charles",NA,"LA","West South Central","South","ST CHARLES","County","MSA counties from 25,000 thru 99,999",52579,185,62,247,48,116,164,233,178,411,7.82,"ST. CHARLES PARISH SHERIFF'S OFFICE               ","St. Charles Parish Sheriff's Office"
"494",2019,"LA0190100","Clinton",NA,"LA","West South Central","South","EAST FELICIANA","City","Cities under 2,500",1500,5,0,5,1,0,1,6,0,6,4,"CLINTON POLICE DEPT.                              ","Clinton Police Police Department"
"495",2019,"LA0470200","Gramercy",NA,"LA","West South Central","South","ST JAMES","City","Cities from 2,500 thru 9,999",3307,8,0,8,0,0,0,8,0,8,2.42,"GRAMERCY POLICE DEPARTMENT                        ","Gramercy Police Department"
"496",2019,"LA0430500","Florien",NA,"LA","West South Central","South","SABINE","City","Cities under 2,500",601,3,0,3,0,0,0,3,0,3,4.99,"FLORIEN POLICE DEPARTMENT                         ","Florien Police Department"
"497",2019,"LA0490200","Opelousas",NA,"LA","West South Central","South","ST LANDRY","City","Cities from 10,000 thru 24,999",16049,36,1,37,9,12,21,45,13,58,3.61,"OPELOUSAS POLICE DEPARTMENT                       ","Opelousas Police Department"
"498",2019,"LA0610100","Port Allen",NA,"LA","West South Central","South","WEST BATON ROUGE","City","Cities from 2,500 thru 9,999",4940,11,0,11,5,1,6,16,1,17,3.44,"PORT ALLEN POLICE DEPARTMENT                      ","Port Allen Police Department"
"499",2019,"LA0200200","Mamou",NA,"LA","West South Central","South","EVANGELINE","City","Cities from 2,500 thru 9,999",3151,8,0,8,5,0,5,13,0,13,4.13,"MAMOU POLICE DEPARTMENT                           ","Mamou Police Department"
"500",2019,"LA0640000","Winn",NA,"LA","West South Central","South","WINN","County","Non-MSA counties under 10,000",9607,24,0,24,13,0,13,37,0,37,3.85,"WINN PARISH SHERIFF'S OFFICE                      ","Winn Parish Sheriff's Office"
"501",2019,"LA0020100","Kinder",NA,"LA","West South Central","South","ALLEN","City","Cities under 2,500",2388,11,0,11,1,3,4,12,3,15,6.28,"KINDER POLICE DEPARTMENT                          ","Kinder Police Department"
"502",2019,"LA0560000","Union",NA,"LA","West South Central","South","UNION","County","MSA counties from 10,000 thru 24,999",16061,24,4,28,4,14,18,28,18,46,2.86,"UNION PARISH SHERIFF'S OFFICE                     ","Union Parish Sheriff's Office"
"503",2019,"LA0130000","Catahoula",NA,"LA","West South Central","South","CATAHOULA","County","Non-MSA counties under 10,000",9461,20,56,76,2,52,54,22,108,130,13.74,"CATAHOULA PARISH SHERIFF'S OFFICE                 ","Catahoula Parish Sheriff's Office"
"504",2019,"LA0400100","Alexandria",NA,"LA","West South Central","South","RAPIDES","City","Cities from 25,000 thru 49,999",46630,119,1,120,18,32,50,137,33,170,3.65,"ALEXANDRIA POLICE DEPARTMENT                      ","Alexandria Police Department"
"505",2019,"LA0310200","Ruston",NA,"LA","West South Central","South","LINCOLN","City","Cities from 10,000 thru 24,999",22148,31,2,33,3,10,13,34,12,46,2.08,"RUSTON POLICE DEPARTMENT                          ","Ruston Police Department"
"506",2019,"LA0280100","Broussard",NA,"LA","West South Central","South","LAFAYETTE, ST MARTIN","City","Cities from 10,000 thru 24,999",12985,31,0,31,1,4,5,32,4,36,2.77,"BROUSSARD POLICE DEPARTMENT                       ","Broussard Police Department"
"507",2019,"LA0360300","University of New Orleans",NA,"LA","West South Central","South","ORLEANS","University or College","Cities under 2,500",0,18,0,18,1,1,2,19,1,20,NA,"UNIVERSITY OF NEW ORLEANS POLICE DEPT.            ","University Of New Orleans Police Police Department"
"508",2019,"LA0120000","Cameron",NA,"LA","West South Central","South","CAMERON","County","MSA counties under 10,000",6934,55,2,57,16,9,25,71,11,82,11.83,"CAMERON PARISH SHERIFF'S OFFICE                   ","Cameron Parish Sheriff's Office"
"509",2019,"LA0290000","Lafourche",NA,"LA","West South Central","South","LAFOURCHE","County","MSA counties from 25,000 thru 99,999",78721,150,50,200,78,58,136,228,108,336,4.27,"LAFOURCHE PARISH SHERIFF'S OFFICE                 ","Lafourche Parish Sheriff's Office"
"510",2019,"LA0600400","Cullen",NA,"LA","West South Central","South","WEBSTER","City","Cities under 2,500",1069,0,0,0,1,0,1,1,0,1,0.94,"CULLEN POLICE DEPARTMENT                          ","Cullen Police Department"
"511",2019,"LA0370300","Sterlington",NA,"LA","West South Central","South","OUACHITA","City","Cities from 2,500 thru 9,999",2912,3,0,3,0,0,0,3,0,3,1.03,"STERLINGTON POLICE DEPARTMENT                     ","Sterlington Police Department"
"512",2019,"LA0320000","Livingston",NA,"LA","West South Central","South","LIVINGSTON","County","MSA counties 100,000 or over",120257,200,0,200,104,0,104,304,0,304,2.53,"LIVINGSTON PARISH SHERIFF'S OFFICE                ","Livingston Parish Sheriff's Office"
"513",2019,"LA0100200","Lake Charles",NA,"LA","West South Central","South","CALCASIEU","City","Cities from 50,000 thru 99,999",78733,125,2,127,16,31,47,141,33,174,2.21,"LAKE CHARLES POLICE DEPARTMENT                    ","Lake Charles Police Department"
"514",2019,"LA0240600","St. Gabriel",NA,"LA","West South Central","South","IBERVILLE","City","Cities from 2,500 thru 9,999",7458,13,8,21,1,0,1,14,8,22,2.95,"ST. GABRIEL POLICE DEPARTMENT                     ","St. Gabriel Police Department"
"515",2019,"LA0030200","Gonzales",NA,"LA","West South Central","South","ASCENSION","City","Cities from 10,000 thru 24,999",10940,38,0,38,2,5,7,40,5,45,4.11,"GONZALES POLICE DEPARTMENT                        ","Gonzales Police Department"
"516",2019,"LA0330000","Madison",NA,"LA","West South Central","South","MADISON","County","Non-MSA counties under 10,000",4284,21,3,24,2,7,9,23,10,33,7.7,"MADISON PARISH SHERIFF'S OFFICE                   ","Madison Parish Sheriff's Office"
"517",2019,"LA0510000","St. Mary",NA,"LA","West South Central","South","ST MARY","County","Non-MSA counties from 10,000 thru 24,999",19043,88,0,88,57,0,57,145,0,145,7.61,"ST. MARY PARISH SHERIFF'S OFFICE                  ","St. Mary Parish Sheriff's Office"
"518",2019,"LA0080100","Bossier City",NA,"LA","West South Central","South","BOSSIER","City","Cities from 50,000 thru 99,999",69044,144,2,146,18,34,52,162,36,198,2.87,"BOSSIER CITY POLICE DEPT                          ","Bossier City Police Police Department"
"519",2019,"LA0360200","Delgado Community College",NA,"LA","West South Central","South","ORLEANS","University or College","Cities under 2,500",0,23,4,27,5,6,11,28,10,38,NA,"DELGADO COMMUNITY COLLEGE POLICE                  ","Delgado Community College Police"
"520",2019,"LA0260100","Gretna",NA,"LA","West South Central","South","JEFFERSON","City","Cities from 10,000 thru 24,999",17729,84,13,97,19,30,49,103,43,146,8.24,"GRETNA POLICE DEPARTMENT                          ","Gretna Police Department"
"521",2019,"LA0460000","St. Helena",NA,"LA","West South Central","South","ST HELENA","County","MSA counties under 10,000",9195,26,3,29,3,15,18,29,18,47,5.11,"ST. HELENA PARISH SHERIFF'S OFFICE                ","St. Helena Parish Sheriff's Office"
"522",2019,"LANPD0000","New Orleans",NA,"LA","West South Central","South","ORLEANS","City","Cities from 250,000 thru 499,999",394498,885,113,998,269,181,450,1154,294,1448,3.67,"NEW ORLEANS POLICE DEPARTMENT                     ","New Orleans Police Department"
"523",2019,"LA0470000","St. James",NA,"LA","West South Central","South","ST JAMES","County","MSA counties from 10,000 thru 24,999",14293,44,18,62,15,26,41,59,44,103,7.21,"ST. JAMES PARISH SHERIFF'S OFFICE                 ","St. James Parish Sheriff's Office"
"524",2019,"LA0370000","Ouachita",NA,"LA","West South Central","South","OUACHITA","County","MSA counties from 25,000 thru 99,999",87249,268,0,268,124,0,124,392,0,392,4.49,"OUACHITA PARISH SHERIFF'S OFFICE                  ","Ouachita Parish Sheriff's Office"
"525",2019,"LA0300100","Jena",NA,"LA","West South Central","South","LA SALLE","City","Cities from 2,500 thru 9,999",3370,6,0,6,0,1,1,6,1,7,2.08,"JENA POLICE DEPARTMENT                            ","Jena Police Department"
"526",2019,"LA0370400","University of Louisiana:","Monroe","LA","West South Central","South","OUACHITA","University or College","Cities under 2,500",0,21,0,21,5,1,6,26,1,27,NA,"UNIVERSITY OF LOUISIANA - MONROE POLICE           ","University Of Louisiana - Monroe Police"
"527",2019,"LA0430700","Fisher",NA,"LA","West South Central","South","SABINE","City","Cities under 2,500",219,1,0,1,0,0,0,1,0,1,4.57,"FISHER POLICE DEPT                                ","Fisher Police Police Department"
"528",2019,"LA0620000","West Carroll",NA,"LA","West South Central","South","WEST CARROLL","County","Non-MSA counties under 10,000",8450,7,6,13,1,3,4,8,9,17,2.01,"WEST CARROLL PARISH SHERIFF'S OFFICE              ","West Carroll Parish Sheriff's Office"
"529",2019,"LA0030000","Ascension",NA,"LA","West South Central","South","ASCENSION","County","MSA counties 100,000 or over",115268,235,10,245,50,59,109,285,69,354,3.07,"ASCENSION PARISH SHERIFF'S OFFICE                 ","Ascension Parish Sheriff's Office"
"530",2019,"LA0540000","Tensas",NA,"LA","West South Central","South","TENSAS","County","Non-MSA counties under 10,000",4349,15,1,16,4,10,14,19,11,30,6.9,"TENSAS PARISH SHERIFF'S OFFICE                    ","Tensas Parish Sheriff's Office"
"531",2019,"LA0350000","Natchitoches",NA,"LA","West South Central","South","NATCHITOCHES","County","Non-MSA counties from 10,000 thru 24,999",20581,79,30,109,11,48,59,90,78,168,8.16,"NATCHITOCHES PARISH SHERIFF'S OFFICE              ","Natchitoches Parish Sheriff's Office"
"532",2019,"LA0460100","Greensburg",NA,"LA","West South Central","South","ST HELENA","City","Cities under 2,500",653,5,0,5,0,0,0,5,0,5,7.66,"GREENSBURG POLICE DEPARTMENT                      ","Greensburg Police Department"
"533",2019,"LA0590100","Bogalusa",NA,"LA","West South Central","South","WASHINGTON","City","Cities from 10,000 thru 24,999",11681,26,6,32,3,13,16,29,19,48,4.11,"BOGALUSA POLICE DEPARTMENT                        ","Bogalusa Police Department"
"534",2019,"LA0590000","Washington",NA,"LA","West South Central","South","WASHINGTON","County","Non-MSA counties from 25,000 thru 99,999",30807,52,0,52,13,10,23,65,10,75,2.43,"WASHINGTON PARISH SHERIFF'S OFFICE                ","Washington Parish Sheriff's Office"
"535",2019,"LA0180100","Lake Providence",NA,"LA","West South Central","South","EAST CARROLL","City","Cities from 2,500 thru 9,999",3496,6,1,7,0,4,4,6,5,11,3.15,"LAKE PROVIDENCE POLICE DEPARTMENT                 ","Lake Providence Police Department"
"536",2019,"LA0570200","Kaplan",NA,"LA","West South Central","South","VERMILION","City","Cities from 2,500 thru 9,999",4465,15,0,15,0,6,6,15,6,21,4.7,"KAPLAN POLICE DEPARTMENT                          ","Kaplan Police Department"
"537",2019,"LA0520300","Mandeville",NA,"LA","West South Central","South","ST TAMMANY","City","Cities from 10,000 thru 24,999",12331,33,2,35,3,8,11,36,10,46,3.73,"MANDEVILLE POLICE DEPARTMENT                      ","Mandeville Police Department"
"538",2019,"LA0080500","Louisiana State University:","Health Sciences Center, Shreveport","LA","West South Central","South","BOSSIER","University or College","Cities under 2,500",0,36,4,40,5,10,15,41,14,55,NA,"LOUISIANA STATE UNIVERSITY HEALTH SCIENCES CENTER ","Louisiana State University Health Sciences Center"
"539",2019,"LA0180000","East Carroll",NA,"LA","West South Central","South","EAST CARROLL","County","Non-MSA counties under 10,000",3418,16,9,25,1,20,21,17,29,46,13.46,"EAST CARROLL PARISH SHERIFF'S OFFICE              ","East Carroll Parish Sheriff's Office"
"540",2019,"LA0260400","Westwego",NA,"LA","West South Central","South","JEFFERSON","City","Cities from 2,500 thru 9,999",8415,33,0,33,5,0,5,38,0,38,4.52,"WESTWEGO POLICE DEPARTMENT                        ","Westwego Police Department"
"541",2019,"LA0170000","East Baton Rouge",NA,"LA","West South Central","South","EAST BATON ROUGE","County","MSA counties 100,000 or over",186544,545,15,560,172,109,281,717,124,841,4.51,"EAST BATON ROUGE PARISH SHERIFF'S OFFICE          ","East Baton Rouge Parish Sheriff's Office"
"542",2019,"LA0230000","Iberia",NA,"LA","West South Central","South","IBERIA","County","MSA counties from 25,000 thru 99,999",35778,72,25,97,40,39,79,112,64,176,4.92,"IBERIA PARISH SHERIFF'S OFFICE                    ","Iberia Parish Sheriff's Office"
"543",2019,"LA0560100","Farmerville",NA,"LA","West South Central","South","UNION","City","Cities from 2,500 thru 9,999",3725,8,0,8,5,0,5,13,0,13,3.49,"FARMERVILLE POLICE DEPARTMENT                     ","Farmerville Police Department"
"544",2019,"LA0600100","Minden",NA,"LA","West South Central","South","WEBSTER","City","Cities from 10,000 thru 24,999",11984,25,0,25,3,1,4,28,1,29,2.42,"MINDEN POLICE DEPARTMENT                          ","Minden Police Department"
"545",2019,"LA0380000","Plaquemines",NA,"LA","West South Central","South","PLAQUEMINES","County","MSA counties from 10,000 thru 24,999",23311,161,0,161,96,0,96,257,0,257,11.02,"PLAQUEMINES PARISH SHERIFF'S OFFICE               ","Plaquemines Parish Sheriff's Office"
"546",2019,"LA0600200","Springhill",NA,"LA","West South Central","South","WEBSTER","City","Cities from 2,500 thru 9,999",4792,13,1,14,2,1,3,15,2,17,3.55,"SPRINGHILL POLICE DEPARTMENT                      ","Springhill Police Department"
"547",2019,"LA0300200","Olla",NA,"LA","West South Central","South","LA SALLE","City","Cities under 2,500",1349,3,0,3,0,0,0,3,0,3,2.22,"OLLA POLICE DEPARTMENT                            ","Olla Police Department"
"548",2019,"LA0090300","Oil City",NA,"LA","West South Central","South","CADDO","City","Cities under 2,500",980,3,0,3,1,0,1,4,0,4,4.08,"OIL CITY POLICE DEPARTMENT                        ","Oil City Police Department"
"549",2019,"LA0280600","Scott",NA,"LA","West South Central","South","LAFAYETTE","City","Cities from 2,500 thru 9,999",8725,27,0,27,2,2,4,29,2,31,3.55,"SCOTT POLICE DEPARTMENT                           ","Scott Police Department"
"550",2019,"LA0200100","Basile",NA,"LA","West South Central","South","ACADIA, EVANGELINE","City","Cities under 2,500",1799,7,0,7,1,1,2,8,1,9,5,"BASILE POLICE DEPARTMENT                          ","Basile Police Department"
"551",2019,"LA0300000","La Salle",NA,"LA","West South Central","South","LA SALLE","County","Non-MSA counties from 10,000 thru 24,999",10112,27,1,28,3,16,19,30,17,47,4.65,"LA SALLE PARISH SHERIFF'S OFFICE                  ","La Salle Parish Sheriff's Office"
"552",2019,"LA0100700","Iowa",NA,"LA","West South Central","South","CALCASIEU","City","Cities from 2,500 thru 9,999",3262,11,1,12,2,4,6,13,5,18,5.52,"IOWA POLICE DEPARTMENT                            ","Iowa Police Department"
"553",2019,"LA0310000","Lincoln",NA,"LA","West South Central","South","LINCOLN","County","Non-MSA counties from 10,000 thru 24,999",18699,52,5,57,6,14,20,58,19,77,4.12,"LINCOLN PARISH SHERIFF'S OFFICE                   ","Lincoln Parish Sheriff's Office"
"554",2019,"LA0330100","Tallulah",NA,"LA","West South Central","South","MADISON","City","Cities from 2,500 thru 9,999",6701,8,1,9,1,3,4,9,4,13,1.94,"TALLULAH POLICE DEPT.                             ","Tallulah Police Police Department"
"555",2019,"LA0170300","Zachary",NA,"LA","West South Central","South","EAST BATON ROUGE","City","Cities from 10,000 thru 24,999",18009,31,0,31,11,3,14,42,3,45,2.5,"ZACHARY POLICE DEPARTMENT                         ","Zachary Police Department"
"556",2019,"LA0350100","Natchitoches",NA,"LA","West South Central","South","NATCHITOCHES","City","Cities from 10,000 thru 24,999",17747,46,1,47,6,12,18,52,13,65,3.66,"NATCHITOCHES POLICE DEPARTMENT                    ","Natchitoches Police Department"
"557",2019,"LA0430100","Many",NA,"LA","West South Central","South","SABINE","City","Cities from 2,500 thru 9,999",2704,10,0,10,1,0,1,11,0,11,4.07,"MANY POLICE DEPARTMENT                            ","Many Police Department"
"558",2019,"LA0400000","Rapides",NA,"LA","West South Central","South","RAPIDES","County","MSA counties from 25,000 thru 99,999",63662,333,19,352,46,76,122,379,95,474,7.45,"RAPIDES PARISH SHERIFF'S OFFICE                   ","Rapides Parish Sheriff's Office"
"559",2019,"LA0550100","Houma",NA,"LA","West South Central","South","TERREBONNE","City","Cities from 25,000 thru 49,999",32771,61,0,61,12,16,28,73,16,89,2.72,"HOUMA POLICE DEPARTMENT                           ","Houma Police Department"
"560",2019,"LA0490300","Arnaudville",NA,"LA","West South Central","South","ST LANDRY, ST MARTIN","City","Cities under 2,500",1054,4,0,4,1,4,5,5,4,9,8.54,"ARNAUDVILLE POLICE DEPARTMENT                     ","Arnaudville Police Department"
"561",2019,"LA0530800","Tickfaw",NA,"LA","West South Central","South","TANGIPAHOA","City","Cities under 2,500",787,5,0,5,0,0,0,5,0,5,6.35,"TICKFAW POLICE DEPARTMENT                         ","Tickfaw Police Department"
"562",2019,"LA0570000","Vermilion",NA,"LA","West South Central","South","VERMILION","County","MSA counties from 25,000 thru 99,999",38183,88,8,96,12,15,27,100,23,123,3.22,"VERMILION PARISH SHERIFF'S OFFICE                 ","Vermilion Parish Sheriff's Office"
"563",2019,"LA0280200","Carencro",NA,"LA","West South Central","South","LAFAYETTE","City","Cities from 2,500 thru 9,999",9387,27,0,27,2,2,4,29,2,31,3.3,"CARENCRO POLICE DEPARTMENT                        ","Carencro Police Department"
"564",2019,"LA0240200","Plaquemine",NA,"LA","West South Central","South","IBERVILLE","City","Cities from 2,500 thru 9,999",6562,19,1,20,3,5,8,22,6,28,4.27,"PLAQUEMINE POLICE DEPARTMENT                      ","Plaquemine Police Department"
"565",2019,"LA0190000","East Feliciana",NA,"LA","West South Central","South","EAST FELICIANA","County","MSA counties from 10,000 thru 24,999",16745,39,0,39,14,0,14,53,0,53,3.17,"EAST FELICIANA PARISH SHERIFF'S OFFICE            ","East Feliciana Parish Sheriff's Office"
"566",2019,"LA0340100","Bastrop",NA,"LA","West South Central","South","MOREHOUSE","City","Cities from 10,000 thru 24,999",10156,16,0,16,9,0,9,25,0,25,2.46,"BASTROP POLICE DEPARTMENT                         ","Bastrop Police Department"
"567",2019,"LA0280500","Youngsville",NA,"LA","West South Central","South","LAFAYETTE","City","Cities from 10,000 thru 24,999",15020,24,0,24,4,5,9,28,5,33,2.2,"YOUNGSVILLE POLICE DEPARTMENT                     ","Youngsville Police Department"
"568",2019,"LA0520700","Folsom",NA,"LA","West South Central","South","ST TAMMANY","City","Cities under 2,500",873,4,0,4,0,1,1,4,1,5,5.73,"FOLSOM POLICE DEPARTMENT                          ","Folsom Police Department"
"569",2019,"LA0100000","Calcasieu",NA,"LA","West South Central","South","CALCASIEU","County","MSA counties from 25,000 thru 99,999",89718,406,193,599,185,85,270,591,278,869,9.69,"CALCASIEU PARISH SHERIFF'S OFFICE                 ","Calcasieu Parish Sheriff's Office"
"570",2019,"LA0210000","Franklin",NA,"LA","West South Central","South","FRANKLIN","County","Non-MSA counties from 10,000 thru 24,999",19959,100,0,100,18,0,18,118,0,118,5.91,"FRANKLIN PARISH SHERIFF'S OFFICE                  ","Franklin Parish Sheriff's Office"
"571",2019,"LA0020000","Allen",NA,"LA","West South Central","South","ALLEN","County","Non-MSA counties from 10,000 thru 24,999",13754,27,42,69,1,33,34,28,75,103,7.49,"ALLEN PARISH SHERIFF'S OFFICE                     ","Allen Parish Sheriff's Office"
"572",2019,"LA0500000","St. Martin",NA,"LA","West South Central","South","ST MARTIN","County","MSA counties from 25,000 thru 99,999",38522,88,18,106,58,27,85,146,45,191,4.96,"ST. MARTIN PARISH SHERIFF'S OFFICE                ","St. Martin Parish Sheriff's Office"
"573",2019,"LA0010000","Acadia",NA,"LA","West South Central","South","ACADIA","County","MSA counties from 25,000 thru 99,999",36035,54,13,67,7,30,37,61,43,104,2.89,"ACADIA PARISH SHERIFF'S OFFICE                    ","Acadia Parish Sheriff's Office"
"574",2019,"LA0080700","Southern University and A&M College:","Shreveport","LA","West South Central","South","BOSSIER","University or College","Cities under 2,500",0,7,0,7,0,1,1,7,1,8,NA,"SOUTHERN UNIVERSITY AND A & M COLLEGE - SHREVEPORT","Southern University And A & M College - Shreveport"
"575",2019,"LA0170100","Baker",NA,"LA","West South Central","South","EAST BATON ROUGE","City","Cities from 10,000 thru 24,999",13240,22,1,23,5,8,13,27,9,36,2.72,"BAKER POLICE DEPARTMENT                           ","Baker Police Department"
"576",2019,"LA0390000","Pointe Coupee",NA,"LA","West South Central","South","POINTE COUPEE","County","MSA counties from 10,000 thru 24,999",20298,48,14,62,9,32,41,57,46,103,5.07,"POINTE COUPEE PARISH SHERIFF'S OFFICE             ","Pointe Coupee Parish Sheriff's Office"
"577",2019,"LA0220400","Georgetown",NA,"LA","West South Central","South","GRANT","City","Cities under 2,500",326,3,1,4,0,0,0,3,1,4,12.27,"GEORGETOWN POLICE DEPARTMENT                      ","Georgetown Police Department"
"578",2019,"LA0170400","Louisiana State University:","Baton Rouge","LA","West South Central","South","EAST BATON ROUGE","University or College","Cities under 2,500",0,43,8,51,7,10,17,50,18,68,NA,"LOUISIANA STATE UNIVERSITY POLICE DEPARTMENT      ","Louisiana State University Police Department"
"579",2019,"LA0490000","St. Landry",NA,"LA","West South Central","South","ST LANDRY","County","Non-MSA counties from 25,000 thru 99,999",48317,70,51,121,17,66,83,87,117,204,4.22,"ST. LANDRY PARISH SHERIFF'S OFFICE                ","St. Landry Parish Sheriff's Office"
"580",2019,"LA0290100","Golden Meadow",NA,"LA","West South Central","South","LAFOURCHE","City","Cities under 2,500",1969,5,0,5,0,2,2,5,2,7,3.56,"GOLDEN MEADOW POLICE DEPARTMENT                   ","Golden Meadow Police Department"
"581",2019,"LA0570100","Abbeville",NA,"LA","West South Central","South","VERMILION","City","Cities from 10,000 thru 24,999",12142,23,1,24,5,2,7,28,3,31,2.55,"ABBEVILLE POLICE DEPARTMENT                       ","Abbeville Police Department"
"582",2019,"LA0090800","Ida",NA,"LA","West South Central","South","CADDO","City","Cities under 2,500",205,1,0,1,0,0,0,1,0,1,4.88,"IDA POLICE DEPARTMENT                             ","Ida Police Department"
"583",2019,"LA0240000","Iberville",NA,"LA","West South Central","South","IBERVILLE","County","MSA counties from 10,000 thru 24,999",14339,73,17,90,4,40,44,77,57,134,9.35,"IBERVILLE PARISH SHERIFF'S OFFICE                 ","Iberville Parish Sheriff's Office"
"584",2019,"LA0530100","Hammond",NA,"LA","West South Central","South","TANGIPAHOA","City","Cities from 10,000 thru 24,999",20887,73,13,86,6,14,20,79,27,106,5.07,"HAMMOND POLICE DEPARTMENT                         ","Hammond Police Department"
"585",2019,"LA0640100","Winnfield",NA,"LA","West South Central","South","WINN","City","Cities from 2,500 thru 9,999",4307,10,1,11,0,5,5,10,6,16,3.71,"WINNFIELD POLICE DEPT                             ","Winnfield Police Police Department"
"586",2019,"LA0150000","Concordia",NA,"LA","West South Central","South","CONCORDIA","County","Non-MSA counties from 10,000 thru 24,999",12242,25,130,155,1,137,138,26,267,293,23.93,"CONCORDIA PARISH SHERIFF'S OFFICE                 ","Concordia Parish Sheriff's Office"
"587",2019,"LA0060000","Beauregard",NA,"LA","West South Central","South","BEAUREGARD","County","Non-MSA counties from 25,000 thru 99,999",25805,57,2,59,11,18,29,68,20,88,3.41,"BEAUREGARD PARISH SHERIFF'S OFFICE                ","Beauregard Parish Sheriff's Office"
"588",2019,"LA0320600","Port Vincent",NA,"LA","West South Central","South","LIVINGSTON","City","Cities under 2,500",751,3,0,3,0,0,0,3,0,3,3.99,"PORT VINCENT POLICE DEPT.                         ","Port Vincent Police Police Department"
"589",2019,"LA0280700","University of Louisiana:","Lafayette","LA","West South Central","South","LAFAYETTE","University or College","Cities under 2,500",0,28,1,29,4,2,6,32,3,35,NA,"UNIVERSITY OF LOUISIANA AT LAFAYETTE POLICE       ","University Of Louisiana At Lafayette Police"
"590",2019,"LA0320100","Denham Springs",NA,"LA","West South Central","South","LIVINGSTON","City","Cities from 2,500 thru 9,999",9713,26,0,26,3,8,11,29,8,37,3.81,"DENHAM SPRINGS POLICE DEPARTMENT                  ","Denham Springs Police Department"
"591",2019,"LA0370100","Monroe",NA,"LA","West South Central","South","OUACHITA","City","Cities from 25,000 thru 49,999",47746,113,9,122,17,30,47,130,39,169,3.54,"MONROE POLICE DEPARTMENT                          ","Monroe Police Department"
"592",2019,"LA0290500","Thibodaux",NA,"LA","West South Central","South","LAFOURCHE","City","Cities from 10,000 thru 24,999",14587,40,3,43,13,9,22,53,12,65,4.46,"THIBODAUX POLICE DEPARTMENT                       ","Thibodaux Police Department"
"593",2019,"LA0320700","French Settlement",NA,"LA","West South Central","South","LIVINGSTON","City","Cities under 2,500",1182,5,0,5,0,0,0,5,0,5,4.23,"FRENCH SETTLEMENT POLICE DEPARTMENT               ","French Settlement Police Department"
"594",2019,"LA0320300","Walker",NA,"LA","West South Central","South","LIVINGSTON","City","Cities from 2,500 thru 9,999",6296,18,0,18,1,4,5,19,4,23,3.65,"WALKER POLICE DEPARTMENT                          ","Walker Police Department"
"595",2019,"LA0580100","Leesville",NA,"LA","West South Central","South","VERNON","City","Cities from 2,500 thru 9,999",5617,14,1,15,4,7,11,18,8,26,4.63,"LEESVILLE POLICE DEPARTMENT                       ","Leesville Police Department"
"596",2019,"LA0590200","Franklinton",NA,"LA","West South Central","South","WASHINGTON","City","Cities from 2,500 thru 9,999",3761,16,0,16,1,6,7,17,6,23,6.12,"FRANKLINTON POLICE DEPARTMENT                     ","Franklinton Police Department"
"597",2019,"LA0560400","Marion",NA,"LA","West South Central","South","UNION","City","Cities under 2,500",741,1,0,1,0,0,0,1,0,1,1.35,"MARION POLICE DEPARTMENT                          ","Marion Police Department"
"598",2019,"LA0010200","Rayne",NA,"LA","West South Central","South","ACADIA","City","Cities from 2,500 thru 9,999",8088,18,0,18,3,1,4,21,1,22,2.72,"RAYNE POLICE DEPARTMENT                           ","Rayne Police Department"
"599",2019,"LADI00500","Tunica-Biloxi Tribal",NA,"LA","West South Central","South","NOT SPECIFIED","Tribal","Cities under 2,500",0,11,0,11,1,1,2,12,1,13,NA,"TUNICA-BILOXI TRIBAL POLICE DEPARTMENT            ","Tunica-Biloxi Tribal Police Department"
"600",2019,"LA0070000","Bienville",NA,"LA","West South Central","South","BIENVILLE","County","Non-MSA counties from 10,000 thru 24,999",11753,36,9,45,4,15,19,40,24,64,5.45,"BIENVILLE PARISH SHERIFF'S OFFICE                 ","Bienville Parish Sheriff's Office"
"601",2019,"LA0530300","Ponchatoula",NA,"LA","West South Central","South","TANGIPAHOA","City","Cities from 2,500 thru 9,999",7478,25,0,25,1,6,7,26,6,32,4.28,"PONCHATOULA POLICE DEPARTMENT                     ","Ponchatoula Police Department"
"602",2019,"LA0570400","Erath",NA,"LA","West South Central","South","VERMILION","City","Cities under 2,500",2059,6,0,6,1,4,5,7,4,11,5.34,"ERATH POLICE DEPARTMENT                           ","Erath Police Department"
"603",2018,"LA0050000","Avoyelles",NA,"LA","West South Central","South","AVOYELLES","County","Non-MSA counties from 25,000 thru 99,999",26071,44,2,46,21,22,43,65,24,89,3.41,"AVOYELLES PARISH SHERIFF'S OFFICE                 ","Avoyelles Parish Sheriff's Office"
"604",2018,"LANPD0000","New Orleans",NA,"LA","West South Central","South","ORLEANS","City","Cities from 250,000 thru 499,999",396374,933,75,1008,276,173,449,1209,248,1457,3.68,"NEW ORLEANS POLICE DEPARTMENT                     ","New Orleans Police Department"
"605",2018,"LA0100300","Sulphur",NA,"LA","West South Central","South","CALCASIEU","City","Cities from 10,000 thru 24,999",20250,45,10,55,1,14,15,46,24,70,3.46,"SULPHUR POLICE DEPARTMENT                         ","Sulphur Police Department"
"606",2018,"LA0280500","Youngsville",NA,"LA","West South Central","South","LAFAYETTE","City","Cities from 10,000 thru 24,999",14370,23,0,23,2,4,6,25,4,29,2.02,"YOUNGSVILLE POLICE DEPARTMENT                     ","Youngsville Police Department"
"607",2018,"LA0240200","Plaquemine",NA,"LA","West South Central","South","IBERVILLE","City","Cities from 2,500 thru 9,999",6660,19,1,20,6,2,8,25,3,28,4.2,"PLAQUEMINE POLICE DEPARTMENT                      ","Plaquemine Police Department"
"608",2018,"LA0340100","Bastrop",NA,"LA","West South Central","South","MOREHOUSE","City","Cities from 10,000 thru 24,999",10270,20,0,20,12,0,12,32,0,32,3.12,"BASTROP POLICE DEPARTMENT                         ","Bastrop Police Department"
"609",2018,"LA0190000","East Feliciana",NA,"LA","West South Central","South","EAST FELICIANA","County","MSA counties from 10,000 thru 24,999",16753,40,0,40,15,0,15,55,0,55,3.28,"EAST FELICIANA PARISH SHERIFF'S OFFICE            ","East Feliciana Parish Sheriff's Office"
"610",2018,"LA0280200","Carencro",NA,"LA","West South Central","South","LAFAYETTE","City","Cities from 2,500 thru 9,999",9174,23,0,23,2,2,4,25,2,27,2.94,"CARENCRO POLICE DEPARTMENT                        ","Carencro Police Department"
"611",2018,"LA0510000","St. Mary",NA,"LA","West South Central","South","ST MARY","County","Non-MSA counties from 10,000 thru 24,999",19276,84,0,84,54,0,54,138,0,138,7.16,"ST. MARY PARISH SHERIFF'S OFFICE                  ","St. Mary Parish Sheriff's Office"
"612",2018,"LA0351000","Northwestern State University",NA,"LA","West South Central","South","NATCHITOCHES","University or College","Cities under 2,500",0,19,3,22,4,3,7,23,6,29,NA,"NORTHWESTERN STATE UNIVERSITY OF LOUISIANA POLICE ","Northwestern State University Of Louisiana Police"
"613",2018,"LA0280100","Broussard",NA,"LA","West South Central","South","LAFAYETTE, ST MARTIN","City","Cities from 10,000 thru 24,999",12672,29,0,29,1,4,5,30,4,34,2.68,"BROUSSARD POLICE DEPARTMENT                       ","Broussard Police Department"
"614",2018,"LA0360300","University of New Orleans",NA,"LA","West South Central","South","ORLEANS","University or College","Cities under 2,500",0,17,3,20,1,2,3,18,5,23,NA,"UNIVERSITY OF NEW ORLEANS POLICE DEPT.            ","University Of New Orleans Police Police Department"
"615",2018,"LA0340000","Morehouse",NA,"LA","West South Central","South","MOREHOUSE","County","MSA counties from 10,000 thru 24,999",14820,100,0,100,61,0,61,161,0,161,10.86,"MOREHOUSE PARISH SHERIFF'S OFFICE                 ","Morehouse Parish Sheriff's Office"
"616",2018,"LA0410100","Coushatta",NA,"LA","West South Central","South","RED RIVER","City","Cities under 2,500",1787,5,0,5,0,0,0,5,0,5,2.8,"COUSHATTA POLICE DEPARTMENT                       ","Coushatta Police Department"
"617",2018,"LA0130000","Catahoula",NA,"LA","West South Central","South","CATAHOULA","County","Non-MSA counties under 10,000",9709,20,41,61,2,26,28,22,67,89,9.17,"CATAHOULA PARISH SHERIFF'S OFFICE                 ","Catahoula Parish Sheriff's Office"
"618",2018,"LA0310200","Ruston",NA,"LA","West South Central","South","LINCOLN","City","Cities from 10,000 thru 24,999",22274,32,3,35,4,10,14,36,13,49,2.2,"RUSTON POLICE DEPARTMENT                          ","Ruston Police Department"
"619",2018,"LA0400100","Alexandria",NA,"LA","West South Central","South","RAPIDES","City","Cities from 25,000 thru 49,999",47238,128,1,129,19,32,51,147,33,180,3.81,"ALEXANDRIA POLICE DEPARTMENT                      ","Alexandria Police Department"
"620",2018,"LA0010300","Church Point",NA,"LA","West South Central","South","ACADIA","City","Cities from 2,500 thru 9,999",4440,9,0,9,4,0,4,13,0,13,2.93,"CHURCH POINT POLICE DEPARTMENT                    ","Church Point Police Department"
"621",2018,"LA0620200","Epps",NA,"LA","West South Central","South","WEST CARROLL","City","Cities under 2,500",820,1,0,1,0,1,1,1,1,2,2.44,"EPPS POLICE DEPARTMENT                            ","Epps Police Department"
"622",2018,"LA0490800","Krotz Springs",NA,"LA","West South Central","South","ST LANDRY","City","Cities under 2,500",1221,2,0,2,5,0,5,7,0,7,5.73,"KROTZ SPRINGS POLICE DEPARTMENT                   ","Krotz Springs Police Department"
"623",2018,"LA0550100","Houma",NA,"LA","West South Central","South","TERREBONNE","City","Cities from 25,000 thru 49,999",33226,64,0,64,11,17,28,75,17,92,2.77,"HOUMA POLICE DEPARTMENT                           ","Houma Police Department"
"624",2018,"LA0100200","Lake Charles",NA,"LA","West South Central","South","CALCASIEU","City","Cities from 50,000 thru 99,999",77852,135,2,137,50,1,51,185,3,188,2.41,"LAKE CHARLES POLICE DEPARTMENT                    ","Lake Charles Police Department"
"625",2018,"LA0030200","Gonzales",NA,"LA","West South Central","South","ASCENSION","City","Cities from 10,000 thru 24,999",10916,44,0,44,0,5,5,44,5,49,4.49,"GONZALES POLICE DEPARTMENT                        ","Gonzales Police Department"
"626",2018,"LA0240600","St. Gabriel",NA,"LA","West South Central","South","IBERVILLE","City","Cities from 2,500 thru 9,999",7399,12,0,12,1,0,1,13,0,13,1.76,"ST. GABRIEL POLICE DEPARTMENT                     ","St. Gabriel Police Department"
"627",2018,"LA0270000","Jefferson Davis",NA,"LA","West South Central","South","JEFFERSON DAVIS","County","Non-MSA counties from 10,000 thru 24,999",15212,55,0,55,23,0,23,78,0,78,5.13,"JEFFERSON DAVIS PARISH SHERIFF'S OFFICE           ","Jefferson Davis Parish Sheriff's Office"
"628",2018,"LA0220400","Georgetown",NA,"LA","West South Central","South","GRANT","City","Cities under 2,500",324,3,1,4,0,0,0,3,1,4,12.35,"GEORGETOWN POLICE DEPARTMENT                      ","Georgetown Police Department"
"629",2018,"LA0170400","Louisiana State University:","Baton Rouge","LA","West South Central","South","EAST BATON ROUGE","University or College","Cities under 2,500",0,44,8,52,6,10,16,50,18,68,NA,"LOUISIANA STATE UNIVERSITY POLICE DEPARTMENT      ","Louisiana State University Police Department"
"630",2018,"LA0610200","Brusly",NA,"LA","West South Central","South","WEST BATON ROUGE","City","Cities from 2,500 thru 9,999",2773,7,0,7,2,0,2,9,0,9,3.25,"BRUSLY POLICE DEPARTMENT                          ","Brusly Police Department"
"631",2018,"LA0520300","Mandeville",NA,"LA","West South Central","South","ST TAMMANY","City","Cities from 10,000 thru 24,999",12371,35,2,37,2,9,11,37,11,48,3.88,"MANDEVILLE POLICE DEPARTMENT                      ","Mandeville Police Department"
"632",2018,"LA0290500","Thibodaux",NA,"LA","West South Central","South","LAFOURCHE","City","Cities from 10,000 thru 24,999",14745,35,3,38,13,9,22,48,12,60,4.07,"THIBODAUX POLICE DEPARTMENT                       ","Thibodaux Police Department"
"633",2018,"LA0320300","Walker",NA,"LA","West South Central","South","LIVINGSTON","City","Cities from 2,500 thru 9,999",6286,15,0,15,2,4,6,17,4,21,3.34,"WALKER POLICE DEPARTMENT                          ","Walker Police Department"
"634",2018,"LA0200000","Evangeline",NA,"LA","West South Central","South","EVANGELINE","County","Non-MSA counties from 10,000 thru 24,999",21235,16,15,31,0,13,13,16,28,44,2.07,"EVANGELINE PARISH SHERIFF'S OFFICE                ","Evangeline Parish Sheriff's Office"
"635",2018,"LA0270400","Welsh",NA,"LA","West South Central","South","JEFFERSON DAVIS","City","Cities from 2,500 thru 9,999",3230,10,0,10,5,0,5,15,0,15,4.64,"WELSH POLICE DEPARTMENT                           ","Welsh Police Department"
"636",2018,"LA0220200","Montgomery",NA,"LA","West South Central","South","GRANT","City","Cities under 2,500",721,2,0,2,0,0,0,2,0,2,2.77,"MONTGOMERY POLICE DEPARTMENT                      ","Montgomery Police Department"
"637",2018,"LA0150200","Vidalia",NA,"LA","West South Central","South","CONCORDIA","City","Cities from 2,500 thru 9,999",3948,23,2,25,6,5,11,29,7,36,9.12,"VIDALIA POLICE DEPARTMENT                         ","Vidalia Police Department"
"638",2018,"LA0040000","Assumption",NA,"LA","West South Central","South","ASSUMPTION","County","MSA counties from 10,000 thru 24,999",22194,37,7,44,23,16,39,60,23,83,3.74,"ASSUMPTION PARISH SHERIFF'S OFFICE                ","Assumption Parish Sheriff's Office"
"639",2018,"LA0260300","Kenner",NA,"LA","West South Central","South","JEFFERSON","City","Cities from 50,000 thru 99,999",67556,139,21,160,23,46,69,162,67,229,3.39,"KENNER POLICE DEPARTMENT                          ","Kenner Police Department"
"640",2018,"LA0530000","Tangipahoa",NA,"LA","West South Central","South","TANGIPAHOA","County","MSA counties from 25,000 thru 99,999",93173,110,64,174,24,57,81,134,121,255,2.74,"TANGIPAHOA PARISH SHERIFF'S OFFICE                ","Tangipahoa Parish Sheriff's Office"
"641",2018,"LA0190100","Clinton",NA,"LA","West South Central","South","EAST FELICIANA","City","Cities under 2,500",1516,6,0,6,0,0,0,6,0,6,3.96,"CLINTON POLICE DEPT.                              ","Clinton Police Police Department"
"642",2018,"LA0490500","Washington",NA,"LA","West South Central","South","ST LANDRY","City","Cities under 2,500",940,2,0,2,4,0,4,6,0,6,6.38,"WASHINGTON POLICE DEPARTMENT                      ","Washington Police Department"
"643",2018,"LA0630000","West Feliciana",NA,"LA","West South Central","South","WEST FELICIANA","County","MSA counties from 10,000 thru 24,999",15193,29,12,41,3,25,28,32,37,69,4.54,"WEST FELICIANA PARISH SHERIFF'S OFFICE            ","West Feliciana Parish Sheriff's Office"
"644",2018,"LA0470200","Gramercy",NA,"LA","West South Central","South","ST JAMES","City","Cities from 2,500 thru 9,999",3382,8,0,8,0,0,0,8,0,8,2.37,"GRAMERCY POLICE DEPARTMENT                        ","Gramercy Police Department"
"645",2018,"LA0430500","Florien",NA,"LA","West South Central","South","SABINE","City","Cities under 2,500",607,3,0,3,0,0,0,3,0,3,4.94,"FLORIEN POLICE DEPARTMENT                         ","Florien Police Department"
"646",2018,"LA0560000","Union",NA,"LA","West South Central","South","UNION","County","MSA counties from 10,000 thru 24,999",16129,21,4,25,5,12,17,26,16,42,2.6,"UNION PARISH SHERIFF'S OFFICE                     ","Union Parish Sheriff's Office"
"647",2018,"LA0520200","Slidell",NA,"LA","West South Central","South","ST TAMMANY","City","Cities from 25,000 thru 49,999",27973,57,4,61,3,9,12,60,13,73,2.61,"SLIDELL POLICE DEPARTMENT                         ","Slidell Police Department"
"648",2018,"LA0020100","Kinder",NA,"LA","West South Central","South","ALLEN","City","Cities under 2,500",2404,11,0,11,4,0,4,15,0,15,6.24,"KINDER POLICE DEPARTMENT                          ","Kinder Police Department"
"649",2018,"LA0090800","Ida",NA,"LA","West South Central","South","CADDO","City","Cities under 2,500",208,1,0,1,0,0,0,1,0,1,4.81,"IDA POLICE DEPARTMENT                             ","Ida Police Department"
"650",2018,"LA0240000","Iberville",NA,"LA","West South Central","South","IBERVILLE","County","MSA counties from 10,000 thru 24,999",14425,75,21,96,5,42,47,80,63,143,9.91,"IBERVILLE PARISH SHERIFF'S OFFICE                 ","Iberville Parish Sheriff's Office"
"651",2018,"LA0510300","Morgan City",NA,"LA","West South Central","South","ST MARY","City","Cities from 10,000 thru 24,999",11066,35,3,38,5,7,12,40,10,50,4.52,"MORGAN CITY POLICE DEPARTMENT                     ","Morgan City Police Department"
"652",2018,"LA0520700","Folsom",NA,"LA","West South Central","South","ST TAMMANY","City","Cities under 2,500",860,4,0,4,0,1,1,4,1,5,5.81,"FOLSOM POLICE DEPARTMENT                          ","Folsom Police Department"
"653",2018,"LA0120000","Cameron",NA,"LA","West South Central","South","CAMERON","County","MSA counties under 10,000",6847,51,0,51,15,13,28,66,13,79,11.54,"CAMERON PARISH SHERIFF'S OFFICE                   ","Cameron Parish Sheriff's Office"
"654",2018,"LA0590200","Franklinton",NA,"LA","West South Central","South","WASHINGTON","City","Cities from 2,500 thru 9,999",3771,19,0,19,1,6,7,20,6,26,6.89,"FRANKLINTON POLICE DEPARTMENT                     ","Franklinton Police Department"
"655",2018,"LA0580100","Leesville",NA,"LA","West South Central","South","VERNON","City","Cities from 2,500 thru 9,999",5999,19,0,19,11,1,12,30,1,31,5.17,"LEESVILLE POLICE DEPARTMENT                       ","Leesville Police Department"
"656",2018,"LA0610100","Port Allen",NA,"LA","West South Central","South","WEST BATON ROUGE","City","Cities from 2,500 thru 9,999",5011,13,0,13,4,1,5,17,1,18,3.59,"PORT ALLEN POLICE DEPARTMENT                      ","Port Allen Police Department"
"657",2018,"LA0640000","Winn",NA,"LA","West South Central","South","WINN","County","Non-MSA counties under 10,000",9661,12,8,20,2,10,12,14,18,32,3.31,"WINN PARISH SHERIFF'S OFFICE                      ","Winn Parish Sheriff's Office"
"658",2018,"LA0370300","Sterlington",NA,"LA","West South Central","South","OUACHITA","City","Cities from 2,500 thru 9,999",2731,8,0,8,0,0,0,8,0,8,2.93,"STERLINGTON POLICE DEPARTMENT                     ","Sterlington Police Department"
"659",2018,"LA0490200","Opelousas",NA,"LA","West South Central","South","ST LANDRY","City","Cities from 10,000 thru 24,999",16262,34,3,37,6,14,20,40,17,57,3.51,"OPELOUSAS POLICE DEPARTMENT                       ","Opelousas Police Department"
"660",2018,"LA0320000","Livingston",NA,"LA","West South Central","South","LIVINGSTON","County","MSA counties 100,000 or over",118496,193,0,193,100,0,100,293,0,293,2.47,"LIVINGSTON PARISH SHERIFF'S OFFICE                ","Livingston Parish Sheriff's Office"
"661",2018,"LA0480000","St. John the Baptist",NA,"LA","West South Central","South","ST JOHN THE BAPTIST","County","MSA counties from 25,000 thru 99,999",42721,155,1,156,81,0,81,236,1,237,5.55,"ST. JOHN THE BAPTIST PARISH SHERIFF'S OFFICE      ","St. John The Baptist Parish Sheriff's Office"
"662",2018,"LA0560200","Bernice",NA,"LA","West South Central","South","UNION","City","Cities under 2,500",1630,4,0,4,0,0,0,4,0,4,2.45,"BERNICE POLICE DEPARTMENT                         ","Bernice Police Department"
"663",2018,"LA0590000","Washington",NA,"LA","West South Central","South","WASHINGTON","County","Non-MSA counties from 25,000 thru 99,999",30609,73,1,74,19,11,30,92,12,104,3.4,"WASHINGTON PARISH SHERIFF'S OFFICE                ","Washington Parish Sheriff's Office"
"664",2018,"LA0370400","University of Louisiana:","Monroe","LA","West South Central","South","OUACHITA","University or College","Cities under 2,500",0,20,0,20,4,1,5,24,1,25,NA,"UNIVERSITY OF LOUISIANA - MONROE POLICE           ","University Of Louisiana - Monroe Police"
"665",2018,"LA0350000","Natchitoches",NA,"LA","West South Central","South","NATCHITOCHES","County","Non-MSA counties from 10,000 thru 24,999",20588,82,36,118,14,31,45,96,67,163,7.92,"NATCHITOCHES PARISH SHERIFF'S OFFICE              ","Natchitoches Parish Sheriff's Office"
"666",2018,"LA0590100","Bogalusa",NA,"LA","West South Central","South","WASHINGTON","City","Cities from 10,000 thru 24,999",11730,33,5,38,2,13,15,35,18,53,4.52,"BOGALUSA POLICE DEPARTMENT                        ","Bogalusa Police Department"
"667",2018,"LA0510100","Berwick",NA,"LA","West South Central","South","ST MARY","City","Cities from 2,500 thru 9,999",4537,11,0,11,1,0,1,12,0,12,2.64,"BERWICK POLICE DEPARTMENT                         ","Berwick Police Department"
"668",2018,"LA0530900","Southeastern Louisiana University",NA,"LA","West South Central","South","TANGIPAHOA","University or College","Cities under 2,500",0,23,0,23,1,0,1,24,0,24,NA,"SOUTHEASTERN LOUISIANA UNIVERSITY POLICE          ","Southeastern Louisiana University Police"
"669",2018,"LA0530500","Independence",NA,"LA","West South Central","South","TANGIPAHOA","City","Cities under 2,500",1911,7,0,7,2,0,2,9,0,9,4.71,"INDEPENDENCE POLICE DEPARTMENT                    ","Independence Police Department"
"670",2018,"LA0510600","Chitimacha Tribal",NA,"LA","West South Central","South","NOT SPECIFIED","Tribal","Cities under 2,500",0,7,0,7,8,0,8,15,0,15,NA,"CHITIMACHA TRIBAL POLICE DEPARTMENT               ","Chitimacha Tribal Police Department"
"671",2018,"LA0580000","Vernon",NA,"LA","West South Central","South","VERNON","County","Non-MSA counties from 25,000 thru 99,999",39518,59,22,81,9,36,45,68,58,126,3.19,"VERNON PARISH SHERIFF'S OFFICE                    ","Vernon Parish Sheriff's Office"
"672",2018,"LA0110000","Caldwell",NA,"LA","West South Central","South","CALDWELL","County","Non-MSA counties under 10,000",9824,16,0,16,11,0,11,27,0,27,2.75,"CALDWELL PARISH SHERIFF'S OFFICE                  ","Caldwell Parish Sheriff's Office"
"673",2018,"LA0170100","Baker",NA,"LA","West South Central","South","EAST BATON ROUGE","City","Cities from 10,000 thru 24,999",13487,18,5,23,3,5,8,21,10,31,2.3,"BAKER POLICE DEPARTMENT                           ","Baker Police Department"
"674",2018,"LA0440000","St. Bernard",NA,"LA","West South Central","South","ST BERNARD","County","MSA counties from 25,000 thru 99,999",47269,181,9,190,51,17,68,232,26,258,5.46,"ST. BERNARD PARISH SHERIFF'S OFFICE               ","St. Bernard Parish Sheriff's Office"
"675",2018,"LA0080700","Southern University and A&M College:","Shreveport","LA","West South Central","South","BOSSIER","University or College","Cities under 2,500",0,6,0,6,1,2,3,7,2,9,NA,"SOUTHERN UNIVERSITY AND A & M COLLEGE - SHREVEPORT","Southern University And A & M College - Shreveport"
"676",2018,"LA0260400","Westwego",NA,"LA","West South Central","South","JEFFERSON","City","Cities from 2,500 thru 9,999",8551,31,1,32,5,2,7,36,3,39,4.56,"WESTWEGO POLICE DEPARTMENT                        ","Westwego Police Department"
"677",2018,"LA0600700","Sibley",NA,"LA","West South Central","South","WEBSTER","City","Cities under 2,500",1161,3,0,3,0,0,0,3,0,3,2.58,"SIBLEY POLICE DEPARTMENT                          ","Sibley Police Department"
"678",2018,"LA0360200","Delgado Community College",NA,"LA","West South Central","South","ORLEANS","University or College","Cities under 2,500",0,19,4,23,4,9,13,23,13,36,NA,"DELGADO COMMUNITY COLLEGE POLICE                  ","Delgado Community College Police"
"679",2018,"LA0080400","Haughton",NA,"LA","West South Central","South","BOSSIER","City","Cities from 2,500 thru 9,999",3425,12,0,12,0,1,1,12,1,13,3.8,"HAUGHTON POLICE DEPARTMENT                        ","Haughton Police Department"
"680",2018,"LA0620100","Oak Grove",NA,"LA","West South Central","South","WEST CARROLL","City","Cities under 2,500",1581,7,0,7,0,0,0,7,0,7,4.43,"OAK GROVE POLICE DEPARTMENT                       ","Oak Grove Police Department"
"681",2018,"LA0570000","Vermilion",NA,"LA","West South Central","South","VERMILION","County","MSA counties from 25,000 thru 99,999",38066,89,8,97,11,16,27,100,24,124,3.26,"VERMILION PARISH SHERIFF'S OFFICE                 ","Vermilion Parish Sheriff's Office"
"682",2018,"LA0530800","Tickfaw",NA,"LA","West South Central","South","TANGIPAHOA","City","Cities under 2,500",783,5,0,5,0,0,0,5,0,5,6.39,"TICKFAW POLICE DEPARTMENT                         ","Tickfaw Police Department"
"683",2018,"LA0260100","Gretna",NA,"LA","West South Central","South","JEFFERSON","City","Cities from 10,000 thru 24,999",17965,83,9,92,13,24,37,96,33,129,7.18,"GRETNA POLICE DEPARTMENT                          ","Gretna Police Department"
"684",2018,"LA0050400","Cottonport",NA,"LA","West South Central","South","AVOYELLES","City","Cities under 2,500",1927,3,0,3,0,1,1,3,1,4,2.08,"COTTONPORT POLICE DEPARTMENT                      ","Cottonport Police Department"
"685",2018,"LA0400200","Pineville",NA,"LA","West South Central","South","RAPIDES","City","Cities from 10,000 thru 24,999",14415,56,1,57,8,7,15,64,8,72,4.99,"PINEVILLE POLICE DEPARTMENT                       ","Pineville Police Department"
"686",2018,"LA0270200","Jennings",NA,"LA","West South Central","South","JEFFERSON DAVIS","City","Cities from 2,500 thru 9,999",9949,18,0,18,8,5,13,26,5,31,3.12,"JENNINGS POLICE DEPARTMENT                        ","Jennings Police Department"
"687",2018,"LA0450000","St. Charles",NA,"LA","West South Central","South","ST CHARLES","County","MSA counties from 25,000 thru 99,999",52225,179,62,241,41,116,157,220,178,398,7.62,"ST. CHARLES PARISH SHERIFF'S OFFICE               ","St. Charles Parish Sheriff's Office"
"688",2018,"LA0200200","Mamou",NA,"LA","West South Central","South","EVANGELINE","City","Cities from 2,500 thru 9,999",3170,6,0,6,6,1,7,12,1,13,4.1,"MAMOU POLICE DEPARTMENT                           ","Mamou Police Department"
"689",2018,"LA0510200","Franklin",NA,"LA","West South Central","South","ST MARY","City","Cities from 2,500 thru 9,999",6874,13,0,13,9,0,9,22,0,22,3.2,"FRANKLIN POLICE DEPARTMENT                        ","Franklin Police Department"
"690",2018,"LA0570400","Erath",NA,"LA","West South Central","South","VERMILION","City","Cities under 2,500",2083,6,0,6,1,4,5,7,4,11,5.28,"ERATH POLICE DEPARTMENT                           ","Erath Police Department"
"691",2018,"LA0180000","East Carroll",NA,"LA","West South Central","South","EAST CARROLL","County","Non-MSA counties under 10,000",3423,13,13,26,1,21,22,14,34,48,14.02,"EAST CARROLL PARISH SHERIFF'S OFFICE              ","East Carroll Parish Sheriff's Office"
"692",2018,"LA0230000","Iberia",NA,"LA","West South Central","South","IBERIA","County","MSA counties from 25,000 thru 99,999",36148,70,15,85,46,44,90,116,59,175,4.84,"IBERIA PARISH SHERIFF'S OFFICE                    ","Iberia Parish Sheriff's Office"
"693",2018,"LA0080600","Louisiana State University:","Shreveport","LA","West South Central","South","BOSSIER","University or College","Cities under 2,500",0,9,0,9,0,1,1,9,1,10,NA,"LOUISIANA STATE UNIVERSITY - SHREVEPORT POLICE    ","Louisiana State University - Shreveport Police"
"694",2018,"LA0170000","East Baton Rouge",NA,"LA","West South Central","South","EAST BATON ROUGE","County","MSA counties 100,000 or over",186556,538,15,553,168,105,273,706,120,826,4.43,"EAST BATON ROUGE PARISH SHERIFF'S OFFICE          ","East Baton Rouge Parish Sheriff's Office"
"695",2018,"LA0220000","Grant",NA,"LA","West South Central","South","GRANT","County","MSA counties from 10,000 thru 24,999",20595,57,0,57,21,0,21,78,0,78,3.79,"GRANT PARISH SHERIFF'S OFFICE                     ","Grant Parish Sheriff's Office"
"696",2018,"LA0370000","Ouachita",NA,"LA","West South Central","South","OUACHITA","County","MSA counties from 25,000 thru 99,999",87587,269,0,269,118,0,118,387,0,387,4.42,"OUACHITA PARISH SHERIFF'S OFFICE                  ","Ouachita Parish Sheriff's Office"
"697",2018,"LA0080100","Bossier City",NA,"LA","West South Central","South","BOSSIER","City","Cities from 50,000 thru 99,999",69551,140,3,143,16,33,49,156,36,192,2.76,"BOSSIER CITY POLICE DEPT                          ","Bossier City Police Police Department"
"698",2018,"LA0050200","Marksville",NA,"LA","West South Central","South","AVOYELLES","City","Cities from 2,500 thru 9,999",5450,18,1,19,2,6,8,20,7,27,4.95,"MARKSVILLE POLICE DEPARTMENT                      ","Marksville Police Department"
"699",2018,"LA0390000","Pointe Coupee",NA,"LA","West South Central","South","POINTE COUPEE","County","MSA counties from 10,000 thru 24,999",20546,46,16,62,8,32,40,54,48,102,4.96,"POINTE COUPEE PARISH SHERIFF'S OFFICE             ","Pointe Coupee Parish Sheriff's Office"
"700",2018,"LA0260000","Jefferson",NA,"LA","West South Central","South","JEFFERSON","County","MSA counties 100,000 or over",332162,723,131,854,293,300,593,1016,431,1447,4.36,"JEFFERSON PARISH SHERIFF'S OFFICE                 ","Jefferson Parish Sheriff's Office"
"701",2018,"LA0020000","Allen",NA,"LA","West South Central","South","ALLEN","County","Non-MSA counties from 10,000 thru 24,999",13619,43,12,55,4,27,31,47,39,86,6.31,"ALLEN PARISH SHERIFF'S OFFICE                     ","Allen Parish Sheriff's Office"
"702",2018,"LA0010000","Acadia",NA,"LA","West South Central","South","ACADIA","County","MSA counties from 25,000 thru 99,999",35978,50,13,63,8,30,38,58,43,101,2.81,"ACADIA PARISH SHERIFF'S OFFICE                    ","Acadia Parish Sheriff's Office"
"703",2018,"LA0500000","St. Martin",NA,"LA","West South Central","South","ST MARTIN","County","MSA counties from 25,000 thru 99,999",38708,68,29,97,34,45,79,102,74,176,4.55,"ST. MARTIN PARISH SHERIFF'S OFFICE                ","St. Martin Parish Sheriff's Office"
"704",2018,"LA0320800","Killian",NA,"LA","West South Central","South","LIVINGSTON","City","Cities under 2,500",1302,3,0,3,2,0,2,5,0,5,3.84,"KILLIAN POLICE DEPARTMENT                         ","Killian Police Department"
"705",2018,"LA0460100","Greensburg",NA,"LA","West South Central","South","ST HELENA","City","Cities under 2,500",659,5,0,5,0,0,0,5,0,5,7.59,"GREENSBURG POLICE DEPARTMENT                      ","Greensburg Police Department"
"706",2018,"LA0460000","St. Helena",NA,"LA","West South Central","South","ST HELENA","County","MSA counties under 10,000",9245,25,4,29,2,15,17,27,19,46,4.98,"ST. HELENA PARISH SHERIFF'S OFFICE                ","St. Helena Parish Sheriff's Office"
"707",2018,"LA036209E","Tulane University",NA,"LA","West South Central","South","ORLEANS","University or College","Cities under 2,500",0,56,5,61,9,9,18,65,14,79,NA,NA,"Tulane University"
"708",2018,"LA0490100","Eunice",NA,"LA","West South Central","South","ACADIA, ST LANDRY","City","Cities from 10,000 thru 24,999",10073,25,3,28,5,9,14,30,12,42,4.17,"EUNICE POLICE DEPARTMENT                          ","Eunice Police Department"
"709",2018,"LA0361200","Southern University and A&M College:","New Orleans","LA","West South Central","South","ORLEANS","University or College","Cities under 2,500",0,12,0,12,5,3,8,17,3,20,NA,"SOUTHERN UNIV PD NEW ORLEANS                      ","Southern Univ Police Department New Orleans"
"710",2018,"LA0430000","Sabine",NA,"LA","West South Central","South","SABINE","County","Non-MSA counties from 10,000 thru 24,999",18290,55,6,61,10,11,21,65,17,82,4.48,"SABINE PARISH SHERIFF'S OFFICE                    ","Sabine Parish Sheriff's Office"
"711",2018,"LA0370900","Tensas Basin Levee District",NA,"LA","West South Central","South","OUACHITA","Other State Agency","Cities under 2,500",0,2,0,2,0,1,1,2,1,3,NA,"TENSAS BASIN LEVEE DISTRICT POLICE                ","Tensas Basin Levee District Police"
"712",2018,"LA0410000","Red River",NA,"LA","West South Central","South","RED RIVER","County","Non-MSA counties under 10,000",6589,38,16,54,2,10,12,40,26,66,10.02,"RED RIVER PARISH SHERIFF'S OFFICE                 ","Red River Parish Sheriff's Office"
"713",2018,"LA0100800","McNeese State University",NA,"LA","West South Central","South","CALCASIEU","University or College","Cities under 2,500",0,6,1,7,2,5,7,8,6,14,NA,"MCNEESE STATE UNIVERSITY POLICE                   ","Mcneese State University Police"
"714",2018,"LA0150100","Ferriday",NA,"LA","West South Central","South","CONCORDIA","City","Cities from 2,500 thru 9,999",3256,11,0,11,2,4,6,13,4,17,5.22,"FERRIDAY POLICE DEPARTMENT                        ","Ferriday Police Department"
"715",2018,"LA0610300","Addis",NA,"LA","West South Central","South","WEST BATON ROUGE","City","Cities from 2,500 thru 9,999",5505,11,0,11,0,1,1,11,1,12,2.18,"ADDIS POLICE DEPARTMENT                           ","Addis Police Department"
"716",2018,"LA0010100","Crowley",NA,"LA","West South Central","South","ACADIA","City","Cities from 10,000 thru 24,999",12779,30,0,30,6,8,14,36,8,44,3.44,"CROWLEY POLICE DEPARTMENT                         ","Crowley Police Department"
"717",2018,"LA0500100","Breaux Bridge",NA,"LA","West South Central","South","ST MARTIN","City","Cities from 2,500 thru 9,999",8349,18,0,18,7,1,8,25,1,26,3.11,"BREAUX BRIDGE POLICE DEPARTMENT                   ","Breaux Bridge Police Department"
"718",2018,"LA0370200","West Monroe",NA,"LA","West South Central","South","OUACHITA","City","Cities from 10,000 thru 24,999",12594,54,0,54,18,1,19,72,1,73,5.8,"WEST MONROE POLICE DEPARTMENT                     ","West Monroe Police Department"
"719",2018,"LA0430200","Zwolle",NA,"LA","West South Central","South","SABINE","City","Cities under 2,500",1922,6,0,6,0,0,0,6,0,6,3.12,"ZWOLLE POLICE DEPARTMENT                          ","Zwolle Police Department"
"720",2018,"LA0420200","Rayville",NA,"LA","West South Central","South","RICHLAND","City","Cities from 2,500 thru 9,999",3557,7,0,7,0,0,0,7,0,7,1.97,"RAYVILLE POLICE DEPARTMENT                        ","Rayville Police Department"
"721",2018,"LA0370100","Monroe",NA,"LA","West South Central","South","OUACHITA","City","Cities from 25,000 thru 49,999",48291,116,8,124,16,35,51,132,43,175,3.62,"MONROE POLICE DEPARTMENT                          ","Monroe Police Department"
"722",2018,"LA0170300","Zachary",NA,"LA","West South Central","South","EAST BATON ROUGE","City","Cities from 10,000 thru 24,999",17884,28,0,28,13,1,14,41,1,42,2.35,"ZACHARY POLICE DEPARTMENT                         ","Zachary Police Department"
"723",2018,"LA0280600","Scott",NA,"LA","West South Central","South","LAFAYETTE","City","Cities from 2,500 thru 9,999",8810,26,0,26,0,2,2,26,2,28,3.18,"SCOTT POLICE DEPARTMENT                           ","Scott Police Department"
"724",2018,"LA0090300","Oil City",NA,"LA","West South Central","South","CADDO","City","Cities under 2,500",995,3,0,3,1,0,1,4,0,4,4.02,"OIL CITY POLICE DEPARTMENT                        ","Oil City Police Department"
"725",2018,"LA0070900","Ringgold",NA,"LA","West South Central","South","BIENVILLE","City","Cities under 2,500",1396,4,3,7,1,2,3,5,5,10,7.16,"RINGGOLD POLICE DEPARTMENT                        ","Ringgold Police Department"
"726",2018,"LA0300200","Olla",NA,"LA","West South Central","South","LA SALLE","City","Cities under 2,500",1362,2,0,2,0,0,0,2,0,2,1.47,"OLLA POLICE DEPARTMENT                            ","Olla Police Department"
"727",2018,"LA0300000","La Salle",NA,"LA","West South Central","South","LA SALLE","County","Non-MSA counties from 10,000 thru 24,999",10050,26,21,47,2,29,31,28,50,78,7.76,"LA SALLE PARISH SHERIFF'S OFFICE                  ","La Salle Parish Sheriff's Office"
"728",2018,"LA0330100","Tallulah",NA,"LA","West South Central","South","MADISON","City","Cities from 2,500 thru 9,999",6777,10,0,10,2,4,6,12,4,16,2.36,"TALLULAH POLICE DEPT.                             ","Tallulah Police Police Department"
"729",2018,"LA0350100","Natchitoches",NA,"LA","West South Central","South","NATCHITOCHES","City","Cities from 10,000 thru 24,999",17981,50,0,50,7,13,20,57,13,70,3.89,"NATCHITOCHES POLICE DEPARTMENT                    ","Natchitoches Police Department"
"730",2018,"LA0100700","Iowa",NA,"LA","West South Central","South","CALCASIEU","City","Cities from 2,500 thru 9,999",3322,8,1,9,2,3,5,10,4,14,4.21,"IOWA POLICE DEPARTMENT                            ","Iowa Police Department"
"731",2018,"LA0310000","Lincoln",NA,"LA","West South Central","South","LINCOLN","County","Non-MSA counties from 10,000 thru 24,999",18898,55,5,60,5,18,23,60,23,83,4.39,"LINCOLN PARISH SHERIFF'S OFFICE                   ","Lincoln Parish Sheriff's Office"
"732",2018,"LA0200100","Basile",NA,"LA","West South Central","South","ACADIA, EVANGELINE","City","Cities under 2,500",1810,5,1,6,2,1,3,7,2,9,4.97,"BASILE POLICE DEPARTMENT                          ","Basile Police Department"
"733",2018,"LA0180100","Lake Providence",NA,"LA","West South Central","South","EAST CARROLL","City","Cities from 2,500 thru 9,999",3551,6,1,7,0,4,4,6,5,11,3.1,"LAKE PROVIDENCE POLICE DEPARTMENT                 ","Lake Providence Police Department"
"734",2018,"LA0430100","Many",NA,"LA","West South Central","South","SABINE","City","Cities from 2,500 thru 9,999",2714,11,0,11,1,0,1,12,0,12,4.42,"MANY POLICE DEPARTMENT                            ","Many Police Department"
"735",2018,"LA0400000","Rapides",NA,"LA","West South Central","South","RAPIDES","County","MSA counties from 25,000 thru 99,999",63542,356,21,377,54,74,128,410,95,505,7.95,"RAPIDES PARISH SHERIFF'S OFFICE                   ","Rapides Parish Sheriff's Office"
"736",2018,"LA0080500","Louisiana State University:","Health Sciences Center, Shreveport","LA","West South Central","South","BOSSIER","University or College","Cities under 2,500",0,35,4,39,4,11,15,39,15,54,NA,"LOUISIANA STATE UNIVERSITY HEALTH SCIENCES CENTER ","Louisiana State University Health Sciences Center"
"737",2018,"LA0640100","Winnfield",NA,"LA","West South Central","South","WINN","City","Cities from 2,500 thru 9,999",4376,10,5,15,0,1,1,10,6,16,3.66,"WINNFIELD POLICE DEPT                             ","Winnfield Police Police Department"
"738",2018,"LA0530100","Hammond",NA,"LA","West South Central","South","TANGIPAHOA","City","Cities from 10,000 thru 24,999",20550,70,11,81,7,14,21,77,25,102,4.96,"HAMMOND POLICE DEPARTMENT                         ","Hammond Police Department"
"739",2018,"LA0570100","Abbeville",NA,"LA","West South Central","South","VERMILION","City","Cities from 10,000 thru 24,999",12279,23,1,24,6,3,9,29,4,33,2.69,"ABBEVILLE POLICE DEPARTMENT                       ","Abbeville Police Department"
"740",2018,"LA0520100","Covington",NA,"LA","West South Central","South","ST TAMMANY","City","Cities from 10,000 thru 24,999",10658,29,0,29,4,7,11,33,7,40,3.75,"COVINGTON POLICE DEPARTMENT                       ","Covington Police Department"
"741",2018,"LA0380000","Plaquemines",NA,"LA","West South Central","South","PLAQUEMINES","County","MSA counties from 10,000 thru 24,999",23154,189,0,189,86,0,86,275,0,275,11.88,"PLAQUEMINES PARISH SHERIFF'S OFFICE               ","Plaquemines Parish Sheriff's Office"
"742",2018,"LA0310600","Grambling State University",NA,"LA","West South Central","South","LINCOLN","University or College","Cities under 2,500",0,11,2,13,4,8,12,15,10,25,NA,"GRAMBLING STATE UNIVERSITY POLICE DEPT.           ","Grambling State University Police Police Department"
"743",2018,"LA0600100","Minden",NA,"LA","West South Central","South","WEBSTER","City","Cities from 10,000 thru 24,999",12215,28,0,28,4,1,5,32,1,33,2.7,"MINDEN POLICE DEPARTMENT                          ","Minden Police Department"
"744",2018,"LA0100500","Westlake",NA,"LA","West South Central","South","CALCASIEU","City","Cities from 2,500 thru 9,999",4627,13,0,13,5,0,5,18,0,18,3.89,"WESTLAKE POLICE DEPARTMENT                        ","Westlake Police Department"
"745",2018,"LA0560100","Farmerville",NA,"LA","West South Central","South","UNION","City","Cities from 2,500 thru 9,999",3805,7,0,7,5,0,5,12,0,12,3.15,"FARMERVILLE POLICE DEPARTMENT                     ","Farmerville Police Department"
"746",2018,"LA0160100","Mansfield",NA,"LA","West South Central","South","DE SOTO","City","Cities from 2,500 thru 9,999",4741,11,1,12,1,4,5,12,5,17,3.59,"MANSFIELD POLICE DEPARTMENT                       ","Mansfield Police Department"
"747",2018,"LA0200300","Ville Platte",NA,"LA","West South Central","South","EVANGELINE","City","Cities from 2,500 thru 9,999",7130,21,0,21,4,1,5,25,1,26,3.65,"VILLE PLATTE POLICE DEPARTMENT                    ","Ville Platte Police Department"
"748",2018,"LA0530200","Kentwood",NA,"LA","West South Central","South","TANGIPAHOA","City","Cities under 2,500",2434,7,0,7,3,1,4,10,1,11,4.52,"KENTWOOD POLICE DEPARTMENT                        ","Kentwood Police Department"
"749",2018,"LA0600200","Springhill",NA,"LA","West South Central","South","WEBSTER","City","Cities from 2,500 thru 9,999",4891,15,0,15,3,0,3,18,0,18,3.68,"SPRINGHILL POLICE DEPARTMENT                      ","Springhill Police Department"
"750",2018,"LA0060000","Beauregard",NA,"LA","West South Central","South","BEAUREGARD","County","Non-MSA counties from 25,000 thru 99,999",25281,62,1,63,10,18,28,72,19,91,3.6,"BEAUREGARD PARISH SHERIFF'S OFFICE                ","Beauregard Parish Sheriff's Office"
"751",2018,"LA0280700","University of Louisiana:","Lafayette","LA","West South Central","South","LAFAYETTE","University or College","Cities under 2,500",0,28,0,28,5,2,7,33,2,35,NA,"UNIVERSITY OF LOUISIANA AT LAFAYETTE POLICE       ","University Of Louisiana At Lafayette Police"
"752",2018,"LA0401000","Ball",NA,"LA","West South Central","South","RAPIDES","City","Cities from 2,500 thru 9,999",4018,8,0,8,0,2,2,8,2,10,2.49,"BALL POLICE DEPARTMENT                            ","Ball Police Department"
"753",2018,"LA0150000","Concordia",NA,"LA","West South Central","South","CONCORDIA","County","Non-MSA counties from 10,000 thru 24,999",12334,25,106,131,2,88,90,27,194,221,17.92,"CONCORDIA PARISH SHERIFF'S OFFICE                 ","Concordia Parish Sheriff's Office"
"754",2018,"LA0320100","Denham Springs",NA,"LA","West South Central","South","LIVINGSTON","City","Cities from 2,500 thru 9,999",9761,26,0,26,3,8,11,29,8,37,3.79,"DENHAM SPRINGS POLICE DEPARTMENT                  ","Denham Springs Police Department"
"755",2018,"LA0320600","Port Vincent",NA,"LA","West South Central","South","LIVINGSTON","City","Cities under 2,500",751,3,0,3,0,0,0,3,0,3,3.99,"PORT VINCENT POLICE DEPT.                         ","Port Vincent Police Police Department"
"756",2018,"LA0050600","Moreauville",NA,"LA","West South Central","South","AVOYELLES","City","Cities under 2,500",889,1,0,1,1,0,1,2,0,2,2.25,"MOREAUVILLE POLICE DEPARTMENT                     ","Moreauville Police Department"
"757",2018,"LA0420000","Richland",NA,"LA","West South Central","South","RICHLAND","County","Non-MSA counties from 10,000 thru 24,999",13754,51,8,59,62,18,80,113,26,139,10.11,"RICHLAND PARISH SHERIFF'S OFFICE                  ","Richland Parish Sheriff's Office"
"758",2018,"LA0290600","Nicholls State University",NA,"LA","West South Central","South","LAFOURCHE","University or College","Cities under 2,500",0,10,2,12,2,1,3,12,3,15,NA,"NICHOLLS STATE UNIVERSITY POLICE                  ","Nicholls State University Police"
"759",2018,"LA0470100","Lutcher",NA,"LA","West South Central","South","ST JAMES","City","Cities from 2,500 thru 9,999",3266,4,0,4,0,0,0,4,0,4,1.22,"LUTCHER POLICE DEPARTMENT                         ","Lutcher Police Department"
"760",2018,"LA0170200","Baton Rouge",NA,"LA","West South Central","South","EAST BATON ROUGE","City","Cities from 100,000 thru 249,999",224790,575,10,585,56,154,210,631,164,795,3.54,"BATON ROUGE POLICE DEPARTMENT                     ","Baton Rouge Police Department"
"761",2018,"LA0250400","Hodge",NA,"LA","West South Central","South","JACKSON","City","Cities under 2,500",437,5,0,5,0,0,0,5,0,5,11.44,"HODGE POLICE DEPT.                                ","Hodge Police Police Department"
"762",2018,"LA0361700","Louisiana State University:","Health Sciences Center, New Orleans","LA","West South Central","South","ORLEANS","University or College","Cities under 2,500",0,17,0,17,13,0,13,30,0,30,NA,"LSU HEALTH SCIENCES CENTER POLICE DEPARTMENT      ","Lsu Health Sciences Center Police Department"
"763",2018,"LA0260200","Harahan",NA,"LA","West South Central","South","JEFFERSON","City","Cities from 2,500 thru 9,999",9424,17,0,17,1,5,6,18,5,23,2.44,"HARAHAN POLICE DEPARTMENT                         ","Harahan Police Department"
"764",2018,"LA0610000","West Baton Rouge",NA,"LA","West South Central","South","WEST BATON ROUGE","County","MSA counties from 10,000 thru 24,999",13065,63,74,137,0,61,61,63,135,198,15.15,"WEST BATON ROUGE PARISH SHERIFF'S OFFICE          ","West Baton Rouge Parish Sheriff's Office"
"765",2018,"LA0510400","Patterson",NA,"LA","West South Central","South","ST MARY","City","Cities from 2,500 thru 9,999",5964,13,0,13,12,0,12,25,0,25,4.19,"PATTERSON POLICE DEPARTMENT                       ","Patterson Police Department"
"766",2018,"LA0091000","Greenwood",NA,"LA","West South Central","South","CADDO","City","Cities from 2,500 thru 9,999",3183,9,0,9,1,1,2,10,1,11,3.46,"GREENWOOD POLICE DEPARTMENT                       ","Greenwood Police Department"
"767",2018,"LA0030000","Ascension",NA,"LA","West South Central","South","ASCENSION","County","MSA counties 100,000 or over",113129,229,8,237,47,53,100,276,61,337,2.98,"ASCENSION PARISH SHERIFF'S OFFICE                 ","Ascension Parish Sheriff's Office"
"768",2018,"LA0620000","West Carroll",NA,"LA","West South Central","South","WEST CARROLL","County","Non-MSA counties under 10,000",8392,9,5,14,1,3,4,10,8,18,2.14,"WEST CARROLL PARISH SHERIFF'S OFFICE              ","West Carroll Parish Sheriff's Office"
"769",2018,"LA0280300","Lafayette",NA,"LA","West South Central","South","LAFAYETTE","City","Cities from 100,000 thru 249,999",127592,245,3,248,38,46,84,283,49,332,2.6,"LAFAYETTE POLICE DEPARTMENT                       ","Lafayette Police Department"
"770",2018,"LA0540000","Tensas",NA,"LA","West South Central","South","TENSAS","County","Non-MSA counties under 10,000",4489,16,2,18,3,15,18,19,17,36,8.02,"TENSAS PARISH SHERIFF'S OFFICE                    ","Tensas Parish Sheriff's Office"
"771",2018,"LA0270300","Lake Arthur",NA,"LA","West South Central","South","JEFFERSON DAVIS","City","Cities from 2,500 thru 9,999",2757,7,0,7,4,0,4,11,0,11,3.99,"LAKE ARTHUR POLICE DEPARTMENT                     ","Lake Arthur Police Department"
"772",2018,"LA0520000","St. Tammany",NA,"LA","West South Central","South","ST TAMMANY","County","MSA counties 100,000 or over",202565,371,74,445,73,153,226,444,227,671,3.31,"ST. TAMMANY PARISH SHERIFF'S OFFICE               ","St. Tammany Parish Sheriff's Office"
"773",2018,"LA0090400","Blanchard",NA,"LA","West South Central","South","CADDO","City","Cities from 2,500 thru 9,999",3168,5,0,5,0,1,1,5,1,6,1.89,"BLANCHARD POLICE DEPARTMENT                       ","Blanchard Police Department"
"774",2018,"LA0080000","Bossier",NA,"LA","West South Central","South","BOSSIER","County","MSA counties from 25,000 thru 99,999",52359,258,32,290,45,49,94,303,81,384,7.33,"BOSSIER PARISH SHERIFF'S OFFICE                   ","Bossier Parish Sheriff's Office"
"775",2018,"LA0090100","Shreveport",NA,"LA","West South Central","South","BOSSIER, CADDO","City","Cities from 100,000 thru 249,999",190808,408,53,461,116,144,260,524,197,721,3.78,"SHREVEPORT POLICE DEPARTMENT                      ","Shreveport Police Department"
"776",2018,"LA0140000","Claiborne",NA,"LA","West South Central","South","CLAIBORNE","County","Non-MSA counties from 10,000 thru 24,999",13590,21,18,39,21,24,45,42,42,84,6.18,"CLAIBORNE PARISH SHERIFF'S OFFICE                 ","Claiborne Parish Sheriff's Office"
"777",2018,"LA0070000","Bienville",NA,"LA","West South Central","South","BIENVILLE","County","Non-MSA counties from 10,000 thru 24,999",12017,38,9,47,3,19,22,41,28,69,5.74,"BIENVILLE PARISH SHERIFF'S OFFICE                 ","Bienville Parish Sheriff's Office"
"778",2018,"LA0520500","Pearl River",NA,"LA","West South Central","South","ST TAMMANY","City","Cities from 2,500 thru 9,999",2641,11,0,11,0,4,4,11,4,15,5.68,"PEARL RIVER POLICE DEPARTMENT                     ","Pearl River Police Department"
"779",2018,"LA0560400","Marion",NA,"LA","West South Central","South","UNION","City","Cities under 2,500",750,1,0,1,0,0,0,1,0,1,1.33,"MARION POLICE DEPARTMENT                          ","Marion Police Department"
"780",2018,"LADI00500","Tunica-Biloxi Tribal",NA,"LA","West South Central","South","NOT SPECIFIED","Tribal","Cities under 2,500",0,12,1,13,1,1,2,13,2,15,NA,"TUNICA-BILOXI TRIBAL POLICE DEPARTMENT            ","Tunica-Biloxi Tribal Police Department"
"781",2018,"LA0550000","Terrebonne",NA,"LA","West South Central","South","TERREBONNE","County","MSA counties from 25,000 thru 99,999",77849,113,9,122,49,44,93,162,53,215,2.76,"TERREBONNE PARISH SHERIFF'S OFFICE                ","Terrebonne Parish Sheriff's Office"
"782",2018,"LA0530300","Ponchatoula",NA,"LA","West South Central","South","TANGIPAHOA","City","Cities from 2,500 thru 9,999",7369,20,0,20,2,6,8,22,6,28,3.8,"PONCHATOULA POLICE DEPARTMENT                     ","Ponchatoula Police Department"
"783",2018,"LA0010200","Rayne",NA,"LA","West South Central","South","ACADIA","City","Cities from 2,500 thru 9,999",8184,17,0,17,3,1,4,20,1,21,2.57,"RAYNE POLICE DEPARTMENT                           ","Rayne Police Department"
"784",2018,"LA0490000","St. Landry",NA,"LA","West South Central","South","ST LANDRY","County","Non-MSA counties from 25,000 thru 99,999",48367,57,64,121,23,61,84,80,125,205,4.24,"ST. LANDRY PARISH SHERIFF'S OFFICE                ","St. Landry Parish Sheriff's Office"
"785",2018,"LA0290100","Golden Meadow",NA,"LA","West South Central","South","LAFOURCHE","City","Cities under 2,500",1985,5,2,7,0,0,0,5,2,7,3.53,"GOLDEN MEADOW POLICE DEPARTMENT                   ","Golden Meadow Police Department"
"786",2018,"LA0210000","Franklin",NA,"LA","West South Central","South","FRANKLIN","County","Non-MSA counties from 10,000 thru 24,999",19986,79,0,79,19,0,19,98,0,98,4.9,"FRANKLIN PARISH SHERIFF'S OFFICE                  ","Franklin Parish Sheriff's Office"
"787",2018,"LA0100000","Calcasieu",NA,"LA","West South Central","South","CALCASIEU","County","MSA counties from 25,000 thru 99,999",89347,405,186,591,190,89,279,595,275,870,9.74,"CALCASIEU PARISH SHERIFF'S OFFICE                 ","Calcasieu Parish Sheriff's Office"
"788",2018,"LA0250000","Jackson",NA,"LA","West South Central","South","JACKSON","County","Non-MSA counties from 10,000 thru 24,999",10308,42,85,127,2,51,53,44,136,180,17.46,"JACKSON PARISH SHERIFF'S OFFICE                   ","Jackson Parish Sheriff's Office"
"789",2018,"LA0600000","Webster",NA,"LA","West South Central","South","WEBSTER","County","Non-MSA counties from 10,000 thru 24,999",19122,84,3,87,23,14,37,107,17,124,6.48,"WEBSTER PARISH SHERIFF'S OFFICE                   ","Webster Parish Sheriff's Office"
"790",2018,"LA0060100","De Ridder",NA,"LA","West South Central","South","BEAUREGARD, VERNON","City","Cities from 10,000 thru 24,999",10820,21,0,21,4,5,9,25,5,30,2.77,"DERIDDER POLICE DEPARTMENT                        ","Deridder Police Department"
"791",2017,"LA0170600","Southern University and A&M College:","Baton Rouge","LA","West South Central","South","EAST BATON ROUGE","University or College","Cities under 2,500",0,13,8,21,8,10,18,21,18,39,NA,"SOUTHERN UNIVERSITY AND A & M COLLEGE POLICE      ","Southern University And A & M College Police"
"792",2017,"LA0240200","Plaquemine",NA,"LA","West South Central","South","IBERVILLE","City","Cities from 2,500 thru 9,999",6727,18,2,20,2,6,8,20,8,28,4.16,"PLAQUEMINE POLICE DEPARTMENT                      ","Plaquemine Police Department"
"793",2017,"LA0270200","Jennings",NA,"LA","West South Central","South","JEFFERSON DAVIS","City","Cities from 10,000 thru 24,999",10074,21,0,21,5,6,11,26,6,32,3.18,"JENNINGS POLICE DEPARTMENT                        ","Jennings Police Department"
"794",2017,"LA0510100","Berwick",NA,"LA","West South Central","South","ST MARY","City","Cities from 2,500 thru 9,999",4649,10,0,10,1,1,2,11,1,12,2.58,"BERWICK POLICE DEPARTMENT                         ","Berwick Police Department"
"795",2017,"LA0530900","Southeastern Louisiana University",NA,"LA","West South Central","South","TANGIPAHOA","University or College","Cities under 2,500",0,20,0,20,1,5,6,21,5,26,NA,"SOUTHEASTERN LOUISIANA UNIVERSITY POLICE          ","Southeastern Louisiana University Police"
"796",2017,"LA0530500","Independence",NA,"LA","West South Central","South","TANGIPAHOA","City","Cities under 2,500",1910,5,0,5,3,0,3,8,0,8,4.19,"INDEPENDENCE POLICE DEPARTMENT                    ","Independence Police Department"
"797",2017,"LA0580000","Vernon",NA,"LA","West South Central","South","VERNON","County","Non-MSA counties from 25,000 thru 99,999",40839,57,56,113,9,41,50,66,97,163,3.99,"VERNON PARISH SHERIFF'S OFFICE                    ","Vernon Parish Sheriff's Office"
"798",2017,"LA0510600","Chitimacha Tribal",NA,"LA","West South Central","South","NOT SPECIFIED","Tribal","Cities under 2,500",0,7,0,7,8,0,8,15,0,15,NA,"CHITIMACHA TRIBAL POLICE DEPARTMENT               ","Chitimacha Tribal Police Department"
"799",2017,"LA0080500","Louisiana State University:","Health Sciences Center, Shreveport","LA","West South Central","South","BOSSIER","University or College","Cities under 2,500",0,26,4,30,6,10,16,32,14,46,NA,"LOUISIANA STATE UNIVERSITY HEALTH SCIENCES CENTER ","Louisiana State University Health Sciences Center"
"800",2017,"LA0450000","St. Charles",NA,"LA","West South Central","South","ST CHARLES","County","MSA counties from 25,000 thru 99,999",52692,170,58,228,42,112,154,212,170,382,7.25,"ST. CHARLES PARISH SHERIFF'S OFFICE               ","St. Charles Parish Sheriff's Office"
"801",2017,"LA0400200","Pineville",NA,"LA","West South Central","South","RAPIDES","City","Cities from 10,000 thru 24,999",14473,55,1,56,9,8,17,64,9,73,5.04,"PINEVILLE POLICE DEPARTMENT                       ","Pineville Police Department"
"802",2017,"LA0180100","Lake Providence",NA,"LA","West South Central","South","EAST CARROLL","City","Cities from 2,500 thru 9,999",3648,8,2,10,0,3,3,8,5,13,3.56,"LAKE PROVIDENCE POLICE DEPARTMENT                 ","Lake Providence Police Department"
"803",2017,"LA0080100","Bossier City",NA,"LA","West South Central","South","BOSSIER","City","Cities from 50,000 thru 99,999",69632,144,4,148,15,36,51,159,40,199,2.86,"BOSSIER CITY POLICE DEPT                          ","Bossier City Police Police Department"
"804",2017,"LA0570000","Vermilion",NA,"LA","West South Central","South","VERMILION","County","MSA counties from 25,000 thru 99,999",41068,107,7,114,12,19,31,119,26,145,3.53,"VERMILION PARISH SHERIFF'S OFFICE                 ","Vermilion Parish Sheriff's Office"
"805",2017,"LA0620100","Oak Grove",NA,"LA","West South Central","South","WEST CARROLL","City","Cities under 2,500",1620,7,0,7,0,0,0,7,0,7,4.32,"OAK GROVE POLICE DEPARTMENT                       ","Oak Grove Police Department"
"806",2017,"LA0220000","Grant",NA,"LA","West South Central","South","GRANT","County","MSA counties from 10,000 thru 24,999",20731,55,0,55,16,0,16,71,0,71,3.42,"GRANT PARISH SHERIFF'S OFFICE                     ","Grant Parish Sheriff's Office"
"807",2017,"LA0530800","Tickfaw",NA,"LA","West South Central","South","TANGIPAHOA","City","Cities under 2,500",768,5,0,5,1,0,1,6,0,6,7.81,"TICKFAW POLICE DEPARTMENT                         ","Tickfaw Police Department"
"808",2017,"LA0260100","Gretna",NA,"LA","West South Central","South","JEFFERSON","City","Cities from 10,000 thru 24,999",17923,83,65,148,17,30,47,100,95,195,10.88,"GRETNA POLICE DEPARTMENT                          ","Gretna Police Department"
"809",2017,"LA0360200","Delgado Community College",NA,"LA","West South Central","South","ORLEANS","University or College","Cities under 2,500",0,22,4,26,4,8,12,26,12,38,NA,"DELGADO COMMUNITY COLLEGE POLICE                  ","Delgado Community College Police"
"810",2017,"LA0610100","Port Allen",NA,"LA","West South Central","South","WEST BATON ROUGE","City","Cities from 2,500 thru 9,999",5085,15,0,15,4,1,5,19,1,20,3.93,"PORT ALLEN POLICE DEPARTMENT                      ","Port Allen Police Department"
"811",2017,"LA0200200","Mamou",NA,"LA","West South Central","South","EVANGELINE","City","Cities from 2,500 thru 9,999",3178,5,0,5,6,1,7,11,1,12,3.78,"MAMOU POLICE DEPARTMENT                           ","Mamou Police Department"
"812",2017,"LA0280700","University of Louisiana:","Lafayette","LA","West South Central","South","LAFAYETTE","University or College","Cities under 2,500",0,27,2,29,5,2,7,32,4,36,NA,"UNIVERSITY OF LOUISIANA AT LAFAYETTE POLICE       ","University Of Louisiana At Lafayette Police"
"813",2017,"LA0401000","Ball",NA,"LA","West South Central","South","RAPIDES","City","Cities from 2,500 thru 9,999",4011,5,0,5,0,2,2,5,2,7,1.75,"BALL POLICE DEPARTMENT                            ","Ball Police Department"
"814",2017,"LA0560400","Marion",NA,"LA","West South Central","South","UNION","City","Cities under 2,500",752,1,0,1,0,0,0,1,0,1,1.33,"MARION POLICE DEPARTMENT                          ","Marion Police Department"
"815",2017,"LA0550000","Terrebonne",NA,"LA","West South Central","South","TERREBONNE","County","MSA counties from 25,000 thru 99,999",78896,187,21,208,53,47,100,240,68,308,3.9,"TERREBONNE PARISH SHERIFF'S OFFICE                ","Terrebonne Parish Sheriff's Office"
"816",2017,"LA0530300","Ponchatoula",NA,"LA","West South Central","South","TANGIPAHOA","City","Cities from 2,500 thru 9,999",7317,20,0,20,2,6,8,22,6,28,3.83,"PONCHATOULA POLICE DEPARTMENT                     ","Ponchatoula Police Department"
"817",2017,"LA0320600","Port Vincent",NA,"LA","West South Central","South","LIVINGSTON","City","Cities under 2,500",773,3,0,3,0,0,0,3,0,3,3.88,"PORT VINCENT POLICE DEPT.                         ","Port Vincent Police Police Department"
"818",2017,"LADI00500","Tunica-Biloxi Tribal",NA,"LA","West South Central","South","NOT SPECIFIED","Tribal","Cities under 2,500",0,12,1,13,1,1,2,13,2,15,NA,"TUNICA-BILOXI TRIBAL POLICE DEPARTMENT            ","Tunica-Biloxi Tribal Police Department"
"819",2017,"LA0320100","Denham Springs",NA,"LA","West South Central","South","LIVINGSTON","City","Cities from 10,000 thru 24,999",10329,28,0,28,3,8,11,31,8,39,3.78,"DENHAM SPRINGS POLICE DEPARTMENT                  ","Denham Springs Police Department"
"820",2017,"LA0010200","Rayne",NA,"LA","West South Central","South","ACADIA","City","Cities from 2,500 thru 9,999",8167,17,0,17,5,0,5,22,0,22,2.69,"RAYNE POLICE DEPARTMENT                           ","Rayne Police Department"
"821",2017,"LA0150000","Concordia",NA,"LA","West South Central","South","CONCORDIA","County","Non-MSA counties from 10,000 thru 24,999",12366,24,115,139,0,93,93,24,208,232,18.76,"CONCORDIA PARISH SHERIFF'S OFFICE                 ","Concordia Parish Sheriff's Office"
"822",2017,"LA0370300","Sterlington",NA,"LA","West South Central","South","OUACHITA","City","Cities from 2,500 thru 9,999",2731,8,0,8,0,0,0,8,0,8,2.93,"STERLINGTON POLICE DEPARTMENT                     ","Sterlington Police Department"
"823",2017,"LA0060000","Beauregard",NA,"LA","West South Central","South","BEAUREGARD","County","Non-MSA counties from 25,000 thru 99,999",26330,61,2,63,7,17,24,68,19,87,3.3,"BEAUREGARD PARISH SHERIFF'S OFFICE                ","Beauregard Parish Sheriff's Office"
"824",2017,"LA0320000","Livingston",NA,"LA","West South Central","South","LIVINGSTON","County","MSA counties 100,000 or over",120846,184,0,184,99,0,99,283,0,283,2.34,"LIVINGSTON PARISH SHERIFF'S OFFICE                ","Livingston Parish Sheriff's Office"
"825",2017,"LA0280000","Lafayette",NA,"LA","West South Central","South","LAFAYETTE","County","MSA counties from 25,000 thru 99,999",71500,391,28,419,209,141,350,600,169,769,10.76,"LAFAYETTE PARISH SHERIFF'S OFFICE                 ","Lafayette Parish Sheriff's Office"
"826",2017,"LA0520700","Folsom",NA,"LA","West South Central","South","ST TAMMANY","City","Cities under 2,500",826,3,1,4,0,1,1,3,2,5,6.05,"FOLSOM POLICE DEPARTMENT                          ","Folsom Police Department"
"827",2017,"LA0280500","Youngsville",NA,"LA","West South Central","South","LAFAYETTE","City","Cities from 10,000 thru 24,999",13679,25,0,25,0,4,4,25,4,29,2.12,"YOUNGSVILLE POLICE DEPARTMENT                     ","Youngsville Police Department"
"828",2017,"LA0280200","Carencro",NA,"LA","West South Central","South","LAFAYETTE","City","Cities from 2,500 thru 9,999",8944,24,0,24,3,2,5,27,2,29,3.24,"CARENCRO POLICE DEPARTMENT                        ","Carencro Police Department"
"829",2017,"LA0460000","St. Helena",NA,"LA","West South Central","South","ST HELENA","County","MSA counties from 10,000 thru 24,999",10113,23,1,24,3,15,18,26,16,42,4.15,"ST. HELENA PARISH SHERIFF'S OFFICE                ","St. Helena Parish Sheriff's Office"
"830",2017,"LA036209E","Tulane University",NA,"LA","West South Central","South","ORLEANS","University or College","Cities under 2,500",0,68,9,77,13,9,22,81,18,99,NA,NA,"Tulane University"
"831",2017,"LA0280100","Broussard",NA,"LA","West South Central","South","LAFAYETTE, ST MARTIN","City","Cities from 10,000 thru 24,999",12125,27,0,27,1,4,5,28,4,32,2.64,"BROUSSARD POLICE DEPARTMENT                       ","Broussard Police Department"
"832",2017,"LA0340000","Morehouse",NA,"LA","West South Central","South","MOREHOUSE","County","Non-MSA counties from 10,000 thru 24,999",15202,94,0,94,36,0,36,130,0,130,8.55,"MOREHOUSE PARISH SHERIFF'S OFFICE                 ","Morehouse Parish Sheriff's Office"
"833",2017,"LA0360300","University of New Orleans",NA,"LA","West South Central","South","ORLEANS","University or College","Cities under 2,500",0,17,2,19,1,1,2,18,3,21,NA,"UNIVERSITY OF NEW ORLEANS POLICE DEPT.            ","University Of New Orleans Police Police Department"
"834",2017,"LA0290000","Lafourche",NA,"LA","West South Central","South","LAFOURCHE","County","MSA counties from 25,000 thru 99,999",81477,178,18,196,98,37,135,276,55,331,4.06,"LAFOURCHE PARISH SHERIFF'S OFFICE                 ","Lafourche Parish Sheriff's Office"
"835",2017,"LA0610300","Addis",NA,"LA","West South Central","South","WEST BATON ROUGE","City","Cities from 2,500 thru 9,999",5117,11,0,11,0,1,1,11,1,12,2.35,"ADDIS POLICE DEPARTMENT                           ","Addis Police Department"
"836",2017,"LA0010100","Crowley",NA,"LA","West South Central","South","ACADIA","City","Cities from 10,000 thru 24,999",13026,31,0,31,4,7,11,35,7,42,3.22,"CROWLEY POLICE DEPARTMENT                         ","Crowley Police Department"
"837",2017,"LA0500100","Breaux Bridge",NA,"LA","West South Central","South","ST MARTIN","City","Cities from 2,500 thru 9,999",8451,17,0,17,6,2,8,23,2,25,2.96,"BREAUX BRIDGE POLICE DEPARTMENT                   ","Breaux Bridge Police Department"
"838",2017,"LA0230000","Iberia",NA,"LA","West South Central","South","IBERIA","County","MSA counties from 25,000 thru 99,999",72938,116,27,143,56,55,111,172,82,254,3.48,"IBERIA PARISH SHERIFF'S OFFICE                    ","Iberia Parish Sheriff's Office"
"839",2017,"LA0080600","Louisiana State University:","Shreveport","LA","West South Central","South","BOSSIER","University or College","Cities under 2,500",0,6,0,6,1,1,2,7,1,8,NA,"LOUISIANA STATE UNIVERSITY - SHREVEPORT POLICE    ","Louisiana State University - Shreveport Police"
"840",2017,"LA0180000","East Carroll",NA,"LA","West South Central","South","EAST CARROLL","County","Non-MSA counties under 10,000",3517,13,10,23,1,17,18,14,27,41,11.66,"EAST CARROLL PARISH SHERIFF'S OFFICE              ","East Carroll Parish Sheriff's Office"
"841",2017,"LA0170000","East Baton Rouge",NA,"LA","West South Central","South","EAST BATON ROUGE","County","MSA counties 100,000 or over",187966,549,17,566,157,104,261,706,121,827,4.4,"EAST BATON ROUGE PARISH SHERIFF'S OFFICE          ","East Baton Rouge Parish Sheriff's Office"
"842",2017,"LA0520100","Covington",NA,"LA","West South Central","South","ST TAMMANY","City","Cities from 10,000 thru 24,999",10571,29,0,29,7,5,12,36,5,41,3.88,"COVINGTON POLICE DEPARTMENT                       ","Covington Police Department"
"843",2017,"LA0430100","Many",NA,"LA","West South Central","South","SABINE","City","Cities from 2,500 thru 9,999",2780,10,0,10,1,0,1,11,0,11,3.96,"MANY POLICE DEPARTMENT                            ","Many Police Department"
"844",2017,"LA0520500","Pearl River",NA,"LA","West South Central","South","ST TAMMANY","City","Cities from 2,500 thru 9,999",2575,12,0,12,1,7,8,13,7,20,7.77,"PEARL RIVER POLICE DEPARTMENT                     ","Pearl River Police Department"
"845",2017,"LA0480000","St. John the Baptist",NA,"LA","West South Central","South","ST JOHN THE BAPTIST","County","MSA counties from 25,000 thru 99,999",43109,161,1,162,78,0,78,239,1,240,5.57,"ST. JOHN THE BAPTIST PARISH SHERIFF'S OFFICE      ","St. John The Baptist Parish Sheriff's Office"
"846",2017,"LA0610000","West Baton Rouge",NA,"LA","West South Central","South","WEST BATON ROUGE","County","MSA counties from 10,000 thru 24,999",12967,119,7,126,21,36,57,140,43,183,14.11,"WEST BATON ROUGE PARISH SHERIFF'S OFFICE          ","West Baton Rouge Parish Sheriff's Office"
"847",2017,"LA0510400","Patterson",NA,"LA","West South Central","South","ST MARY","City","Cities from 2,500 thru 9,999",6053,13,0,13,11,0,11,24,0,24,3.96,"PATTERSON POLICE DEPARTMENT                       ","Patterson Police Department"
"848",2017,"LA0560100","Farmerville",NA,"LA","West South Central","South","UNION","City","Cities from 2,500 thru 9,999",3841,9,0,9,5,0,5,14,0,14,3.64,"FARMERVILLE POLICE DEPARTMENT                     ","Farmerville Police Department"
"849",2017,"LA0530200","Kentwood",NA,"LA","West South Central","South","TANGIPAHOA","City","Cities under 2,500",2407,8,0,8,3,1,4,11,1,12,4.99,"KENTWOOD POLICE DEPARTMENT                        ","Kentwood Police Department"
"850",2017,"LA0600100","Minden",NA,"LA","West South Central","South","WEBSTER","City","Cities from 10,000 thru 24,999",12497,27,0,27,4,1,5,31,1,32,2.56,"MINDEN POLICE DEPARTMENT                          ","Minden Police Department"
"851",2017,"LA0600200","Springhill",NA,"LA","West South Central","South","WEBSTER","City","Cities from 2,500 thru 9,999",5012,16,0,16,2,0,2,18,0,18,3.59,"SPRINGHILL POLICE DEPARTMENT                      ","Springhill Police Department"
"852",2017,"LA0490000","St. Landry",NA,"LA","West South Central","South","ST LANDRY","County","Non-MSA counties from 25,000 thru 99,999",52098,72,49,121,18,62,80,90,111,201,3.86,"ST. LANDRY PARISH SHERIFF'S OFFICE                ","St. Landry Parish Sheriff's Office"
"853",2017,"LA0290100","Golden Meadow",NA,"LA","West South Central","South","LAFOURCHE","City","Cities under 2,500",2028,4,0,4,1,2,3,5,2,7,3.45,"GOLDEN MEADOW POLICE DEPARTMENT                   ","Golden Meadow Police Department"
"854",2017,"LA0210000","Franklin",NA,"LA","West South Central","South","FRANKLIN","County","Non-MSA counties from 10,000 thru 24,999",20155,108,0,108,21,0,21,129,0,129,6.4,"FRANKLIN PARISH SHERIFF'S OFFICE                  ","Franklin Parish Sheriff's Office"
"855",2017,"LA0100000","Calcasieu",NA,"LA","West South Central","South","CALCASIEU","County","MSA counties from 25,000 thru 99,999",88545,551,0,551,280,0,280,831,0,831,9.39,"CALCASIEU PARISH SHERIFF'S OFFICE                 ","Calcasieu Parish Sheriff's Office"
"856",2017,"LA0351000","Northwestern State University",NA,"LA","West South Central","South","NATCHITOCHES","University or College","Cities under 2,500",0,20,3,23,4,3,7,24,6,30,NA,"NORTHWESTERN STATE UNIVERSITY OF LOUISIANA POLICE ","Northwestern State University Of Louisiana Police"
"857",2017,"LA0510000","St. Mary",NA,"LA","West South Central","South","ST MARY","County","Non-MSA counties from 10,000 thru 24,999",19824,94,0,94,56,0,56,150,0,150,7.57,"ST. MARY PARISH SHERIFF'S OFFICE                  ","St. Mary Parish Sheriff's Office"
"858",2017,"LA0440000","St. Bernard",NA,"LA","West South Central","South","ST BERNARD","County","MSA counties from 25,000 thru 99,999",47154,194,5,199,54,17,71,248,22,270,5.73,"ST. BERNARD PARISH SHERIFF'S OFFICE               ","St. Bernard Parish Sheriff's Office"
"859",2017,"LA0570400","Erath",NA,"LA","West South Central","South","VERMILION","City","Cities under 2,500",2108,6,1,7,1,3,4,7,4,11,5.22,"ERATH POLICE DEPARTMENT                           ","Erath Police Department"
"860",2017,"LA036219E","Dillard University",NA,"LA","West South Central","South","ORLEANS","University or College","Cities under 2,500",0,10,5,15,3,3,6,13,8,21,NA,NA,"Dillard University"
"861",2017,"LA0260400","Westwego",NA,"LA","West South Central","South","JEFFERSON","City","Cities from 2,500 thru 9,999",8532,30,2,32,6,0,6,36,2,38,4.45,"WESTWEGO POLICE DEPARTMENT                        ","Westwego Police Department"
"862",2017,"LA0630000","West Feliciana",NA,"LA","West South Central","South","WEST FELICIANA","County","MSA counties from 10,000 thru 24,999",15227,44,0,44,25,0,25,69,0,69,4.53,"WEST FELICIANA PARISH SHERIFF'S OFFICE            ","West Feliciana Parish Sheriff's Office"
"863",2017,"LA0220400","Georgetown",NA,"LA","West South Central","South","GRANT","City","Cities under 2,500",326,2,1,3,0,0,0,2,1,3,9.2,"GEORGETOWN POLICE DEPARTMENT                      ","Georgetown Police Department"
"864",2017,"LA0170400","Louisiana State University:","Baton Rouge","LA","West South Central","South","EAST BATON ROUGE","University or College","Cities under 2,500",0,52,7,59,6,10,16,58,17,75,NA,"LOUISIANA STATE UNIVERSITY POLICE DEPARTMENT      ","Louisiana State University Police Department"
"865",2017,"LA0490500","Washington",NA,"LA","West South Central","South","ST LANDRY","City","Cities under 2,500",952,3,1,4,1,1,2,4,2,6,6.3,"WASHINGTON POLICE DEPARTMENT                      ","Washington Police Department"
"866",2017,"LA0530000","Tangipahoa",NA,"LA","West South Central","South","TANGIPAHOA","County","MSA counties from 25,000 thru 99,999",94110,103,63,166,12,63,75,115,126,241,2.56,"TANGIPAHOA PARISH SHERIFF'S OFFICE                ","Tangipahoa Parish Sheriff's Office"
"867",2017,"LA0590200","Franklinton",NA,"LA","West South Central","South","WASHINGTON","City","Cities from 2,500 thru 9,999",3770,19,0,19,1,6,7,20,6,26,6.9,"FRANKLINTON POLICE DEPARTMENT                     ","Franklinton Police Department"
"868",2017,"LA0580100","Leesville",NA,"LA","West South Central","South","VERNON","City","Cities from 2,500 thru 9,999",6226,20,2,22,7,3,10,27,5,32,5.14,"LEESVILLE POLICE DEPARTMENT                       ","Leesville Police Department"
"869",2017,"LA0590100","Bogalusa",NA,"LA","West South Central","South","WASHINGTON","City","Cities from 10,000 thru 24,999",11865,31,6,37,2,13,15,33,19,52,4.38,"BOGALUSA POLICE DEPARTMENT                        ","Bogalusa Police Department"
"870",2017,"LA0590000","Washington",NA,"LA","West South Central","South","WASHINGTON","County","Non-MSA counties from 25,000 thru 99,999",30331,50,3,53,12,14,26,62,17,79,2.6,"WASHINGTON PARISH SHERIFF'S OFFICE                ","Washington Parish Sheriff's Office"
"871",2017,"LA0050400","Cottonport",NA,"LA","West South Central","South","AVOYELLES","City","Cities under 2,500",1945,5,1,6,0,0,0,5,1,6,3.08,"COTTONPORT POLICE DEPARTMENT                      ","Cottonport Police Department"
"872",2017,"LA0380000","Plaquemines",NA,"LA","West South Central","South","PLAQUEMINES","County","MSA counties from 10,000 thru 24,999",23414,147,0,147,81,0,81,228,0,228,9.74,"PLAQUEMINES PARISH SHERIFF'S OFFICE               ","Plaquemines Parish Sheriff's Office"
"873",2017,"LA0200300","Ville Platte",NA,"LA","West South Central","South","EVANGELINE","City","Cities from 2,500 thru 9,999",7244,23,6,29,6,13,19,29,19,48,6.63,"VILLE PLATTE POLICE DEPARTMENT                    ","Ville Platte Police Department"
"874",2017,"LA0310600","Grambling State University",NA,"LA","West South Central","South","LINCOLN","University or College","Cities under 2,500",0,7,4,11,3,9,12,10,13,23,NA,"GRAMBLING STATE UNIVERSITY POLICE DEPT.           ","Grambling State University Police Police Department"
"875",2017,"LA0160100","Mansfield",NA,"LA","West South Central","South","DE SOTO","City","Cities from 2,500 thru 9,999",4900,10,0,10,5,0,5,15,0,15,3.06,"MANSFIELD POLICE DEPARTMENT                       ","Mansfield Police Department"
"876",2017,"LA0370100","Monroe",NA,"LA","West South Central","South","OUACHITA","City","Cities from 25,000 thru 49,999",49354,109,6,115,18,33,51,127,39,166,3.36,"MONROE POLICE DEPARTMENT                          ","Monroe Police Department"
"877",2017,"LA0070000","Bienville",NA,"LA","West South Central","South","BIENVILLE","County","Non-MSA counties from 10,000 thru 24,999",12293,39,9,48,3,19,22,42,28,70,5.69,"BIENVILLE PARISH SHERIFF'S OFFICE                 ","Bienville Parish Sheriff's Office"
"878",2017,"LA0370200","West Monroe",NA,"LA","West South Central","South","OUACHITA","City","Cities from 10,000 thru 24,999",12891,53,0,53,19,0,19,72,0,72,5.59,"WEST MONROE POLICE DEPARTMENT                     ","West Monroe Police Department"
"879",2017,"LA0250000","Jackson",NA,"LA","West South Central","South","JACKSON","County","Non-MSA counties from 10,000 thru 24,999",15211,42,85,127,2,51,53,44,136,180,11.83,"JACKSON PARISH SHERIFF'S OFFICE                   ","Jackson Parish Sheriff's Office"
"880",2017,"LA0090000","Caddo",NA,"LA","West South Central","South","CADDO","County","MSA counties from 25,000 thru 99,999",47692,331,33,364,82,240,322,413,273,686,14.38,"CADDO PARISH SHERIFF'S OFFICE                     ","Caddo Parish Sheriff's Office"
"881",2017,"LA0430200","Zwolle",NA,"LA","West South Central","South","SABINE","City","Cities under 2,500",1945,6,0,6,0,2,2,6,2,8,4.11,"ZWOLLE POLICE DEPARTMENT                          ","Zwolle Police Department"
"882",2017,"LA0060100","De Ridder",NA,"LA","West South Central","South","BEAUREGARD, VERNON","City","Cities from 10,000 thru 24,999",11116,21,1,22,5,5,10,26,6,32,2.88,"DERIDDER POLICE DEPARTMENT                        ","Deridder Police Department"
"883",2017,"LA0100200","Lake Charles",NA,"LA","West South Central","South","CALCASIEU","City","Cities from 50,000 thru 99,999",77647,135,3,138,18,30,48,153,33,186,2.4,"LAKE CHARLES POLICE DEPARTMENT                    ","Lake Charles Police Department"
"884",2017,"LA0270000","Jefferson Davis",NA,"LA","West South Central","South","JEFFERSON DAVIS","County","Non-MSA counties from 10,000 thru 24,999",15179,58,0,58,19,0,19,77,0,77,5.07,"JEFFERSON DAVIS PARISH SHERIFF'S OFFICE           ","Jefferson Davis Parish Sheriff's Office"
"885",2017,"LA0030200","Gonzales",NA,"LA","West South Central","South","ASCENSION","City","Cities from 10,000 thru 24,999",11012,44,0,44,0,5,5,44,5,49,4.45,"GONZALES POLICE DEPARTMENT                        ","Gonzales Police Department"
"886",2017,"LA0240600","St. Gabriel",NA,"LA","West South Central","South","IBERVILLE","City","Cities from 2,500 thru 9,999",7298,11,1,12,1,6,7,12,7,19,2.6,"ST. GABRIEL POLICE DEPARTMENT                     ","St. Gabriel Police Department"
"887",2017,"LA0330000","Madison",NA,"LA","West South Central","South","MADISON","County","Non-MSA counties under 10,000",4413,25,0,25,9,0,9,34,0,34,7.7,"MADISON PARISH SHERIFF'S OFFICE                   ","Madison Parish Sheriff's Office"
"888",2017,"LA0170300","Zachary",NA,"LA","West South Central","South","EAST BATON ROUGE","City","Cities from 10,000 thru 24,999",17072,30,0,30,14,2,16,44,2,46,2.69,"ZACHARY POLICE DEPARTMENT                         ","Zachary Police Department"
"889",2017,"LA0090300","Oil City",NA,"LA","West South Central","South","CADDO","City","Cities under 2,500",982,2,0,2,2,0,2,4,0,4,4.07,"OIL CITY POLICE DEPARTMENT                        ","Oil City Police Department"
"890",2017,"LANPD0000","New Orleans",NA,"LA","West South Central","South","ORLEANS","City","Cities from 250,000 thru 499,999",397447,844,134,978,257,201,458,1101,335,1436,3.61,"NEW ORLEANS POLICE DEPARTMENT                     ","New Orleans Police Department"
"891",2017,"LA0200100","Basile",NA,"LA","West South Central","South","ACADIA, EVANGELINE","City","Cities under 2,500",1811,6,1,7,1,2,3,7,3,10,5.52,"BASILE POLICE DEPARTMENT                          ","Basile Police Department"
"892",2017,"LA0100700","Iowa",NA,"LA","West South Central","South","CALCASIEU","City","Cities from 2,500 thru 9,999",3343,9,2,11,3,3,6,12,5,17,5.09,"IOWA POLICE DEPARTMENT                            ","Iowa Police Department"
"893",2017,"LA0600000","Webster",NA,"LA","West South Central","South","WEBSTER","County","MSA counties from 10,000 thru 24,999",19500,81,6,87,26,15,41,107,21,128,6.56,"WEBSTER PARISH SHERIFF'S OFFICE                   ","Webster Parish Sheriff's Office"
"894",2017,"LA0330100","Tallulah",NA,"LA","West South Central","South","MADISON","City","Cities from 2,500 thru 9,999",6970,9,0,9,2,3,5,11,3,14,2.01,"TALLULAH POLICE DEPT.                             ","Tallulah Police Police Department"
"895",2017,"LA0530100","Hammond",NA,"LA","West South Central","South","TANGIPAHOA","City","Cities from 10,000 thru 24,999",20712,74,13,87,7,14,21,81,27,108,5.21,"HAMMOND POLICE DEPARTMENT                         ","Hammond Police Department"
"896",2017,"LA0310000","Lincoln",NA,"LA","West South Central","South","LINCOLN","County","Non-MSA counties from 25,000 thru 99,999",25234,51,16,67,5,7,12,56,23,79,3.13,"LINCOLN PARISH SHERIFF'S OFFICE                   ","Lincoln Parish Sheriff's Office"
"897",2017,"LA0280600","Scott",NA,"LA","West South Central","South","LAFAYETTE","City","Cities from 2,500 thru 9,999",8780,25,0,25,0,2,2,25,2,27,3.08,"SCOTT POLICE DEPARTMENT                           ","Scott Police Department"
"898",2017,"LA0300000","La Salle",NA,"LA","West South Central","South","LA SALLE","County","Non-MSA counties from 10,000 thru 24,999",10172,25,49,74,2,23,25,27,72,99,9.73,"LA SALLE PARISH SHERIFF'S OFFICE                  ","La Salle Parish Sheriff's Office"
"899",2017,"LA0570100","Abbeville",NA,"LA","West South Central","South","VERMILION","City","Cities from 10,000 thru 24,999",12491,27,1,28,6,2,8,33,3,36,2.88,"ABBEVILLE POLICE DEPARTMENT                       ","Abbeville Police Department"
"900",2017,"LA0350100","Natchitoches",NA,"LA","West South Central","South","NATCHITOCHES","City","Cities from 10,000 thru 24,999",18284,47,3,50,6,14,20,53,17,70,3.83,"NATCHITOCHES POLICE DEPARTMENT                    ","Natchitoches Police Department"
"901",2017,"LA0300200","Olla",NA,"LA","West South Central","South","LA SALLE","City","Cities under 2,500",1393,2,0,2,0,0,0,2,0,2,1.44,"OLLA POLICE DEPARTMENT                            ","Olla Police Department"
"902",2017,"LA0200000","Evangeline",NA,"LA","West South Central","South","EVANGELINE","County","Non-MSA counties from 10,000 thru 24,999",21279,17,0,17,8,7,15,25,7,32,1.5,"EVANGELINE PARISH SHERIFF'S OFFICE                ","Evangeline Parish Sheriff's Office"
"903",2017,"LA0270400","Welsh",NA,"LA","West South Central","South","JEFFERSON DAVIS","City","Cities from 2,500 thru 9,999",3232,9,0,9,5,0,5,14,0,14,4.33,"WELSH POLICE DEPARTMENT                           ","Welsh Police Department"
"904",2017,"LA0260300","Kenner",NA,"LA","West South Central","South","JEFFERSON","City","Cities from 50,000 thru 99,999",67149,136,20,156,22,43,65,158,63,221,3.29,"KENNER POLICE DEPARTMENT                          ","Kenner Police Department"
"905",2017,"LA0150200","Vidalia",NA,"LA","West South Central","South","CONCORDIA","City","Cities from 2,500 thru 9,999",4015,23,2,25,6,7,13,29,9,38,9.46,"VIDALIA POLICE DEPARTMENT                         ","Vidalia Police Department"
"906",2017,"LA0040000","Assumption",NA,"LA","West South Central","South","ASSUMPTION","County","Non-MSA counties from 10,000 thru 24,999",22483,33,13,46,20,17,37,53,30,83,3.69,"ASSUMPTION PARISH SHERIFF'S OFFICE                ","Assumption Parish Sheriff's Office"
"907",2017,"LA0220200","Montgomery",NA,"LA","West South Central","South","GRANT","City","Cities under 2,500",723,3,0,3,0,0,0,3,0,3,4.15,"MONTGOMERY POLICE DEPARTMENT                      ","Montgomery Police Department"
"908",2017,"LA0430700","Fisher",NA,"LA","West South Central","South","SABINE","City","Cities under 2,500",222,1,0,1,0,0,0,1,0,1,4.5,"FISHER POLICE DEPT                                ","Fisher Police Police Department"
"909",2017,"LA0350000","Natchitoches",NA,"LA","West South Central","South","NATCHITOCHES","County","Non-MSA counties from 10,000 thru 24,999",20637,126,6,132,34,30,64,160,36,196,9.5,"NATCHITOCHES PARISH SHERIFF'S OFFICE              ","Natchitoches Parish Sheriff's Office"
"910",2017,"LA0370400","University of Louisiana:","Monroe","LA","West South Central","South","OUACHITA","University or College","Cities under 2,500",0,20,0,20,3,1,4,23,1,24,NA,"UNIVERSITY OF LOUISIANA - MONROE POLICE           ","University Of Louisiana - Monroe Police"
"911",2017,"LA0050000","Avoyelles",NA,"LA","West South Central","South","AVOYELLES","County","Non-MSA counties from 25,000 thru 99,999",26273,44,3,47,18,27,45,62,30,92,3.5,"AVOYELLES PARISH SHERIFF'S OFFICE                 ","Avoyelles Parish Sheriff's Office"
"912",2017,"LA0550100","Houma",NA,"LA","West South Central","South","TERREBONNE","City","Cities from 25,000 thru 49,999",34083,70,0,70,10,16,26,80,16,96,2.82,"HOUMA POLICE DEPARTMENT                           ","Houma Police Department"
"913",2017,"LA0090800","Ida",NA,"LA","West South Central","South","CADDO","City","Cities under 2,500",211,1,0,1,0,0,0,1,0,1,4.74,"IDA POLICE DEPARTMENT                             ","Ida Police Department"
"914",2017,"LA0361200","Southern University and A&M College:","New Orleans","LA","West South Central","South","ORLEANS","University or College","Cities under 2,500",0,13,0,13,4,3,7,17,3,20,NA,"SOUTHERN UNIV PD NEW ORLEANS                      ","Southern Univ Police Department New Orleans"
"915",2017,"LA0310700","Louisiana Tech University",NA,"LA","West South Central","South","LINCOLN","University or College","Cities under 2,500",0,16,0,16,1,2,3,17,2,19,NA,"LOUISIANA TECH UNIVERSITY POLICE                  ","Louisiana Tech University Police"
"916",2017,"LA0370900","Tensas Basin Levee District",NA,"LA","West South Central","South","OUACHITA","Other State Agency","Cities under 2,500",0,2,0,2,0,1,1,2,1,3,NA,"TENSAS BASIN LEVEE DISTRICT POLICE                ","Tensas Basin Levee District Police"
"917",2017,"LA0150100","Ferriday",NA,"LA","West South Central","South","CONCORDIA","City","Cities from 2,500 thru 9,999",3300,13,0,13,1,4,5,14,4,18,5.45,"FERRIDAY POLICE DEPARTMENT                        ","Ferriday Police Department"
"918",2017,"LA0100800","McNeese State University",NA,"LA","West South Central","South","CALCASIEU","University or College","Cities under 2,500",0,8,1,9,2,5,7,10,6,16,NA,"MCNEESE STATE UNIVERSITY POLICE                   ","Mcneese State University Police"
"919",2017,"LA0430000","Sabine",NA,"LA","West South Central","South","SABINE","County","Non-MSA counties from 10,000 thru 24,999",18261,55,6,61,8,17,25,63,23,86,4.71,"SABINE PARISH SHERIFF'S OFFICE                    ","Sabine Parish Sheriff's Office"
"920",2017,"LA0490100","Eunice",NA,"LA","West South Central","South","ACADIA, ST LANDRY","City","Cities from 10,000 thru 24,999",10258,19,3,22,10,7,17,29,10,39,3.8,"EUNICE POLICE DEPARTMENT                          ","Eunice Police Department"
"921",2017,"LA0361700","Louisiana State University:","Health Sciences Center, New Orleans","LA","West South Central","South","ORLEANS","University or College","Cities under 2,500",0,16,0,16,12,0,12,28,0,28,NA,"LSU HEALTH SCIENCES CENTER POLICE DEPARTMENT      ","Lsu Health Sciences Center Police Department"
"922",2017,"LA0250400","Hodge",NA,"LA","West South Central","South","JACKSON","City","Cities under 2,500",445,4,0,4,0,0,0,4,0,4,8.99,"HODGE POLICE DEPT.                                ","Hodge Police Police Department"
"923",2017,"LA0170200","Baton Rouge",NA,"LA","West South Central","South","EAST BATON ROUGE","City","Cities from 100,000 thru 249,999",227403,582,13,595,59,159,218,641,172,813,3.58,"BATON ROUGE POLICE DEPARTMENT                     ","Baton Rouge Police Department"
"924",2017,"LA0290600","Nicholls State University",NA,"LA","West South Central","South","LAFOURCHE","University or College","Cities under 2,500",0,7,0,7,3,1,4,10,1,11,NA,"NICHOLLS STATE UNIVERSITY POLICE                  ","Nicholls State University Police"
"925",2017,"LA0470100","Lutcher",NA,"LA","West South Central","South","ST JAMES","City","Cities from 2,500 thru 9,999",3333,3,0,3,0,0,0,3,0,3,0.9,"LUTCHER POLICE DEPARTMENT                         ","Lutcher Police Department"
"926",2017,"LA0260200","Harahan",NA,"LA","West South Central","South","JEFFERSON","City","Cities from 2,500 thru 9,999",9373,18,0,18,1,7,8,19,7,26,2.77,"HARAHAN POLICE DEPARTMENT                         ","Harahan Police Department"
"927",2017,"LA0420000","Richland",NA,"LA","West South Central","South","RICHLAND","County","Non-MSA counties from 10,000 thru 24,999",13792,49,5,54,67,15,82,116,20,136,9.86,"RICHLAND PARISH SHERIFF'S OFFICE                  ","Richland Parish Sheriff's Office"
"928",2017,"LA0091000","Greenwood",NA,"LA","West South Central","South","CADDO","City","Cities from 2,500 thru 9,999",3145,9,0,9,0,1,1,9,1,10,3.18,"GREENWOOD POLICE DEPARTMENT                       ","Greenwood Police Department"
"929",2017,"LA0270300","Lake Arthur",NA,"LA","West South Central","South","JEFFERSON DAVIS","City","Cities from 2,500 thru 9,999",2747,6,1,7,0,3,3,6,4,10,3.64,"LAKE ARTHUR POLICE DEPARTMENT                     ","Lake Arthur Police Department"
"930",2017,"LA0280300","Lafayette",NA,"LA","West South Central","South","LAFAYETTE","City","Cities from 100,000 thru 249,999",128691,235,4,239,29,53,82,264,57,321,2.49,"LAFAYETTE POLICE DEPARTMENT                       ","Lafayette Police Department"
"931",2017,"LA0520200","Slidell",NA,"LA","West South Central","South","ST TAMMANY","City","Cities from 25,000 thru 49,999",28163,74,3,77,7,20,27,81,23,104,3.69,"SLIDELL POLICE DEPARTMENT                         ","Slidell Police Department"
"932",2017,"LA0560000","Union",NA,"LA","West South Central","South","UNION","County","MSA counties from 10,000 thru 24,999",16086,27,5,32,5,11,16,32,16,48,2.98,"UNION PARISH SHERIFF'S OFFICE                     ","Union Parish Sheriff's Office"
"933",2017,"LA0020100","Kinder",NA,"LA","West South Central","South","ALLEN","City","Cities under 2,500",2430,11,0,11,1,3,4,12,3,15,6.17,"KINDER POLICE DEPARTMENT                          ","Kinder Police Department"
"934",2017,"LA0600700","Sibley",NA,"LA","West South Central","South","WEBSTER","City","Cities under 2,500",1169,3,0,3,0,0,0,3,0,3,2.57,"SIBLEY POLICE DEPARTMENT                          ","Sibley Police Department"
"935",2017,"LA0080400","Haughton",NA,"LA","West South Central","South","BOSSIER","City","Cities from 2,500 thru 9,999",3301,12,0,12,0,1,1,12,1,13,3.94,"HAUGHTON POLICE DEPARTMENT                        ","Haughton Police Department"
"936",2017,"LA0160000","De Soto",NA,"LA","West South Central","South","DE SOTO","County","MSA counties from 10,000 thru 24,999",22202,85,1,86,18,9,27,103,10,113,5.09,"DE SOTO PARISH SHERIFF'S OFFICE                   ","De Soto Parish Sheriff's Office"
"937",2017,"LA0010300","Church Point",NA,"LA","West South Central","South","ACADIA","City","Cities from 2,500 thru 9,999",4485,11,0,11,5,0,5,16,0,16,3.57,"CHURCH POINT POLICE DEPARTMENT                    ","Church Point Police Department"
"938",2017,"LA0100300","Sulphur",NA,"LA","West South Central","South","CALCASIEU","City","Cities from 10,000 thru 24,999",20247,41,9,50,3,16,19,44,25,69,3.41,"SULPHUR POLICE DEPARTMENT                         ","Sulphur Police Department"
"939",2017,"LA0620200","Epps",NA,"LA","West South Central","South","WEST CARROLL","City","Cities under 2,500",825,1,0,1,0,1,1,1,1,2,2.42,"EPPS POLICE DEPARTMENT                            ","Epps Police Department"
"940",2017,"LA0430500","Florien",NA,"LA","West South Central","South","SABINE","City","Cities under 2,500",616,2,0,2,1,0,1,3,0,3,4.87,"FLORIEN POLICE DEPARTMENT                         ","Florien Police Department"
"941",2017,"LA0190100","Clinton",NA,"LA","West South Central","South","EAST FELICIANA","City","Cities under 2,500",1571,14,7,21,1,0,1,15,7,22,14,"CLINTON POLICE DEPT.                              ","Clinton Police Police Department"
"942",2017,"LA0470200","Gramercy",NA,"LA","West South Central","South","ST JAMES","City","Cities from 2,500 thru 9,999",3425,7,1,8,0,0,0,7,1,8,2.34,"GRAMERCY POLICE DEPARTMENT                        ","Gramercy Police Department"
"943",2017,"LA0470000","St. James",NA,"LA","West South Central","South","ST JAMES","County","MSA counties from 10,000 thru 24,999",14626,49,16,65,11,24,35,60,40,100,6.84,"ST. JAMES PARISH SHERIFF'S OFFICE                 ","St. James Parish Sheriff's Office"
"944",2017,"LA0370000","Ouachita",NA,"LA","West South Central","South","OUACHITA","County","MSA counties from 25,000 thru 99,999",88318,275,0,275,121,0,121,396,0,396,4.48,"OUACHITA PARISH SHERIFF'S OFFICE                  ","Ouachita Parish Sheriff's Office"
"945",2017,"LA0300100","Jena",NA,"LA","West South Central","South","LA SALLE","City","Cities from 2,500 thru 9,999",3440,6,0,6,0,1,1,6,1,7,2.03,"JENA POLICE DEPARTMENT                            ","Jena Police Department"
"946",2017,"LA0320700","French Settlement",NA,"LA","West South Central","South","LIVINGSTON","City","Cities under 2,500",1205,2,0,2,0,0,0,2,0,2,1.66,"FRENCH SETTLEMENT POLICE DEPARTMENT               ","French Settlement Police Department"
"947",2017,"LA0290500","Thibodaux",NA,"LA","West South Central","South","LAFOURCHE","City","Cities from 10,000 thru 24,999",14617,41,3,44,14,10,24,55,13,68,4.65,"THIBODAUX POLICE DEPARTMENT                       ","Thibodaux Police Department"
"948",2017,"LA0320300","Walker",NA,"LA","West South Central","South","LIVINGSTON","City","Cities from 2,500 thru 9,999",6447,17,0,17,1,4,5,18,4,22,3.41,"WALKER POLICE DEPARTMENT                          ","Walker Police Department"
"949",2017,"LADI00600","Coushatta Tribal",NA,"LA","West South Central","South","NOT SPECIFIED","Tribal","Cities under 2,500",0,19,0,19,8,4,12,27,4,31,NA,"COUSHATTA TRIBAL POLICE DEPARTMENT                ","Coushatta Tribal Police Department"
"950",2017,"LA0610200","Brusly",NA,"LA","West South Central","South","WEST BATON ROUGE","City","Cities from 2,500 thru 9,999",2827,8,0,8,2,0,2,10,0,10,3.54,"BRUSLY POLICE DEPARTMENT                          ","Brusly Police Department"
"951",2017,"LA0520300","Mandeville",NA,"LA","West South Central","South","ST TAMMANY","City","Cities from 10,000 thru 24,999",12503,31,3,34,2,9,11,33,12,45,3.6,"MANDEVILLE POLICE DEPARTMENT                      ","Mandeville Police Department"
"952",2017,"LA0170100","Baker",NA,"LA","West South Central","South","EAST BATON ROUGE","City","Cities from 10,000 thru 24,999",13584,25,0,25,2,5,7,27,5,32,2.36,"BAKER POLICE DEPARTMENT                           ","Baker Police Department"
"953",2017,"LA0390000","Pointe Coupee",NA,"LA","West South Central","South","POINTE COUPEE","County","MSA counties from 10,000 thru 24,999",20560,49,16,65,7,32,39,56,48,104,5.06,"POINTE COUPEE PARISH SHERIFF'S OFFICE             ","Pointe Coupee Parish Sheriff's Office"
"954",2017,"LA0050100","Bunkie",NA,"LA","West South Central","South","AVOYELLES","City","Cities from 2,500 thru 9,999",4045,3,0,3,2,3,5,5,3,8,1.98,"BUNKIE POLICE DEPARTMENT                          ","Bunkie Police Department"
"955",2017,"LA0260000","Jefferson",NA,"LA","West South Central","South","JEFFERSON","County","MSA counties 100,000 or over",332153,725,146,871,275,312,587,1000,458,1458,4.39,"JEFFERSON PARISH SHERIFF'S OFFICE                 ","Jefferson Parish Sheriff's Office"
"956",2017,"LA0080700","Southern University and A&M College:","Shreveport","LA","West South Central","South","BOSSIER","University or College","Cities under 2,500",0,4,0,4,1,1,2,5,1,6,NA,"SOUTHERN UNIVERSITY AND A & M COLLEGE - SHREVEPORT","Southern University And A & M College - Shreveport"
"957",2017,"LA0400100","Alexandria",NA,"LA","West South Central","South","RAPIDES","City","Cities from 25,000 thru 49,999",47860,134,1,135,16,32,48,150,33,183,3.82,"ALEXANDRIA POLICE DEPARTMENT                      ","Alexandria Police Department"
"958",2017,"LA0130000","Catahoula",NA,"LA","West South Central","South","CATAHOULA","County","Non-MSA counties under 10,000",9802,22,52,74,9,24,33,31,76,107,10.92,"CATAHOULA PARISH SHERIFF'S OFFICE                 ","Catahoula Parish Sheriff's Office"
"959",2017,"LA0310200","Ruston",NA,"LA","West South Central","South","LINCOLN","City","Cities from 10,000 thru 24,999",22438,34,2,36,5,12,17,39,14,53,2.36,"RUSTON POLICE DEPARTMENT                          ","Ruston Police Department"
"960",2017,"LA0620000","West Carroll",NA,"LA","West South Central","South","WEST CARROLL","County","Non-MSA counties under 10,000",8543,9,5,14,1,5,6,10,10,20,2.34,"WEST CARROLL PARISH SHERIFF'S OFFICE              ","West Carroll Parish Sheriff's Office"
"961",2017,"LA0030000","Ascension",NA,"LA","West South Central","South","ASCENSION","County","MSA counties 100,000 or over",112455,226,6,232,48,49,97,274,55,329,2.93,"ASCENSION PARISH SHERIFF'S OFFICE                 ","Ascension Parish Sheriff's Office"
"962",2017,"LA0520000","St. Tammany",NA,"LA","West South Central","South","ST TAMMANY","County","MSA counties 100,000 or over",201095,407,38,445,91,125,216,498,163,661,3.29,"ST. TAMMANY PARISH SHERIFF'S OFFICE               ","St. Tammany Parish Sheriff's Office"
"963",2017,"LA0510300","Morgan City",NA,"LA","West South Central","South","ST MARY","City","Cities from 10,000 thru 24,999",11530,36,4,40,7,8,15,43,12,55,4.77,"MORGAN CITY POLICE DEPARTMENT                     ","Morgan City Police Department"
"964",2017,"LA0140000","Claiborne",NA,"LA","West South Central","South","CLAIBORNE","County","Non-MSA counties from 10,000 thru 24,999",13773,19,22,41,19,27,46,38,49,87,6.32,"CLAIBORNE PARISH SHERIFF'S OFFICE                 ","Claiborne Parish Sheriff's Office"
"965",2017,"LA0090400","Blanchard",NA,"LA","West South Central","South","CADDO","City","Cities from 2,500 thru 9,999",3186,4,0,4,0,1,1,4,1,5,1.57,"BLANCHARD POLICE DEPARTMENT                       ","Blanchard Police Department"
"966",2017,"LA0090100","Shreveport",NA,"LA","West South Central","South","BOSSIER, CADDO","City","Cities from 100,000 thru 249,999",193937,396,22,418,112,78,190,508,100,608,3.14,"SHREVEPORT POLICE DEPARTMENT                      ","Shreveport Police Department"
"967",2017,"LA0080000","Bossier",NA,"LA","West South Central","South","BOSSIER","County","MSA counties from 25,000 thru 99,999",51434,266,26,292,42,45,87,308,71,379,7.37,"BOSSIER PARISH SHERIFF'S OFFICE                   ","Bossier Parish Sheriff's Office"
"968",2017,"LA0500000","St. Martin",NA,"LA","West South Central","South","ST MARTIN","County","MSA counties from 25,000 thru 99,999",45511,82,16,98,36,36,72,118,52,170,3.74,"ST. MARTIN PARISH SHERIFF'S OFFICE                ","St. Martin Parish Sheriff's Office"
"969",2017,"LA0010000","Acadia",NA,"LA","West South Central","South","ACADIA","County","MSA counties from 25,000 thru 99,999",36365,52,12,64,5,30,35,57,42,99,2.72,"ACADIA PARISH SHERIFF'S OFFICE                    ","Acadia Parish Sheriff's Office"
"970",2017,"LA0320800","Killian",NA,"LA","West South Central","South","LIVINGSTON","City","Cities under 2,500",1347,3,0,3,0,0,0,3,0,3,2.23,"KILLIAN POLICE DEPARTMENT                         ","Killian Police Department"
"971",2017,"LA0020000","Allen",NA,"LA","West South Central","South","ALLEN","County","Non-MSA counties from 10,000 thru 24,999",15434,55,0,55,27,0,27,82,0,82,5.31,"ALLEN PARISH SHERIFF'S OFFICE                     ","Allen Parish Sheriff's Office"
"972",2016,"LA0630000","West Feliciana",NA,"LA","West South Central","South","WEST FELICIANA","County","MSA counties from 10,000 thru 24,999",13597,43,0,43,26,0,26,69,0,69,5.07,"WEST FELICIANA PARISH SHERIFF'S OFFICE            ","West Feliciana Parish Sheriff's Office"
"973",2016,"LA0530000","Tangipahoa",NA,"LA","West South Central","South","TANGIPAHOA","County","MSA counties from 25,000 thru 99,999",92712,110,53,163,9,66,75,119,119,238,2.57,"TANGIPAHOA PARISH SHERIFF'S OFFICE                ","Tangipahoa Parish Sheriff's Office"
"974",2016,"LA0090000","Caddo",NA,"LA","West South Central","South","CADDO","County","MSA counties from 25,000 thru 99,999",48548,354,48,402,64,218,282,418,266,684,14.09,"CADDO PARISH SHERIFF'S OFFICE                     ","Caddo Parish Sheriff's Office"
"975",2016,"LA0250000","Jackson",NA,"LA","West South Central","South","JACKSON","County","Non-MSA counties from 10,000 thru 24,999",15272,41,68,109,1,68,69,42,136,178,11.66,"JACKSON PARISH SHERIFF'S OFFICE                   ","Jackson Parish Sheriff's Office"
"976",2016,"LA0060100","De Ridder",NA,"LA","West South Central","South","BEAUREGARD, VERNON","City","Cities from 10,000 thru 24,999",10939,20,0,20,4,6,10,24,6,30,2.74,"DERIDDER POLICE DEPARTMENT                        ","Deridder Police Department"
"977",2016,"LA0080400","Haughton",NA,"LA","West South Central","South","BOSSIER","City","Cities from 2,500 thru 9,999",3306,12,0,12,0,1,1,12,1,13,3.93,"HAUGHTON POLICE DEPARTMENT                        ","Haughton Police Department"
"978",2016,"LA0070000","Bienville",NA,"LA","West South Central","South","BIENVILLE","County","Non-MSA counties from 10,000 thru 24,999",12214,39,9,48,3,19,22,42,28,70,5.73,"BIENVILLE PARISH SHERIFF'S OFFICE                 ","Bienville Parish Sheriff's Office"
"979",2016,"LA0370100","Monroe",NA,"LA","West South Central","South","OUACHITA","City","Cities from 25,000 thru 49,999",49677,118,5,123,19,38,57,137,43,180,3.62,"MONROE POLICE DEPARTMENT                          ","Monroe Police Department"
"980",2016,"LA0420200","Rayville",NA,"LA","West South Central","South","RICHLAND","City","Cities from 2,500 thru 9,999",3658,14,0,14,0,2,2,14,2,16,4.37,"RAYVILLE POLICE DEPARTMENT                        ","Rayville Police Department"
"981",2016,"LA0370200","West Monroe",NA,"LA","West South Central","South","OUACHITA","City","Cities from 10,000 thru 24,999",12942,50,2,52,17,0,17,67,2,69,5.33,"WEST MONROE POLICE DEPARTMENT                     ","West Monroe Police Department"
"982",2016,"LA0600000","Webster",NA,"LA","West South Central","South","WEBSTER","County","MSA counties from 10,000 thru 24,999",19682,32,8,40,6,14,20,38,22,60,3.05,"WEBSTER PARISH SHERIFF'S OFFICE                   ","Webster Parish Sheriff's Office"
"983",2016,"LA0020000","Allen",NA,"LA","West South Central","South","ALLEN","County","Non-MSA counties from 10,000 thru 24,999",15452,25,23,48,1,15,16,26,38,64,4.14,"ALLEN PARISH SHERIFF'S OFFICE                     ","Allen Parish Sheriff's Office"
"984",2016,"LA0260000","Jefferson",NA,"LA","West South Central","South","JEFFERSON","County","MSA counties 100,000 or over",332528,544,304,848,83,501,584,627,805,1432,4.31,"JEFFERSON PARISH SHERIFF'S OFFICE                 ","Jefferson Parish Sheriff's Office"
"985",2016,"LA0500000","St. Martin",NA,"LA","West South Central","South","ST MARTIN","County","MSA counties from 25,000 thru 99,999",45437,73,27,100,40,42,82,113,69,182,4.01,"ST. MARTIN PARISH SHERIFF'S OFFICE                ","St. Martin Parish Sheriff's Office"
"986",2016,"LA0320800","Killian",NA,"LA","West South Central","South","LIVINGSTON","City","Cities under 2,500",1324,3,0,3,0,1,1,3,1,4,3.02,"KILLIAN POLICE DEPARTMENT                         ","Killian Police Department"
"987",2016,"LA0010000","Acadia",NA,"LA","West South Central","South","ACADIA","County","MSA counties from 25,000 thru 99,999",36399,60,1,61,8,32,40,68,33,101,2.77,"ACADIA PARISH SHERIFF'S OFFICE                    ","Acadia Parish Sheriff's Office"
"988",2016,"LA0390000","Pointe Coupee",NA,"LA","West South Central","South","POINTE COUPEE","County","MSA counties from 10,000 thru 24,999",20672,42,21,63,4,31,35,46,52,98,4.74,"POINTE COUPEE PARISH SHERIFF'S OFFICE             ","Pointe Coupee Parish Sheriff's Office"
"989",2016,"LA0330100","Tallulah",NA,"LA","West South Central","South","MADISON","City","Cities from 2,500 thru 9,999",6930,9,0,9,5,0,5,14,0,14,2.02,"TALLULAH POLICE DEPT.                             ","Tallulah Police Police Department"
"990",2016,"LA0310000","Lincoln",NA,"LA","West South Central","South","LINCOLN","County","Non-MSA counties from 25,000 thru 99,999",25381,51,6,57,9,10,19,60,16,76,2.99,"LINCOLN PARISH SHERIFF'S OFFICE                   ","Lincoln Parish Sheriff's Office"
"991",2016,"LA0530100","Hammond",NA,"LA","West South Central","South","TANGIPAHOA","City","Cities from 10,000 thru 24,999",20576,72,12,84,8,14,22,80,26,106,5.15,"HAMMOND POLICE DEPARTMENT                         ","Hammond Police Department"
"992",2016,"LA0280600","Scott",NA,"LA","West South Central","South","LAFAYETTE","City","Cities from 2,500 thru 9,999",9092,23,0,23,1,1,2,24,1,25,2.75,"SCOTT POLICE DEPARTMENT                           ","Scott Police Department"
"993",2016,"LA0570100","Abbeville",NA,"LA","West South Central","South","VERMILION","City","Cities from 10,000 thru 24,999",12471,31,1,32,6,1,7,37,2,39,3.13,"ABBEVILLE POLICE DEPARTMENT                       ","Abbeville Police Department"
"994",2016,"LA0350100","Natchitoches",NA,"LA","West South Central","South","NATCHITOCHES","City","Cities from 10,000 thru 24,999",18332,49,0,49,6,12,18,55,12,67,3.65,"NATCHITOCHES POLICE DEPARTMENT                    ","Natchitoches Police Department"
"995",2016,"LA0300200","Olla",NA,"LA","West South Central","South","LA SALLE","City","Cities under 2,500",1385,2,0,2,0,0,0,2,0,2,1.44,"OLLA POLICE DEPARTMENT                            ","Olla Police Department"
"996",2016,"LA0300000","La Salle",NA,"LA","West South Central","South","LA SALLE","County","Non-MSA counties from 10,000 thru 24,999",10129,28,61,89,2,44,46,30,105,135,13.33,"LA SALLE PARISH SHERIFF'S OFFICE                  ","La Salle Parish Sheriff's Office"
"997",2016,"LA0520500","Pearl River",NA,"LA","West South Central","South","ST TAMMANY","City","Cities from 2,500 thru 9,999",2553,11,0,11,1,5,6,12,5,17,6.66,"PEARL RIVER POLICE DEPARTMENT                     ","Pearl River Police Department"
"998",2016,"LA0050600","Moreauville",NA,"LA","West South Central","South","AVOYELLES","City","Cities under 2,500",899,4,0,4,0,1,1,4,1,5,5.56,"MOREAUVILLE POLICE DEPARTMENT                     ","Moreauville Police Department"
"999",2016,"LA0060000","Beauregard",NA,"LA","West South Central","South","BEAUREGARD","County","Non-MSA counties from 25,000 thru 99,999",26033,63,2,65,6,16,22,69,18,87,3.34,"BEAUREGARD PARISH SHERIFF'S OFFICE                ","Beauregard Parish Sheriff's Office"
"1000",2016,"LA0150000","Concordia",NA,"LA","West South Central","South","CONCORDIA","County","Non-MSA counties from 10,000 thru 24,999",12516,26,140,166,1,94,95,27,234,261,20.85,"CONCORDIA PARISH SHERIFF'S OFFICE                 ","Concordia Parish Sheriff's Office"
"1001",2016,"LA0500100","Breaux Bridge",NA,"LA","West South Central","South","ST MARTIN","City","Cities from 2,500 thru 9,999",8446,13,0,13,7,3,10,20,3,23,2.72,"BREAUX BRIDGE POLICE DEPARTMENT                   ","Breaux Bridge Police Department"
"1002",2016,"LA0610300","Addis",NA,"LA","West South Central","South","WEST BATON ROUGE","City","Cities from 2,500 thru 9,999",4808,11,0,11,0,1,1,11,1,12,2.5,"ADDIS POLICE DEPARTMENT                           ","Addis Police Department"
"1003",2016,"LA0010100","Crowley",NA,"LA","West South Central","South","ACADIA","City","Cities from 10,000 thru 24,999",13119,29,0,29,8,2,10,37,2,39,2.97,"CROWLEY POLICE DEPARTMENT                         ","Crowley Police Department"
"1004",2016,"LA0380000","Plaquemines",NA,"LA","West South Central","South","PLAQUEMINES","County","MSA counties from 10,000 thru 24,999",23492,140,0,140,69,0,69,209,0,209,8.9,"PLAQUEMINES PARISH SHERIFF'S OFFICE               ","Plaquemines Parish Sheriff's Office"
"1005",2016,"LA0070900","Ringgold",NA,"LA","West South Central","South","BIENVILLE","City","Cities under 2,500",1420,5,0,5,0,0,0,5,0,5,3.52,"RINGGOLD POLICE DEPARTMENT                        ","Ringgold Police Department"
"1006",2016,"LA0200300","Ville Platte",NA,"LA","West South Central","South","EVANGELINE","City","Cities from 2,500 thru 9,999",7234,25,3,28,6,12,18,31,15,46,6.36,"VILLE PLATTE POLICE DEPARTMENT                    ","Ville Platte Police Department"
"1007",2016,"LA0100500","Westlake",NA,"LA","West South Central","South","CALCASIEU","City","Cities from 2,500 thru 9,999",4626,13,0,13,4,0,4,17,0,17,3.67,"WESTLAKE POLICE DEPARTMENT                        ","Westlake Police Department"
"1008",2016,"LA0160100","Mansfield",NA,"LA","West South Central","South","DE SOTO","City","Cities from 2,500 thru 9,999",4937,10,0,10,7,0,7,17,0,17,3.44,"MANSFIELD POLICE DEPARTMENT                       ","Mansfield Police Department"
"1009",2016,"LA0210000","Franklin",NA,"LA","West South Central","South","FRANKLIN","County","Non-MSA counties from 10,000 thru 24,999",20260,82,0,82,16,0,16,98,0,98,4.84,"FRANKLIN PARISH SHERIFF'S OFFICE                  ","Franklin Parish Sheriff's Office"
"1010",2016,"LA0490000","St. Landry",NA,"LA","West South Central","South","ST LANDRY","County","Non-MSA counties from 25,000 thru 99,999",53050,121,8,129,26,45,71,147,53,200,3.77,"ST. LANDRY PARISH SHERIFF'S OFFICE                ","St. Landry Parish Sheriff's Office"
"1011",2016,"LA0290100","Golden Meadow",NA,"LA","West South Central","South","LAFOURCHE","City","Cities under 2,500",2052,2,0,2,1,2,3,3,2,5,2.44,"GOLDEN MEADOW POLICE DEPARTMENT                   ","Golden Meadow Police Department"
"1012",2016,"LA0100000","Calcasieu",NA,"LA","West South Central","South","CALCASIEU","County","MSA counties from 25,000 thru 99,999",87880,513,66,579,135,166,301,648,232,880,10.01,"CALCASIEU PARISH SHERIFF'S OFFICE                 ","Calcasieu Parish Sheriff's Office"
"1013",2016,"LA0230000","Iberia",NA,"LA","West South Central","South","IBERIA","County","MSA counties from 25,000 thru 99,999",74023,136,30,166,52,53,105,188,83,271,3.66,"IBERIA PARISH SHERIFF'S OFFICE                    ","Iberia Parish Sheriff's Office"
"1014",2016,"LA0170000","East Baton Rouge",NA,"LA","West South Central","South","EAST BATON ROUGE","County","MSA counties 100,000 or over",187662,572,12,584,167,101,268,739,113,852,4.54,"EAST BATON ROUGE PARISH SHERIFF'S OFFICE          ","East Baton Rouge Parish Sheriff's Office"
"1015",2016,"LA0550100","Houma",NA,"LA","West South Central","South","TERREBONNE","City","Cities from 25,000 thru 49,999",34410,71,0,71,10,17,27,81,17,98,2.85,"HOUMA POLICE DEPARTMENT                           ","Houma Police Department"
"1016",2016,"LA0180000","East Carroll",NA,"LA","West South Central","South","EAST CARROLL","County","Non-MSA counties under 10,000",3536,15,11,26,1,19,20,16,30,46,13.01,"EAST CARROLL PARISH SHERIFF'S OFFICE              ","East Carroll Parish Sheriff's Office"
"1017",2016,"LA0080600","Louisiana State University:","Shreveport","LA","West South Central","South","BOSSIER","University or College","Cities under 2,500",0,7,0,7,0,1,1,7,1,8,NA,"LOUISIANA STATE UNIVERSITY - SHREVEPORT POLICE    ","Louisiana State University - Shreveport Police"
"1018",2016,"LA0440000","St. Bernard",NA,"LA","West South Central","South","ST BERNARD","County","MSA counties from 25,000 thru 99,999",47202,186,8,194,58,14,72,244,22,266,5.64,"ST. BERNARD PARISH SHERIFF'S OFFICE               ","St. Bernard Parish Sheriff's Office"
"1019",2016,"LA0570400","Erath",NA,"LA","West South Central","South","VERMILION","City","Cities under 2,500",2106,6,1,7,1,3,4,7,4,11,5.22,"ERATH POLICE DEPARTMENT                           ","Erath Police Department"
"1020",2016,"LA0240000","Iberville",NA,"LA","West South Central","South","IBERVILLE","County","MSA counties from 10,000 thru 24,999",17108,87,11,98,8,39,47,95,50,145,8.48,"IBERVILLE PARISH SHERIFF'S OFFICE                 ","Iberville Parish Sheriff's Office"
"1021",2016,"LA0480000","St. John the Baptist",NA,"LA","West South Central","South","ST JOHN THE BAPTIST","County","MSA counties from 25,000 thru 99,999",43094,159,2,161,78,0,78,237,2,239,5.55,"ST. JOHN THE BAPTIST PARISH SHERIFF'S OFFICE      ","St. John The Baptist Parish Sheriff's Office"
"1022",2016,"LA0200000","Evangeline",NA,"LA","West South Central","South","EVANGELINE","County","Non-MSA counties from 10,000 thru 24,999",21367,14,0,14,0,14,14,14,14,28,1.31,"EVANGELINE PARISH SHERIFF'S OFFICE                ","Evangeline Parish Sheriff's Office"
"1023",2016,"LA0150200","Vidalia",NA,"LA","West South Central","South","CONCORDIA","City","Cities from 2,500 thru 9,999",4076,23,2,25,7,7,14,30,9,39,9.57,"VIDALIA POLICE DEPARTMENT                         ","Vidalia Police Department"
"1024",2016,"LA0270400","Welsh",NA,"LA","West South Central","South","JEFFERSON DAVIS","City","Cities from 2,500 thru 9,999",3226,17,0,17,1,2,3,18,2,20,6.2,"WELSH POLICE DEPARTMENT                           ","Welsh Police Department"
"1025",2016,"LA0260300","Kenner",NA,"LA","West South Central","South","JEFFERSON","City","Cities from 50,000 thru 99,999",67164,147,19,166,20,46,66,167,65,232,3.45,"KENNER POLICE DEPARTMENT                          ","Kenner Police Department"
"1026",2016,"LA0220200","Montgomery",NA,"LA","West South Central","South","GRANT","City","Cities under 2,500",721,2,0,2,1,0,1,3,0,3,4.16,"MONTGOMERY POLICE DEPARTMENT                      ","Montgomery Police Department"
"1027",2016,"LA0040000","Assumption",NA,"LA","West South Central","South","ASSUMPTION","County","Non-MSA counties from 10,000 thru 24,999",22665,32,13,45,20,15,35,52,28,80,3.53,"ASSUMPTION PARISH SHERIFF'S OFFICE                ","Assumption Parish Sheriff's Office"
"1028",2016,"LA0090800","Ida",NA,"LA","West South Central","South","CADDO","City","Cities under 2,500",214,1,0,1,0,0,0,1,0,1,4.67,"IDA POLICE DEPARTMENT                             ","Ida Police Department"
"1029",2016,"LA0600200","Springhill",NA,"LA","West South Central","South","WEBSTER","City","Cities from 2,500 thru 9,999",5064,13,0,13,3,1,4,16,1,17,3.36,"SPRINGHILL POLICE DEPARTMENT                      ","Springhill Police Department"
"1030",2016,"LA0560100","Farmerville",NA,"LA","West South Central","South","UNION","City","Cities from 2,500 thru 9,999",3849,8,1,9,1,3,4,9,4,13,3.38,"FARMERVILLE POLICE DEPARTMENT                     ","Farmerville Police Department"
"1031",2016,"LA0050100","Bunkie",NA,"LA","West South Central","South","AVOYELLES","City","Cities from 2,500 thru 9,999",4044,3,1,4,2,3,5,5,4,9,2.23,"BUNKIE POLICE DEPARTMENT                          ","Bunkie Police Department"
"1032",2016,"LA0170100","Baker",NA,"LA","West South Central","South","EAST BATON ROUGE","City","Cities from 10,000 thru 24,999",13655,22,0,22,2,4,6,24,4,28,2.05,"BAKER POLICE DEPARTMENT                           ","Baker Police Department"
"1033",2016,"LA0530200","Kentwood",NA,"LA","West South Central","South","TANGIPAHOA","City","Cities under 2,500",2368,6,0,6,4,0,4,10,0,10,4.22,"KENTWOOD POLICE DEPARTMENT                        ","Kentwood Police Department"
"1034",2016,"LA0110000","Caldwell",NA,"LA","West South Central","South","CALDWELL","County","Non-MSA counties under 10,000",9930,20,0,20,10,0,10,30,0,30,3.02,"CALDWELL PARISH SHERIFF'S OFFICE                  ","Caldwell Parish Sheriff's Office"
"1035",2016,"LA0080700","Southern University and A&M College:","Shreveport","LA","West South Central","South","BOSSIER","University or College","Cities under 2,500",0,7,0,7,2,1,3,9,1,10,NA,"SOUTHERN UNIVERSITY AND A & M COLLEGE - SHREVEPORT","Southern University And A & M College - Shreveport"
"1036",2016,"LA0401000","Ball",NA,"LA","West South Central","South","RAPIDES","City","Cities from 2,500 thru 9,999",3989,7,0,7,0,2,2,7,2,9,2.26,"BALL POLICE DEPARTMENT                            ","Ball Police Department"
"1037",2016,"LA0320600","Port Vincent",NA,"LA","West South Central","South","LIVINGSTON","City","Cities under 2,500",750,3,0,3,0,0,0,3,0,3,4,"PORT VINCENT POLICE DEPT.                         ","Port Vincent Police Police Department"
"1038",2016,"LA0560400","Marion",NA,"LA","West South Central","South","UNION","City","Cities under 2,500",753,1,0,1,0,0,0,1,0,1,1.33,"MARION POLICE DEPARTMENT                          ","Marion Police Department"
"1039",2016,"LADI00500","Tunica-Biloxi Tribal",NA,"LA","West South Central","South","NOT SPECIFIED","Tribal","Cities under 2,500",0,13,1,14,1,1,2,14,2,16,NA,"TUNICA-BILOXI TRIBAL POLICE DEPARTMENT            ","Tunica-Biloxi Tribal Police Department"
"1040",2016,"LA0530300","Ponchatoula",NA,"LA","West South Central","South","TANGIPAHOA","City","Cities from 2,500 thru 9,999",7168,19,0,19,4,6,10,23,6,29,4.05,"PONCHATOULA POLICE DEPARTMENT                     ","Ponchatoula Police Department"
"1041",2016,"LA0550000","Terrebonne",NA,"LA","West South Central","South","TERREBONNE","County","MSA counties from 25,000 thru 99,999",79668,194,0,194,112,0,112,306,0,306,3.84,"TERREBONNE PARISH SHERIFF'S OFFICE                ","Terrebonne Parish Sheriff's Office"
"1042",2016,"LA0010200","Rayne",NA,"LA","West South Central","South","ACADIA","City","Cities from 2,500 thru 9,999",8031,18,0,18,3,3,6,21,3,24,2.99,"RAYNE POLICE DEPARTMENT                           ","Rayne Police Department"
"1043",2016,"LA0320100","Denham Springs",NA,"LA","West South Central","South","LIVINGSTON","City","Cities from 10,000 thru 24,999",10107,25,1,26,2,8,10,27,9,36,3.56,"DENHAM SPRINGS POLICE DEPARTMENT                  ","Denham Springs Police Department"
"1044",2016,"LA0520300","Mandeville",NA,"LA","West South Central","South","ST TAMMANY","City","Cities from 10,000 thru 24,999",12423,32,3,35,4,9,13,36,12,48,3.86,"MANDEVILLE POLICE DEPARTMENT                      ","Mandeville Police Department"
"1045",2016,"LA0290500","Thibodaux",NA,"LA","West South Central","South","LAFOURCHE","City","Cities from 10,000 thru 24,999",14588,39,3,42,6,17,23,45,20,65,4.46,"THIBODAUX POLICE DEPARTMENT                       ","Thibodaux Police Department"
"1046",2016,"LA0320700","French Settlement",NA,"LA","West South Central","South","LIVINGSTON","City","Cities under 2,500",1132,3,0,3,0,0,0,3,0,3,2.65,"FRENCH SETTLEMENT POLICE DEPARTMENT               ","French Settlement Police Department"
"1047",2016,"LA0610200","Brusly",NA,"LA","West South Central","South","WEST BATON ROUGE","City","Cities from 2,500 thru 9,999",2823,8,0,8,2,0,2,10,0,10,3.54,"BRUSLY POLICE DEPARTMENT                          ","Brusly Police Department"
"1048",2016,"LA0570200","Kaplan",NA,"LA","West South Central","South","VERMILION","City","Cities from 2,500 thru 9,999",4619,10,0,10,1,6,7,11,6,17,3.68,"KAPLAN POLICE DEPARTMENT                          ","Kaplan Police Department"
"1049",2016,"LA0320300","Walker",NA,"LA","West South Central","South","LIVINGSTON","City","Cities from 2,500 thru 9,999",6351,19,0,19,1,4,5,20,4,24,3.78,"WALKER POLICE DEPARTMENT                          ","Walker Police Department"
"1050",2016,"LA0430500","Florien",NA,"LA","West South Central","South","SABINE","City","Cities under 2,500",628,3,0,3,0,0,0,3,0,3,4.78,"FLORIEN POLICE DEPARTMENT                         ","Florien Police Department"
"1051",2016,"LA0170400","Louisiana State University:","Baton Rouge","LA","West South Central","South","EAST BATON ROUGE","University or College","Cities under 2,500",0,49,7,56,5,9,14,54,16,70,NA,"LOUISIANA STATE UNIVERSITY POLICE DEPARTMENT      ","Louisiana State University Police Department"
"1052",2016,"LA0470200","Gramercy",NA,"LA","West South Central","South","ST JAMES","City","Cities from 2,500 thru 9,999",3430,9,1,10,0,0,0,9,1,10,2.92,"GRAMERCY POLICE DEPARTMENT                        ","Gramercy Police Department"
"1053",2016,"LA0100800","McNeese State University",NA,"LA","West South Central","South","CALCASIEU","University or College","Cities under 2,500",0,8,1,9,1,5,6,9,6,15,NA,"MCNEESE STATE UNIVERSITY POLICE                   ","Mcneese State University Police"
"1054",2016,"LA0150100","Ferriday",NA,"LA","West South Central","South","CONCORDIA","City","Cities from 2,500 thru 9,999",3348,14,0,14,7,0,7,21,0,21,6.27,"FERRIDAY POLICE DEPARTMENT                        ","Ferriday Police Department"
"1055",2016,"LADI00600","Coushatta Tribal",NA,"LA","West South Central","South","NOT SPECIFIED","Tribal","Cities under 2,500",0,15,0,15,9,1,10,24,1,25,NA,"COUSHATTA TRIBAL POLICE DEPARTMENT                ","Coushatta Tribal Police Department"
"1056",2016,"LA0080500","Louisiana State University:","Health Sciences Center, Shreveport","LA","West South Central","South","BOSSIER","University or College","Cities under 2,500",0,23,5,28,6,10,16,29,15,44,NA,"LOUISIANA STATE UNIVERSITY HEALTH SCIENCES CENTER ","Louisiana State University Health Sciences Center"
"1057",2016,"LA0180100","Lake Providence",NA,"LA","West South Central","South","EAST CARROLL","City","Cities from 2,500 thru 9,999",3666,6,2,8,0,3,3,6,5,11,3,"LAKE PROVIDENCE POLICE DEPARTMENT                 ","Lake Providence Police Department"
"1058",2016,"LA0560000","Union",NA,"LA","West South Central","South","UNION","County","MSA counties from 10,000 thru 24,999",16090,29,4,33,6,11,17,35,15,50,3.11,"UNION PARISH SHERIFF'S OFFICE                     ","Union Parish Sheriff's Office"
"1059",2016,"LA0520200","Slidell",NA,"LA","West South Central","South","ST TAMMANY","City","Cities from 25,000 thru 49,999",28107,64,11,75,3,21,24,67,32,99,3.52,"SLIDELL POLICE DEPARTMENT                         ","Slidell Police Department"
"1060",2016,"LA0020100","Kinder",NA,"LA","West South Central","South","ALLEN","City","Cities under 2,500",2436,11,0,11,0,5,5,11,5,16,6.57,"KINDER POLICE DEPARTMENT                          ","Kinder Police Department"
"1061",2016,"LA0190100","Clinton",NA,"LA","West South Central","South","EAST FELICIANA","City","Cities under 2,500",1564,7,0,7,0,2,2,7,2,9,5.75,"CLINTON POLICE DEPT.                              ","Clinton Police Police Department"
"1062",2016,"LA0240200","Plaquemine",NA,"LA","West South Central","South","IBERVILLE","City","Cities from 2,500 thru 9,999",6825,17,1,18,7,3,10,24,4,28,4.1,"PLAQUEMINE POLICE DEPARTMENT                      ","Plaquemine Police Department"
"1063",2016,"LA0470100","Lutcher",NA,"LA","West South Central","South","ST JAMES","City","Cities from 2,500 thru 9,999",3341,3,0,3,0,0,0,3,0,3,0.9,"LUTCHER POLICE DEPARTMENT                         ","Lutcher Police Department"
"1064",2016,"LA0420000","Richland",NA,"LA","West South Central","South","RICHLAND","County","Non-MSA counties from 10,000 thru 24,999",13861,65,2,67,52,14,66,117,16,133,9.6,"RICHLAND PARISH SHERIFF'S OFFICE                  ","Richland Parish Sheriff's Office"
"1065",2016,"LA0361700","Louisiana State University:","Health Sciences Center, New Orleans","LA","West South Central","South","ORLEANS","University or College","Cities under 2,500",0,22,0,22,10,0,10,32,0,32,NA,"LSU HEALTH SCIENCES CENTER POLICE DEPARTMENT      ","Lsu Health Sciences Center Police Department"
"1066",2016,"LA0190000","East Feliciana",NA,"LA","West South Central","South","EAST FELICIANA","County","MSA counties from 10,000 thru 24,999",17092,37,0,37,17,0,17,54,0,54,3.16,"EAST FELICIANA PARISH SHERIFF'S OFFICE            ","East Feliciana Parish Sheriff's Office"
"1067",2016,"LA0520100","Covington",NA,"LA","West South Central","South","ST TAMMANY","City","Cities from 10,000 thru 24,999",10178,32,0,32,4,8,12,36,8,44,4.32,"COVINGTON POLICE DEPARTMENT                       ","Covington Police Department"
"1068",2016,"LA0400000","Rapides",NA,"LA","West South Central","South","RAPIDES","County","MSA counties from 25,000 thru 99,999",64380,364,22,386,50,72,122,414,94,508,7.89,"RAPIDES PARISH SHERIFF'S OFFICE                   ","Rapides Parish Sheriff's Office"
"1069",2016,"LA0430100","Many",NA,"LA","West South Central","South","SABINE","City","Cities from 2,500 thru 9,999",2778,12,0,12,1,0,1,13,0,13,4.68,"MANY POLICE DEPARTMENT                            ","Many Police Department"
"1070",2016,"LA0580100","Leesville",NA,"LA","West South Central","South","VERNON","City","Cities from 2,500 thru 9,999",6270,17,2,19,9,0,9,26,2,28,4.47,"LEESVILLE POLICE DEPARTMENT                       ","Leesville Police Department"
"1071",2016,"LA0590200","Franklinton",NA,"LA","West South Central","South","WASHINGTON","City","Cities from 2,500 thru 9,999",3769,19,0,19,1,2,3,20,2,22,5.84,"FRANKLINTON POLICE DEPARTMENT                     ","Franklinton Police Department"
"1072",2016,"LA0610000","West Baton Rouge",NA,"LA","West South Central","South","WEST BATON ROUGE","County","MSA counties from 10,000 thru 24,999",12977,130,7,137,20,39,59,150,46,196,15.1,"WEST BATON ROUGE PARISH SHERIFF'S OFFICE          ","West Baton Rouge Parish Sheriff's Office"
"1073",2016,"LA0510400","Patterson",NA,"LA","West South Central","South","ST MARY","City","Cities from 2,500 thru 9,999",6105,15,0,15,11,0,11,26,0,26,4.26,"PATTERSON POLICE DEPARTMENT                       ","Patterson Police Department"
"1074",2016,"LA0091000","Greenwood",NA,"LA","West South Central","South","CADDO","City","Cities from 2,500 thru 9,999",3184,8,0,8,1,1,2,9,1,10,3.14,"GREENWOOD POLICE DEPARTMENT                       ","Greenwood Police Department"
"1075",2016,"LA0520000","St. Tammany",NA,"LA","West South Central","South","ST TAMMANY","County","MSA counties 100,000 or over",198389,355,141,496,63,190,253,418,331,749,3.78,"ST. TAMMANY PARISH SHERIFF'S OFFICE               ","St. Tammany Parish Sheriff's Office"
"1076",2016,"LA0290600","Nicholls State University",NA,"LA","West South Central","South","LAFOURCHE","University or College","Cities under 2,500",0,8,3,11,1,1,2,9,4,13,NA,"NICHOLLS STATE UNIVERSITY POLICE                  ","Nicholls State University Police"
"1077",2016,"LA0620000","West Carroll",NA,"LA","West South Central","South","WEST CARROLL","County","Non-MSA counties under 10,000",8715,9,5,14,1,6,7,10,11,21,2.41,"WEST CARROLL PARISH SHERIFF'S OFFICE              ","West Carroll Parish Sheriff's Office"
"1078",2016,"LA0540000","Tensas",NA,"LA","West South Central","South","TENSAS","County","Non-MSA counties under 10,000",4633,18,3,21,1,14,15,19,17,36,7.77,"TENSAS PARISH SHERIFF'S OFFICE                    ","Tensas Parish Sheriff's Office"
"1079",2016,"LA0030000","Ascension",NA,"LA","West South Central","South","ASCENSION","County","MSA counties 100,000 or over",110650,222,7,229,48,47,95,270,54,324,2.93,"ASCENSION PARISH SHERIFF'S OFFICE                 ","Ascension Parish Sheriff's Office"
"1080",2016,"LA0260200","Harahan",NA,"LA","West South Central","South","JEFFERSON","City","Cities from 2,500 thru 9,999",9364,19,0,19,3,3,6,22,3,25,2.67,"HARAHAN POLICE DEPARTMENT                         ","Harahan Police Department"
"1081",2016,"LA0270300","Lake Arthur",NA,"LA","West South Central","South","JEFFERSON DAVIS","City","Cities from 2,500 thru 9,999",2742,7,0,7,3,0,3,10,0,10,3.65,"LAKE ARTHUR POLICE DEPARTMENT                     ","Lake Arthur Police Department"
"1082",2016,"LA0280300","Lafayette",NA,"LA","West South Central","South","LAFAYETTE","City","Cities from 100,000 thru 249,999",128923,232,4,236,25,54,79,257,58,315,2.44,"LAFAYETTE POLICE DEPARTMENT                       ","Lafayette Police Department"
"1083",2016,"LA0170200","Baton Rouge",NA,"LA","West South Central","South","EAST BATON ROUGE","City","Cities from 100,000 thru 249,999",228389,581,12,593,60,161,221,641,173,814,3.56,"BATON ROUGE POLICE DEPARTMENT                     ","Baton Rouge Police Department"
"1084",2016,"LA0100100","De Quincy",NA,"LA","West South Central","South","CALCASIEU","City","Cities from 2,500 thru 9,999",3147,10,0,10,2,0,2,12,0,12,3.81,"DEQUINCY POLICE DEPARTMENT                        ","Dequincy Police Department"
"1085",2016,"LA0370900","Tensas Basin Levee District",NA,"LA","West South Central","South","OUACHITA","Other State Agency","Cities under 2,500",0,2,0,2,0,1,1,2,1,3,NA,"TENSAS BASIN LEVEE DISTRICT POLICE                ","Tensas Basin Levee District Police"
"1086",2016,"LA0490100","Eunice",NA,"LA","West South Central","South","ACADIA, ST LANDRY","City","Cities from 10,000 thru 24,999",10291,26,3,29,6,10,16,32,13,45,4.37,"EUNICE POLICE DEPARTMENT                          ","Eunice Police Department"
"1087",2016,"LA0430000","Sabine",NA,"LA","West South Central","South","SABINE","County","Non-MSA counties from 10,000 thru 24,999",20464,52,12,64,8,17,25,60,29,89,4.35,"SABINE PARISH SHERIFF'S OFFICE                    ","Sabine Parish Sheriff's Office"
"1088",2016,"LA0361200","Southern University and A&M College:","New Orleans","LA","West South Central","South","ORLEANS","University or College","Cities under 2,500",0,11,0,11,4,0,4,15,0,15,NA,"SOUTHERN UNIV PD NEW ORLEANS                      ","Southern Univ Police Department New Orleans"
"1089",2016,"LA0410000","Red River",NA,"LA","West South Central","South","RED RIVER","County","Non-MSA counties under 10,000",6642,30,18,48,2,9,11,32,27,59,8.88,"RED RIVER PARISH SHERIFF'S OFFICE                 ","Red River Parish Sheriff's Office"
"1090",2016,"LA0200100","Basile",NA,"LA","West South Central","South","ACADIA, EVANGELINE","City","Cities under 2,500",1815,7,1,8,0,5,5,7,6,13,7.16,"BASILE POLICE DEPARTMENT                          ","Basile Police Department"
"1091",2016,"LA0170300","Zachary",NA,"LA","West South Central","South","EAST BATON ROUGE","City","Cities from 10,000 thru 24,999",16753,30,0,30,11,2,13,41,2,43,2.57,"ZACHARY POLICE DEPARTMENT                         ","Zachary Police Department"
"1092",2016,"LA0100700","Iowa",NA,"LA","West South Central","South","CALCASIEU","City","Cities from 2,500 thru 9,999",3266,10,1,11,3,3,6,13,4,17,5.21,"IOWA POLICE DEPARTMENT                            ","Iowa Police Department"
"1093",2016,"LA0520700","Folsom",NA,"LA","West South Central","South","ST TAMMANY","City","Cities under 2,500",808,3,0,3,1,0,1,4,0,4,4.95,"FOLSOM POLICE DEPARTMENT                          ","Folsom Police Department"
"1094",2016,"LA0280200","Carencro",NA,"LA","West South Central","South","LAFAYETTE","City","Cities from 2,500 thru 9,999",8763,22,0,22,2,2,4,24,2,26,2.97,"CARENCRO POLICE DEPARTMENT                        ","Carencro Police Department"
"1095",2016,"LA0100400","Vinton",NA,"LA","West South Central","South","CALCASIEU","City","Cities from 2,500 thru 9,999",3344,11,0,11,0,2,2,11,2,13,3.89,"VINTON POLICE DEPARTMENT                          ","Vinton Police Department"
"1096",2016,"LA0630100","St. Francisville",NA,"LA","West South Central","South","WEST FELICIANA","City","Cities under 2,500",1689,7,0,7,1,0,1,8,0,8,4.74,"ST. FRANCISVILLE POLICE DEPARTMENT                ","St. Francisville Police Department"
"1097",2016,"LA0510100","Berwick",NA,"LA","West South Central","South","ST MARY","City","Cities from 2,500 thru 9,999",4732,11,0,11,1,1,2,12,1,13,2.75,"BERWICK POLICE DEPARTMENT                         ","Berwick Police Department"
"1098",2016,"LA0330000","Madison",NA,"LA","West South Central","South","MADISON","County","Non-MSA counties under 10,000",4433,25,0,25,9,0,9,34,0,34,7.67,"MADISON PARISH SHERIFF'S OFFICE                   ","Madison Parish Sheriff's Office"
"1099",2016,"LA0270000","Jefferson Davis",NA,"LA","West South Central","South","JEFFERSON DAVIS","County","Non-MSA counties from 10,000 thru 24,999",15188,20,0,20,55,0,55,75,0,75,4.94,"JEFFERSON DAVIS PARISH SHERIFF'S OFFICE           ","Jefferson Davis Parish Sheriff's Office"
"1100",2016,"LA0580000","Vernon",NA,"LA","West South Central","South","VERNON","County","Non-MSA counties from 25,000 thru 99,999",41047,57,56,113,5,46,51,62,102,164,4,"VERNON PARISH SHERIFF'S OFFICE                    ","Vernon Parish Sheriff's Office"
"1101",2016,"LA0530900","Southeastern Louisiana University",NA,"LA","West South Central","South","TANGIPAHOA","University or College","Cities under 2,500",0,24,0,24,0,4,4,24,4,28,NA,"SOUTHEASTERN LOUISIANA UNIVERSITY POLICE          ","Southeastern Louisiana University Police"
"1102",2016,"LA0530500","Independence",NA,"LA","West South Central","South","TANGIPAHOA","City","Cities under 2,500",1820,5,0,5,3,0,3,8,0,8,4.4,"INDEPENDENCE POLICE DEPARTMENT                    ","Independence Police Department"
"1103",2016,"LA0510600","Chitimacha Tribal",NA,"LA","West South Central","South","NOT SPECIFIED","Tribal","Cities under 2,500",0,7,0,7,8,0,8,15,0,15,NA,"CHITIMACHA TRIBAL POLICE DEPARTMENT               ","Chitimacha Tribal Police Department"
"1104",2016,"LA0240300","White Castle",NA,"LA","West South Central","South","IBERVILLE","City","Cities under 2,500",1814,15,1,16,0,1,1,15,2,17,9.37,"WHITE CASTLE POLICE DEPARTMENT                    ","White Castle Police Department"
"1105",2016,"LA0160000","De Soto",NA,"LA","West South Central","South","DE SOTO","County","MSA counties from 10,000 thru 24,999",22097,20,0,20,4,6,10,24,6,30,1.36,"DE SOTO PARISH SHERIFF'S OFFICE                   ","De Soto Parish Sheriff's Office"
"1106",2016,"LA0190300","Wilson",NA,"LA","West South Central","South","EAST FELICIANA","City","Cities under 2,500",571,3,0,3,1,0,1,4,0,4,7.01,"WILSON POLICE DEPT                                ","Wilson Police Police Department"
"1107",2016,"LA0100300","Sulphur",NA,"LA","West South Central","South","CALCASIEU","City","Cities from 10,000 thru 24,999",20142,38,8,46,3,13,16,41,21,62,3.08,"SULPHUR POLICE DEPARTMENT                         ","Sulphur Police Department"
"1108",2016,"LA0290000","Lafourche",NA,"LA","West South Central","South","LAFOURCHE","County","MSA counties from 25,000 thru 99,999",81684,176,38,214,91,45,136,267,83,350,4.28,"LAFOURCHE PARISH SHERIFF'S OFFICE                 ","Lafourche Parish Sheriff's Office"
"1109",2016,"LA0360300","University of New Orleans",NA,"LA","West South Central","South","ORLEANS","University or College","Cities under 2,500",0,17,0,17,2,1,3,19,1,20,NA,"UNIVERSITY OF NEW ORLEANS POLICE DEPT.            ","University Of New Orleans Police Police Department"
"1110",2016,"LA0340000","Morehouse",NA,"LA","West South Central","South","MOREHOUSE","County","Non-MSA counties from 10,000 thru 24,999",15422,38,66,104,10,30,40,48,96,144,9.34,"MOREHOUSE PARISH SHERIFF'S OFFICE                 ","Morehouse Parish Sheriff's Office"
"1111",2016,"LA0280100","Broussard",NA,"LA","West South Central","South","LAFAYETTE, ST MARTIN","City","Cities from 10,000 thru 24,999",11998,26,0,26,2,4,6,28,4,32,2.67,"BROUSSARD POLICE DEPARTMENT                       ","Broussard Police Department"
"1112",2016,"LA0120000","Cameron",NA,"LA","West South Central","South","CAMERON","County","MSA counties under 10,000",6778,53,0,53,16,10,26,69,10,79,11.66,"CAMERON PARISH SHERIFF'S OFFICE                   ","Cameron Parish Sheriff's Office"
"1113",2016,"LA0510000","St. Mary",NA,"LA","West South Central","South","ST MARY","County","Non-MSA counties from 10,000 thru 24,999",20162,101,0,101,1,0,1,102,0,102,5.06,"ST. MARY PARISH SHERIFF'S OFFICE                  ","St. Mary Parish Sheriff's Office"
"1114",2016,"LA0220000","Grant",NA,"LA","West South Central","South","GRANT","County","MSA counties from 10,000 thru 24,999",20747,31,23,54,2,19,21,33,42,75,3.61,"GRANT PARISH SHERIFF'S OFFICE                     ","Grant Parish Sheriff's Office"
"1115",2016,"LA0080100","Bossier City",NA,"LA","West South Central","South","BOSSIER","City","Cities from 50,000 thru 99,999",69384,147,4,151,14,35,49,161,39,200,2.88,"BOSSIER CITY POLICE DEPT                          ","Bossier City Police Police Department"
"1116",2016,"LA0050200","Marksville",NA,"LA","West South Central","South","AVOYELLES","City","Cities from 2,500 thru 9,999",5499,17,1,18,2,7,9,19,8,27,4.91,"MARKSVILLE POLICE DEPARTMENT                      ","Marksville Police Department"
"1117",2016,"LA0260100","Gretna",NA,"LA","West South Central","South","JEFFERSON","City","Cities from 10,000 thru 24,999",17908,85,12,97,15,21,36,100,33,133,7.43,"GRETNA POLICE DEPARTMENT                          ","Gretna Police Department"
"1118",2016,"LA0270200","Jennings",NA,"LA","West South Central","South","JEFFERSON DAVIS","City","Cities from 10,000 thru 24,999",10140,22,0,22,4,7,11,26,7,33,3.25,"JENNINGS POLICE DEPARTMENT                        ","Jennings Police Department"
"1119",2016,"LA0450000","St. Charles",NA,"LA","West South Central","South","ST CHARLES","County","MSA counties from 25,000 thru 99,999",52627,231,12,243,45,106,151,276,118,394,7.49,"ST. CHARLES PARISH SHERIFF'S OFFICE               ","St. Charles Parish Sheriff's Office"
"1120",2016,"LA0400200","Pineville",NA,"LA","West South Central","South","RAPIDES","City","Cities from 10,000 thru 24,999",14379,57,0,57,15,0,15,72,0,72,5.01,"PINEVILLE POLICE DEPARTMENT                       ","Pineville Police Department"
"1121",2016,"LANPD0000","New Orleans",NA,"LA","West South Central","South","ORLEANS","City","Cities from 250,000 thru 499,999",397208,908,73,981,263,159,422,1171,232,1403,3.53,"NEW ORLEANS POLICE DEPARTMENT                     ","New Orleans Police Department"
"1122",2016,"LA0100200","Lake Charles",NA,"LA","West South Central","South","CALCASIEU","City","Cities from 50,000 thru 99,999",76864,136,2,138,47,1,48,183,3,186,2.42,"LAKE CHARLES POLICE DEPARTMENT                    ","Lake Charles Police Department"
"1123",2016,"LA0030200","Gonzales",NA,"LA","West South Central","South","ASCENSION","City","Cities from 10,000 thru 24,999",10860,41,0,41,0,5,5,41,5,46,4.24,"GONZALES POLICE DEPARTMENT                        ","Gonzales Police Department"
"1124",2016,"LA0240600","St. Gabriel",NA,"LA","West South Central","South","IBERVILLE","City","Cities from 2,500 thru 9,999",7183,11,0,11,1,7,8,12,7,19,2.65,"ST. GABRIEL POLICE DEPARTMENT                     ","St. Gabriel Police Department"
"1125",2016,"LA0460000","St. Helena",NA,"LA","West South Central","South","ST HELENA","County","MSA counties from 10,000 thru 24,999",10169,29,1,30,2,13,15,31,14,45,4.43,"ST. HELENA PARISH SHERIFF'S OFFICE                ","St. Helena Parish Sheriff's Office"
"1126",2016,"LA036209E","Tulane University",NA,"LA","West South Central","South","ORLEANS","University or College","Cities under 2,500",0,67,10,77,12,20,32,79,30,109,NA,NA,"Tulane University"
"1127",2016,"LA0300100","Jena",NA,"LA","West South Central","South","LA SALLE","City","Cities from 2,500 thru 9,999",3420,6,0,6,1,0,1,7,0,7,2.05,"JENA POLICE DEPARTMENT                            ","Jena Police Department"
"1128",2016,"LA0570000","Vermilion",NA,"LA","West South Central","South","VERMILION","County","MSA counties from 25,000 thru 99,999",40839,91,7,98,12,18,30,103,25,128,3.13,"VERMILION PARISH SHERIFF'S OFFICE                 ","Vermilion Parish Sheriff's Office"
"1129",2016,"LA0470000","St. James",NA,"LA","West South Central","South","ST JAMES","County","MSA counties from 10,000 thru 24,999",14636,49,17,66,11,22,33,60,39,99,6.76,"ST. JAMES PARISH SHERIFF'S OFFICE                 ","St. James Parish Sheriff's Office"
"1130",2016,"LA0620100","Oak Grove",NA,"LA","West South Central","South","WEST CARROLL","City","Cities under 2,500",1650,6,0,6,0,0,0,6,0,6,3.64,"OAK GROVE POLICE DEPARTMENT                       ","Oak Grove Police Department"
"1131",2016,"LA0370000","Ouachita",NA,"LA","West South Central","South","OUACHITA","County","MSA counties from 25,000 thru 99,999",87995,277,0,277,124,0,124,401,0,401,4.56,"OUACHITA PARISH SHERIFF'S OFFICE                  ","Ouachita Parish Sheriff's Office"
"1132",2016,"LA0620200","Epps",NA,"LA","West South Central","South","WEST CARROLL","City","Cities under 2,500",834,1,0,1,0,1,1,1,1,2,2.4,"EPPS POLICE DEPARTMENT                            ","Epps Police Department"
"1133",2016,"LA0490800","Krotz Springs",NA,"LA","West South Central","South","ST LANDRY","City","Cities under 2,500",1203,2,1,3,2,2,4,4,3,7,5.82,"KROTZ SPRINGS POLICE DEPARTMENT                   ","Krotz Springs Police Department"
"1134",2016,"LA0350000","Natchitoches",NA,"LA","West South Central","South","NATCHITOCHES","County","Non-MSA counties from 10,000 thru 24,999",20160,66,55,121,9,50,59,75,105,180,8.93,"NATCHITOCHES PARISH SHERIFF'S OFFICE              ","Natchitoches Parish Sheriff's Office"
"1135",2016,"LA0430700","Fisher",NA,"LA","West South Central","South","SABINE","City","Cities under 2,500",225,1,0,1,0,0,0,1,0,1,4.44,"FISHER POLICE DEPT                                ","Fisher Police Police Department"
"1136",2016,"LA0370400","University of Louisiana:","Monroe","LA","West South Central","South","OUACHITA","University or College","Cities under 2,500",0,17,0,17,2,1,3,19,1,20,NA,"UNIVERSITY OF LOUISIANA - MONROE POLICE           ","University Of Louisiana - Monroe Police"
"1137",2016,"LA0130000","Catahoula",NA,"LA","West South Central","South","CATAHOULA","County","Non-MSA counties from 10,000 thru 24,999",10068,20,69,89,2,24,26,22,93,115,11.42,"CATAHOULA PARISH SHERIFF'S OFFICE                 ","Catahoula Parish Sheriff's Office"
"1138",2016,"LA0590100","Bogalusa",NA,"LA","West South Central","South","WASHINGTON","City","Cities from 10,000 thru 24,999",11882,31,7,38,3,10,13,34,17,51,4.29,"BOGALUSA POLICE DEPARTMENT                        ","Bogalusa Police Department"
"1139",2016,"LA0410100","Coushatta",NA,"LA","West South Central","South","RED RIVER","City","Cities under 2,500",1832,6,0,6,1,1,2,7,1,8,4.37,"COUSHATTA POLICE DEPARTMENT                       ","Coushatta Police Department"
"1140",2016,"LA0350400","Clarence",NA,"LA","West South Central","South","NATCHITOCHES","City","Cities under 2,500",486,0,0,0,1,1,2,1,1,2,4.12,"CLARENCE POLICE DEPARTMENT                        ","Clarence Police Department"
"1141",2016,"LA0400100","Alexandria",NA,"LA","West South Central","South","RAPIDES","City","Cities from 25,000 thru 49,999",47936,143,1,144,14,32,46,157,33,190,3.96,"ALEXANDRIA POLICE DEPARTMENT                      ","Alexandria Police Department"
"1142",2016,"LA0590000","Washington",NA,"LA","West South Central","South","WASHINGTON","County","Non-MSA counties from 25,000 thru 99,999",30420,57,1,58,14,12,26,71,13,84,2.76,"WASHINGTON PARISH SHERIFF'S OFFICE                ","Washington Parish Sheriff's Office"
"1143",2016,"LA0310200","Ruston",NA,"LA","West South Central","South","LINCOLN","City","Cities from 10,000 thru 24,999",22416,29,2,31,6,12,18,35,14,49,2.19,"RUSTON POLICE DEPARTMENT                          ","Ruston Police Department"
"1144",2016,"LA0280000","Lafayette",NA,"LA","West South Central","South","LAFAYETTE","County","MSA counties from 25,000 thru 99,999",71457,373,38,411,196,189,385,569,227,796,11.14,"LAFAYETTE PARISH SHERIFF'S OFFICE                 ","Lafayette Parish Sheriff's Office"
"1145",2016,"LA0320000","Livingston",NA,"LA","West South Central","South","LIVINGSTON","County","MSA counties 100,000 or over",119041,180,0,180,100,0,100,280,0,280,2.35,"LIVINGSTON PARISH SHERIFF'S OFFICE                ","Livingston Parish Sheriff's Office"
"1146",2016,"LA0200200","Mamou",NA,"LA","West South Central","South","EVANGELINE","City","Cities from 2,500 thru 9,999",3170,8,1,9,6,1,7,14,2,16,5.05,"MAMOU POLICE DEPARTMENT                           ","Mamou Police Department"
"1147",2016,"LA0370300","Sterlington",NA,"LA","West South Central","South","OUACHITA","City","Cities from 2,500 thru 9,999",2689,9,0,9,0,0,0,9,0,9,3.35,"STERLINGTON POLICE DEPARTMENT                     ","Sterlington Police Department"
"1148",2016,"LA0510500","Baldwin",NA,"LA","West South Central","South","ST MARY","City","Cities under 2,500",2328,5,1,6,1,7,8,6,8,14,6.01,"BALDWIN POLICE DEPARTMENT                         ","Baldwin Police Department"
"1149",2016,"LA0610100","Port Allen",NA,"LA","West South Central","South","WEST BATON ROUGE","City","Cities from 2,500 thru 9,999",5116,17,0,17,3,1,4,20,1,21,4.1,"PORT ALLEN POLICE DEPARTMENT                      ","Port Allen Police Department"
"1150",2016,"LA0640000","Winn",NA,"LA","West South Central","South","WINN","County","Non-MSA counties under 10,000",9866,16,6,22,1,6,7,17,12,29,2.94,"WINN PARISH SHERIFF'S OFFICE                      ","Winn Parish Sheriff's Office"
"1151",2016,"LA0090400","Blanchard",NA,"LA","West South Central","South","CADDO","City","Cities from 2,500 thru 9,999",2941,5,0,5,0,1,1,5,1,6,2.04,"BLANCHARD POLICE DEPARTMENT                       ","Blanchard Police Department"
"1152",2016,"LA0140000","Claiborne",NA,"LA","West South Central","South","CLAIBORNE","County","Non-MSA counties from 10,000 thru 24,999",13928,23,26,49,18,25,43,41,51,92,6.61,"CLAIBORNE PARISH SHERIFF'S OFFICE                 ","Claiborne Parish Sheriff's Office"
"1153",2016,"LA0090100","Shreveport",NA,"LA","West South Central","South","BOSSIER, CADDO","City","Cities from 100,000 thru 249,999",196467,411,41,452,113,146,259,524,187,711,3.62,"SHREVEPORT POLICE DEPARTMENT                      ","Shreveport Police Department"
"1154",2016,"LA0080000","Bossier",NA,"LA","West South Central","South","BOSSIER","County","MSA counties from 25,000 thru 99,999",51059,282,28,310,46,47,93,328,75,403,7.89,"BOSSIER PARISH SHERIFF'S OFFICE                   ","Bossier Parish Sheriff's Office"
"1155",2016,"LA0351000","Northwestern State University",NA,"LA","West South Central","South","NATCHITOCHES","University or College","Cities under 2,500",0,18,0,18,4,0,4,22,0,22,NA,"NORTHWESTERN STATE UNIVERSITY OF LOUISIANA POLICE ","Northwestern State University Of Louisiana Police"
"1156",2016,"LA0050000","Avoyelles",NA,"LA","West South Central","South","AVOYELLES","County","Non-MSA counties from 25,000 thru 99,999",26277,115,4,119,102,52,154,217,56,273,10.39,"AVOYELLES PARISH SHERIFF'S OFFICE                 ","Avoyelles Parish Sheriff's Office"
"1157",2015,"LA0520700","Folsom",NA,"LA","West South Central","South","ST TAMMANY","City","Cities under 2,500",765,3,0,3,1,0,1,4,0,4,5.23,"FOLSOM POLICE DEPARTMENT                          ","Folsom Police Department"
"1158",2015,"LA0170400","Louisiana State University:","Baton Rouge","LA","West South Central","South","EAST BATON ROUGE","University or College","Cities under 2,500",0,50,7,57,4,11,15,54,18,72,NA,"LOUISIANA STATE UNIVERSITY POLICE DEPARTMENT      ","Louisiana State University Police Department"
"1159",2015,"LA0030200","Gonzales",NA,"LA","West South Central","South","ASCENSION","City","Cities from 10,000 thru 24,999",10624,39,0,39,0,4,4,39,4,43,4.05,"GONZALES POLICE DEPARTMENT                        ","Gonzales Police Department"
"1160",2015,"LA0330000","Madison",NA,"LA","West South Central","South","MADISON","County","Non-MSA counties under 10,000",4620,27,0,27,9,0,9,36,0,36,7.79,"MADISON PARISH SHERIFF'S OFFICE                   ","Madison Parish Sheriff's Office"
"1161",2015,"LA0270000","Jefferson Davis",NA,"LA","West South Central","South","JEFFERSON DAVIS","County","Non-MSA counties from 10,000 thru 24,999",15276,53,0,53,20,0,20,73,0,73,4.78,"JEFFERSON DAVIS PARISH SHERIFF'S OFFICE           ","Jefferson Davis Parish Sheriff's Office"
"1162",2015,"LA0100200","Lake Charles",NA,"LA","West South Central","South","CALCASIEU","City","Cities from 50,000 thru 99,999",75564,135,2,137,44,1,45,179,3,182,2.41,"LAKE CHARLES POLICE DEPARTMENT                    ","Lake Charles Police Department"
"1163",2015,"LA0240600","St. Gabriel",NA,"LA","West South Central","South","IBERVILLE","City","Cities from 2,500 thru 9,999",7075,11,1,12,1,7,8,12,8,20,2.83,"ST. GABRIEL POLICE DEPARTMENT                     ","St. Gabriel Police Department"
"1164",2015,"LA0530400","Amite",NA,"LA","West South Central","South","TANGIPAHOA","City","Cities from 2,500 thru 9,999",4371,22,0,22,5,0,5,27,0,27,6.18,"AMITE POLICE DEPARTMENT                           ","Amite Police Department"
"1165",2015,"LA0620200","Epps",NA,"LA","West South Central","South","WEST CARROLL","City","Cities under 2,500",847,1,0,1,0,0,0,1,0,1,1.18,"EPPS POLICE DEPARTMENT                            ","Epps Police Department"
"1166",2015,"LA0390300","Livonia",NA,"LA","West South Central","South","POINTE COUPEE","City","Cities under 2,500",1414,7,0,7,0,2,2,7,2,9,6.36,"LIVONIA POLICE DEPARTMENT                         ","Livonia Police Department"
"1167",2015,"LA0510300","Morgan City",NA,"LA","West South Central","South","ST MARY","City","Cities from 10,000 thru 24,999",11837,28,4,32,4,12,16,32,16,48,4.06,"MORGAN CITY POLICE DEPARTMENT                     ","Morgan City Police Department"
"1168",2015,"LA0510000","St. Mary",NA,"LA","West South Central","South","ST MARY","County","Non-MSA counties from 10,000 thru 24,999",20378,94,4,98,61,15,76,155,19,174,8.54,"ST. MARY PARISH SHERIFF'S OFFICE                  ","St. Mary Parish Sheriff's Office"
"1169",2015,"LA0100300","Sulphur",NA,"LA","West South Central","South","CALCASIEU","City","Cities from 10,000 thru 24,999",20150,44,3,47,1,15,16,45,18,63,3.13,"SULPHUR POLICE DEPARTMENT                         ","Sulphur Police Department"
"1170",2015,"LA0400100","Alexandria",NA,"LA","West South Central","South","RAPIDES","City","Cities from 25,000 thru 49,999",48305,137,2,139,13,29,42,150,31,181,3.75,"ALEXANDRIA POLICE DEPARTMENT                      ","Alexandria Police Department"
"1171",2015,"LA0310200","Ruston",NA,"LA","West South Central","South","LINCOLN","City","Cities from 10,000 thru 24,999",22386,32,2,34,3,10,13,35,12,47,2.1,"RUSTON POLICE DEPARTMENT                          ","Ruston Police Department"
"1172",2015,"LA0050000","Avoyelles",NA,"LA","West South Central","South","AVOYELLES","County","Non-MSA counties from 25,000 thru 99,999",26341,145,2,147,111,53,164,256,55,311,11.81,"AVOYELLES PARISH SHERIFF'S OFFICE                 ","Avoyelles Parish Sheriff's Office"
"1173",2015,"LA0340100","Bastrop",NA,"LA","West South Central","South","MOREHOUSE","City","Cities from 10,000 thru 24,999",10773,14,0,14,10,0,10,24,0,24,2.23,"BASTROP POLICE DEPARTMENT                         ","Bastrop Police Department"
"1174",2015,"LA0170600","Southern University and A&M College:","Baton Rouge","LA","West South Central","South","EAST BATON ROUGE","University or College","Cities under 2,500",0,18,4,22,4,9,13,22,13,35,NA,"SOUTHERN UNIVERSITY AND A & M COLLEGE POLICE      ","Southern University And A & M College Police"
"1175",2015,"LA0240200","Plaquemine",NA,"LA","West South Central","South","IBERVILLE","City","Cities from 2,500 thru 9,999",6926,19,1,20,6,3,9,25,4,29,4.19,"PLAQUEMINE POLICE DEPARTMENT                      ","Plaquemine Police Department"
"1176",2015,"LA0280200","Carencro",NA,"LA","West South Central","South","LAFAYETTE","City","Cities from 2,500 thru 9,999",8653,26,0,26,2,2,4,28,2,30,3.47,"CARENCRO POLICE DEPARTMENT                        ","Carencro Police Department"
"1177",2015,"LA0570200","Kaplan",NA,"LA","West South Central","South","VERMILION","City","Cities from 2,500 thru 9,999",4610,7,2,9,2,5,7,9,7,16,3.47,"KAPLAN POLICE DEPARTMENT                          ","Kaplan Police Department"
"1178",2015,"LA0520300","Mandeville",NA,"LA","West South Central","South","ST TAMMANY","City","Cities from 10,000 thru 24,999",12306,33,3,36,4,9,13,37,12,49,3.98,"MANDEVILLE POLICE DEPARTMENT                      ","Mandeville Police Department"
"1179",2015,"LA0230200","Jeanerette",NA,"LA","West South Central","South","IBERIA","City","Cities from 2,500 thru 9,999",5531,3,0,3,4,5,9,7,5,12,2.17,"JEANERETTE POLICE DEPARTMENT                      ","Jeanerette Police Department"
"1180",2015,"LA0190100","Clinton",NA,"LA","West South Central","South","EAST FELICIANA","City","Cities under 2,500",1576,6,2,8,0,0,0,6,2,8,5.08,"CLINTON POLICE DEPT.                              ","Clinton Police Police Department"
"1181",2015,"LA0530000","Tangipahoa",NA,"LA","West South Central","South","TANGIPAHOA","County","MSA counties from 25,000 thru 99,999",91701,87,82,169,9,64,73,96,146,242,2.64,"TANGIPAHOA PARISH SHERIFF'S OFFICE                ","Tangipahoa Parish Sheriff's Office"
"1182",2015,"LA0630000","West Feliciana",NA,"LA","West South Central","South","WEST FELICIANA","County","MSA counties from 10,000 thru 24,999",13626,41,0,41,27,0,27,68,0,68,4.99,"WEST FELICIANA PARISH SHERIFF'S OFFICE            ","West Feliciana Parish Sheriff's Office"
"1183",2015,"LA0040000","Assumption",NA,"LA","West South Central","South","ASSUMPTION","County","Non-MSA counties from 10,000 thru 24,999",22922,42,13,55,21,31,52,63,44,107,4.67,"ASSUMPTION PARISH SHERIFF'S OFFICE                ","Assumption Parish Sheriff's Office"
"1184",2015,"LA0260300","Kenner",NA,"LA","West South Central","South","JEFFERSON","City","Cities from 50,000 thru 99,999",67147,139,26,165,16,50,66,155,76,231,3.44,"KENNER POLICE DEPARTMENT                          ","Kenner Police Department"
"1185",2015,"LA0150200","Vidalia",NA,"LA","West South Central","South","CONCORDIA","City","Cities from 2,500 thru 9,999",4168,32,0,32,12,3,15,44,3,47,11.28,"VIDALIA POLICE DEPARTMENT                         ","Vidalia Police Department"
"1186",2015,"LA0320300","Walker",NA,"LA","West South Central","South","LIVINGSTON","City","Cities from 2,500 thru 9,999",6259,18,0,18,1,4,5,19,4,23,3.67,"WALKER POLICE DEPARTMENT                          ","Walker Police Department"
"1187",2015,"LA0290500","Thibodaux",NA,"LA","West South Central","South","LAFOURCHE","City","Cities from 10,000 thru 24,999",14612,48,3,51,6,9,15,54,12,66,4.52,"THIBODAUX POLICE DEPARTMENT                       ","Thibodaux Police Department"
"1188",2015,"LA0240000","Iberville",NA,"LA","West South Central","South","IBERVILLE","County","MSA counties from 10,000 thru 24,999",17413,68,27,95,4,42,46,72,69,141,8.1,"IBERVILLE PARISH SHERIFF'S OFFICE                 ","Iberville Parish Sheriff's Office"
"1189",2015,"LA0090800","Ida",NA,"LA","West South Central","South","CADDO","City","Cities under 2,500",216,1,0,1,0,0,0,1,0,1,4.63,"IDA POLICE DEPARTMENT                             ","Ida Police Department"
"1190",2015,"LA0520200","Slidell",NA,"LA","West South Central","South","ST TAMMANY","City","Cities from 25,000 thru 49,999",27746,74,4,78,7,19,26,81,23,104,3.75,"SLIDELL POLICE DEPARTMENT                         ","Slidell Police Department"
"1191",2015,"LA0470200","Gramercy",NA,"LA","West South Central","South","ST JAMES","City","Cities from 2,500 thru 9,999",3433,8,1,9,0,0,0,8,1,9,2.62,"GRAMERCY POLICE DEPARTMENT                        ","Gramercy Police Department"
"1192",2015,"LA0430500","Florien",NA,"LA","West South Central","South","SABINE","City","Cities under 2,500",630,2,0,2,1,0,1,3,0,3,4.76,"FLORIEN POLICE DEPARTMENT                         ","Florien Police Department"
"1193",2015,"LA0020100","Kinder",NA,"LA","West South Central","South","ALLEN","City","Cities under 2,500",2446,12,5,17,0,0,0,12,5,17,6.95,"KINDER POLICE DEPARTMENT                          ","Kinder Police Department"
"1194",2015,"LA0580100","Leesville",NA,"LA","West South Central","South","VERNON","City","Cities from 2,500 thru 9,999",6496,14,2,16,9,2,11,23,4,27,4.16,"LEESVILLE POLICE DEPARTMENT                       ","Leesville Police Department"
"1195",2015,"LA0280000","Lafayette",NA,"LA","West South Central","South","LAFAYETTE","County","MSA counties from 25,000 thru 99,999",71237,364,0,364,391,0,391,755,0,755,10.6,"LAFAYETTE PARISH SHERIFF'S OFFICE                 ","Lafayette Parish Sheriff's Office"
"1196",2015,"LA0320000","Livingston",NA,"LA","West South Central","South","LIVINGSTON","County","MSA counties 100,000 or over",117410,173,0,173,100,0,100,273,0,273,2.33,"LIVINGSTON PARISH SHERIFF'S OFFICE                ","Livingston Parish Sheriff's Office"
"1197",2015,"LA0610100","Port Allen",NA,"LA","West South Central","South","WEST BATON ROUGE","City","Cities from 2,500 thru 9,999",5129,16,0,16,4,0,4,20,0,20,3.9,"PORT ALLEN POLICE DEPARTMENT                      ","Port Allen Police Department"
"1198",2015,"LA0360300","University of New Orleans",NA,"LA","West South Central","South","ORLEANS","University or College","Cities under 2,500",0,17,0,17,3,1,4,20,1,21,NA,"UNIVERSITY OF NEW ORLEANS POLICE DEPT.            ","University Of New Orleans Police Police Department"
"1199",2015,"LA0290000","Lafourche",NA,"LA","West South Central","South","LAFOURCHE","County","MSA counties from 25,000 thru 99,999",81535,171,18,189,89,39,128,260,57,317,3.89,"LAFOURCHE PARISH SHERIFF'S OFFICE                 ","Lafourche Parish Sheriff's Office"
"1200",2015,"LA0280100","Broussard",NA,"LA","West South Central","South","LAFAYETTE, ST MARTIN","City","Cities from 10,000 thru 24,999",10919,26,0,26,0,4,4,26,4,30,2.75,"BROUSSARD POLICE DEPARTMENT                       ","Broussard Police Department"
"1201",2015,"LA0550100","Houma",NA,"LA","West South Central","South","TERREBONNE","City","Cities from 25,000 thru 49,999",34238,69,1,70,9,15,24,78,16,94,2.75,"HOUMA POLICE DEPARTMENT                           ","Houma Police Department"
"1202",2015,"LA0400200","Pineville",NA,"LA","West South Central","South","RAPIDES","City","Cities from 10,000 thru 24,999",14401,56,1,57,7,7,14,63,8,71,4.93,"PINEVILLE POLICE DEPARTMENT                       ","Pineville Police Department"
"1203",2015,"LA0270200","Jennings",NA,"LA","West South Central","South","JEFFERSON DAVIS","City","Cities from 10,000 thru 24,999",10133,22,0,22,3,7,10,25,7,32,3.16,"JENNINGS POLICE DEPARTMENT                        ","Jennings Police Department"
"1204",2015,"LA0450000","St. Charles",NA,"LA","West South Central","South","ST CHARLES","County","MSA counties from 25,000 thru 99,999",52642,214,13,227,46,104,150,260,117,377,7.16,"ST. CHARLES PARISH SHERIFF'S OFFICE               ","St. Charles Parish Sheriff's Office"
"1205",2015,"LA0050400","Cottonport",NA,"LA","West South Central","South","AVOYELLES","City","Cities under 2,500",1943,4,0,4,0,1,1,4,1,5,2.57,"COTTONPORT POLICE DEPARTMENT                      ","Cottonport Police Department"
"1206",2015,"LA0480000","St. John the Baptist",NA,"LA","West South Central","South","ST JOHN THE BAPTIST","County","MSA counties from 25,000 thru 99,999",43223,172,1,173,73,0,73,245,1,246,5.69,"ST. JOHN THE BAPTIST PARISH SHERIFF'S OFFICE      ","St. John The Baptist Parish Sheriff's Office"
"1207",2015,"LA0560200","Bernice",NA,"LA","West South Central","South","UNION","City","Cities under 2,500",1645,4,0,4,0,0,0,4,0,4,2.43,"BERNICE POLICE DEPARTMENT                         ","Bernice Police Department"
"1208",2015,"LA0470000","St. James",NA,"LA","West South Central","South","ST JAMES","County","MSA counties from 10,000 thru 24,999",14712,55,8,63,16,16,32,71,24,95,6.46,"ST. JAMES PARISH SHERIFF'S OFFICE                 ","St. James Parish Sheriff's Office"
"1209",2015,"LA0220000","Grant",NA,"LA","West South Central","South","GRANT","County","MSA counties from 10,000 thru 24,999",20835,56,0,56,22,0,22,78,0,78,3.74,"GRANT PARISH SHERIFF'S OFFICE                     ","Grant Parish Sheriff's Office"
"1210",2015,"LA0300100","Jena",NA,"LA","West South Central","South","LA SALLE","City","Cities from 2,500 thru 9,999",3383,5,1,6,0,1,1,5,2,7,2.07,"JENA POLICE DEPARTMENT                            ","Jena Police Department"
"1211",2015,"LA0170000","East Baton Rouge",NA,"LA","West South Central","South","EAST BATON ROUGE","County","MSA counties 100,000 or over",187720,562,18,580,154,102,256,716,120,836,4.45,"EAST BATON ROUGE PARISH SHERIFF'S OFFICE          ","East Baton Rouge Parish Sheriff's Office"
"1212",2015,"LA0080600","Louisiana State University:","Shreveport","LA","West South Central","South","BOSSIER","University or College","Cities under 2,500",0,8,0,8,0,0,0,8,0,8,NA,"LOUISIANA STATE UNIVERSITY - SHREVEPORT POLICE    ","Louisiana State University - Shreveport Police"
"1213",2015,"LA0570400","Erath",NA,"LA","West South Central","South","VERMILION","City","Cities under 2,500",2109,5,0,5,1,3,4,6,3,9,4.27,"ERATH POLICE DEPARTMENT                           ","Erath Police Department"
"1214",2015,"LA0230000","Iberia",NA,"LA","West South Central","South","IBERIA","County","MSA counties from 25,000 thru 99,999",73971,196,0,196,129,0,129,325,0,325,4.39,"IBERIA PARISH SHERIFF'S OFFICE                    ","Iberia Parish Sheriff's Office"
"1215",2015,"LA0180000","East Carroll",NA,"LA","West South Central","South","EAST CARROLL","County","Non-MSA counties under 10,000",3633,13,12,25,1,20,21,14,32,46,12.66,"EAST CARROLL PARISH SHERIFF'S OFFICE              ","East Carroll Parish Sheriff's Office"
"1216",2015,"LA0020000","Allen",NA,"LA","West South Central","South","ALLEN","County","Non-MSA counties from 10,000 thru 24,999",15514,23,23,46,1,15,16,24,38,62,4,"ALLEN PARISH SHERIFF'S OFFICE                     ","Allen Parish Sheriff's Office"
"1217",2015,"LA0260000","Jefferson",NA,"LA","West South Central","South","JEFFERSON","County","MSA counties 100,000 or over",332939,545,488,1033,80,512,592,625,1000,1625,4.88,"JEFFERSON PARISH SHERIFF'S OFFICE                 ","Jefferson Parish Sheriff's Office"
"1218",2015,"LA0390000","Pointe Coupee",NA,"LA","West South Central","South","POINTE COUPEE","County","MSA counties from 10,000 thru 24,999",20872,46,21,67,4,29,33,50,50,100,4.79,"POINTE COUPEE PARISH SHERIFF'S OFFICE             ","Pointe Coupee Parish Sheriff's Office"
"1219",2015,"LA0320800","Killian",NA,"LA","West South Central","South","LIVINGSTON","City","Cities under 2,500",1310,5,0,5,0,1,1,5,1,6,4.58,"KILLIAN POLICE DEPARTMENT                         ","Killian Police Department"
"1220",2015,"LA0010000","Acadia",NA,"LA","West South Central","South","ACADIA","County","MSA counties from 25,000 thru 99,999",36344,53,14,67,6,32,38,59,46,105,2.89,"ACADIA PARISH SHERIFF'S OFFICE                    ","Acadia Parish Sheriff's Office"
"1221",2015,"LA0170100","Baker",NA,"LA","West South Central","South","EAST BATON ROUGE","City","Cities from 10,000 thru 24,999",13745,26,0,26,2,5,7,28,5,33,2.4,"BAKER POLICE DEPARTMENT                           ","Baker Police Department"
"1222",2015,"LA0440000","St. Bernard",NA,"LA","West South Central","South","ST BERNARD","County","MSA counties from 25,000 thru 99,999",46488,190,3,193,51,12,63,241,15,256,5.51,"ST. BERNARD PARISH SHERIFF'S OFFICE               ","St. Bernard Parish Sheriff's Office"
"1223",2015,"LA0260400","Westwego",NA,"LA","West South Central","South","JEFFERSON","City","Cities from 2,500 thru 9,999",8547,30,1,31,7,0,7,37,1,38,4.45,"WESTWEGO POLICE DEPARTMENT                        ","Westwego Police Department"
"1224",2015,"LA0110000","Caldwell",NA,"LA","West South Central","South","CALDWELL","County","Non-MSA counties under 10,000",9822,21,0,21,11,0,11,32,0,32,3.26,"CALDWELL PARISH SHERIFF'S OFFICE                  ","Caldwell Parish Sheriff's Office"
"1225",2015,"LA0200200","Mamou",NA,"LA","West South Central","South","EVANGELINE","City","Cities from 2,500 thru 9,999",3173,7,0,7,3,5,8,10,5,15,4.73,"MAMOU POLICE DEPARTMENT                           ","Mamou Police Department"
"1226",2015,"LA0620100","Oak Grove",NA,"LA","West South Central","South","WEST CARROLL","City","Cities under 2,500",1694,6,0,6,0,0,0,6,0,6,3.54,"OAK GROVE POLICE DEPARTMENT                       ","Oak Grove Police Department"
"1227",2015,"LA0570000","Vermilion",NA,"LA","West South Central","South","VERMILION","County","MSA counties from 25,000 thru 99,999",40707,91,0,91,12,22,34,103,22,125,3.07,"VERMILION PARISH SHERIFF'S OFFICE                 ","Vermilion Parish Sheriff's Office"
"1228",2015,"LA0530800","Tickfaw",NA,"LA","West South Central","South","TANGIPAHOA","City","Cities under 2,500",741,6,0,6,0,0,0,6,0,6,8.1,"TICKFAW POLICE DEPARTMENT                         ","Tickfaw Police Department"
"1229",2015,"LA0260100","Gretna",NA,"LA","West South Central","South","JEFFERSON","City","Cities from 10,000 thru 24,999",17871,85,9,94,12,18,30,97,27,124,6.94,"GRETNA POLICE DEPARTMENT                          ","Gretna Police Department"
"1230",2015,"LA0430700","Fisher",NA,"LA","West South Central","South","SABINE","City","Cities under 2,500",228,1,0,1,0,0,0,1,0,1,4.39,"FISHER POLICE DEPT                                ","Fisher Police Police Department"
"1231",2015,"LA0590000","Washington",NA,"LA","West South Central","South","WASHINGTON","County","Non-MSA counties from 25,000 thru 99,999",30399,34,15,49,6,20,26,40,35,75,2.47,"WASHINGTON PARISH SHERIFF'S OFFICE                ","Washington Parish Sheriff's Office"
"1232",2015,"LA0590100","Bogalusa",NA,"LA","West South Central","South","WASHINGTON","City","Cities from 10,000 thru 24,999",11859,35,1,36,6,8,14,41,9,50,4.22,"BOGALUSA POLICE DEPARTMENT                        ","Bogalusa Police Department"
"1233",2015,"LA0600800","Dixie Inn",NA,"LA","West South Central","South","WEBSTER","City","Cities under 2,500",264,2,0,2,0,0,0,2,0,2,7.58,"DIXIE INN POLICE DEPARTMENT                       ","Dixie Inn Police Department"
"1234",2015,"LA0370400","University of Louisiana:","Monroe","LA","West South Central","South","OUACHITA","University or College","Cities under 2,500",0,13,1,14,2,4,6,15,5,20,NA,"UNIVERSITY OF LOUISIANA - MONROE POLICE           ","University Of Louisiana - Monroe Police"
"1235",2015,"LA0350000","Natchitoches",NA,"LA","West South Central","South","NATCHITOCHES","County","Non-MSA counties from 10,000 thru 24,999",20190,78,70,148,2,36,38,80,106,186,9.21,"NATCHITOCHES PARISH SHERIFF'S OFFICE              ","Natchitoches Parish Sheriff's Office"
"1236",2015,"LA0130100","Jonesville",NA,"LA","West South Central","South","CATAHOULA","City","Cities under 2,500",2170,7,0,7,1,5,6,8,5,13,5.99,"JONESVILLE POLICE DEPARTMENT                      ","Jonesville Police Department"
"1237",2015,"LA0360200","Delgado Community College",NA,"LA","West South Central","South","ORLEANS","University or College","Cities under 2,500",0,22,4,26,4,8,12,26,12,38,NA,"DELGADO COMMUNITY COLLEGE POLICE                  ","Delgado Community College Police"
"1238",2015,"LA0080400","Haughton",NA,"LA","West South Central","South","BOSSIER","City","Cities from 2,500 thru 9,999",3381,11,0,11,0,2,2,11,2,13,3.85,"HAUGHTON POLICE DEPARTMENT                        ","Haughton Police Department"
"1239",2015,"LA0510200","Franklin",NA,"LA","West South Central","South","ST MARY","City","Cities from 2,500 thru 9,999",7301,6,1,7,10,2,12,16,3,19,2.6,"FRANKLIN POLICE DEPARTMENT                        ","Franklin Police Department"
"1240",2015,"LA0100400","Vinton",NA,"LA","West South Central","South","CALCASIEU","City","Cities from 2,500 thru 9,999",3353,8,0,8,0,4,4,8,4,12,3.58,"VINTON POLICE DEPARTMENT                          ","Vinton Police Department"
"1241",2015,"LA0530900","Southeastern Louisiana University",NA,"LA","West South Central","South","TANGIPAHOA","University or College","Cities under 2,500",0,22,7,29,1,5,6,23,12,35,NA,"SOUTHEASTERN LOUISIANA UNIVERSITY POLICE          ","Southeastern Louisiana University Police"
"1242",2015,"LA0510600","Chitimacha Tribal",NA,"LA","West South Central","South","NOT SPECIFIED","Tribal","Cities under 2,500",0,5,0,5,9,0,9,14,0,14,NA,"CHITIMACHA TRIBAL POLICE DEPARTMENT               ","Chitimacha Tribal Police Department"
"1243",2015,"LA0580000","Vernon",NA,"LA","West South Central","South","VERNON","County","Non-MSA counties from 25,000 thru 99,999",42370,55,48,103,6,47,53,61,95,156,3.68,"VERNON PARISH SHERIFF'S OFFICE                    ","Vernon Parish Sheriff's Office"
"1244",2015,"LA0510100","Berwick",NA,"LA","West South Central","South","ST MARY","City","Cities from 2,500 thru 9,999",4779,11,0,11,1,0,1,12,0,12,2.51,"BERWICK POLICE DEPARTMENT                         ","Berwick Police Department"
"1245",2015,"LA0530500","Independence",NA,"LA","West South Central","South","TANGIPAHOA","City","Cities under 2,500",1693,4,0,4,3,0,3,7,0,7,4.13,"INDEPENDENCE POLICE DEPARTMENT                    ","Independence Police Department"
"1246",2015,"LA0560400","Marion",NA,"LA","West South Central","South","UNION","City","Cities under 2,500",755,2,0,2,0,0,0,2,0,2,2.65,"MARION POLICE DEPARTMENT                          ","Marion Police Department"
"1247",2015,"LA0530300","Ponchatoula",NA,"LA","West South Central","South","TANGIPAHOA","City","Cities from 2,500 thru 9,999",6987,18,0,18,5,6,11,23,6,29,4.15,"PONCHATOULA POLICE DEPARTMENT                     ","Ponchatoula Police Department"
"1248",2015,"LA0010200","Rayne",NA,"LA","West South Central","South","ACADIA","City","Cities from 2,500 thru 9,999",8063,16,0,16,7,0,7,23,0,23,2.85,"RAYNE POLICE DEPARTMENT                           ","Rayne Police Department"
"1249",2015,"LADI00500","Tunica-Biloxi Tribal",NA,"LA","West South Central","South","NOT SPECIFIED","Tribal","Cities under 2,500",0,12,1,13,0,1,1,12,2,14,NA,"TUNICA-BILOXI TRIBAL POLICE DEPARTMENT            ","Tunica-Biloxi Tribal Police Department"
"1250",2015,"LA0100800","McNeese State University",NA,"LA","West South Central","South","CALCASIEU","University or College","Cities under 2,500",0,7,1,8,1,5,6,8,6,14,NA,"MCNEESE STATE UNIVERSITY POLICE                   ","Mcneese State University Police"
"1251",2015,"LA0370900","Tensas Basin Levee District",NA,"LA","West South Central","South","OUACHITA","Other State Agency","Cities under 2,500",0,2,0,2,0,1,1,2,1,3,NA,"TENSAS BASIN LEVEE DISTRICT POLICE                ","Tensas Basin Levee District Police"
"1252",2015,"LA0150100","Ferriday",NA,"LA","West South Central","South","CONCORDIA","City","Cities from 2,500 thru 9,999",3422,11,0,11,9,1,10,20,1,21,6.14,"FERRIDAY POLICE DEPARTMENT                        ","Ferriday Police Department"
"1253",2015,"LA0430000","Sabine",NA,"LA","West South Central","South","SABINE","County","Non-MSA counties from 10,000 thru 24,999",20514,59,0,59,27,0,27,86,0,86,4.19,"SABINE PARISH SHERIFF'S OFFICE                    ","Sabine Parish Sheriff's Office"
"1254",2015,"LA0170200","Baton Rouge",NA,"LA","West South Central","South","EAST BATON ROUGE","City","Cities from 100,000 thru 249,999",228727,612,18,630,62,159,221,674,177,851,3.72,"BATON ROUGE POLICE DEPARTMENT                     ","Baton Rouge Police Department"
"1255",2015,"LA0460200","Montpelier",NA,"LA","West South Central","South","ST HELENA","City","Cities under 2,500",249,1,0,1,0,0,0,1,0,1,4.02,"MONTPELIER POLICE DEPARTMENT                      ","Montpelier Police Department"
"1256",2015,"LA0420000","Richland",NA,"LA","West South Central","South","RICHLAND","County","Non-MSA counties from 10,000 thru 24,999",14040,49,3,52,53,13,66,102,16,118,8.4,"RICHLAND PARISH SHERIFF'S OFFICE                  ","Richland Parish Sheriff's Office"
"1257",2015,"LA0260200","Harahan",NA,"LA","West South Central","South","JEFFERSON","City","Cities from 2,500 thru 9,999",9347,16,0,16,1,3,4,17,3,20,2.14,"HARAHAN POLICE DEPARTMENT                         ","Harahan Police Department"
"1258",2015,"LA0470100","Lutcher",NA,"LA","West South Central","South","ST JAMES","City","Cities from 2,500 thru 9,999",3366,3,0,3,0,0,0,3,0,3,0.89,"LUTCHER POLICE DEPARTMENT                         ","Lutcher Police Department"
"1259",2015,"LA0250400","Hodge",NA,"LA","West South Central","South","JACKSON","City","Cities under 2,500",454,6,1,7,0,0,0,6,1,7,15.42,"HODGE POLICE DEPT.                                ","Hodge Police Police Department"
"1260",2015,"LA0610300","Addis",NA,"LA","West South Central","South","WEST BATON ROUGE","City","Cities from 2,500 thru 9,999",4655,11,0,11,0,1,1,11,1,12,2.58,"ADDIS POLICE DEPARTMENT                           ","Addis Police Department"
"1261",2015,"LA0370200","West Monroe",NA,"LA","West South Central","South","OUACHITA","City","Cities from 10,000 thru 24,999",12960,54,2,56,8,1,9,62,3,65,5.02,"WEST MONROE POLICE DEPARTMENT                     ","West Monroe Police Department"
"1262",2015,"LA0010100","Crowley",NA,"LA","West South Central","South","ACADIA","City","Cities from 10,000 thru 24,999",13169,31,0,31,3,7,10,34,7,41,3.11,"CROWLEY POLICE DEPARTMENT                         ","Crowley Police Department"
"1263",2015,"LA0500100","Breaux Bridge",NA,"LA","West South Central","South","ST MARTIN","City","Cities from 2,500 thru 9,999",8372,13,0,13,5,5,10,18,5,23,2.75,"BREAUX BRIDGE POLICE DEPARTMENT                   ","Breaux Bridge Police Department"
"1264",2015,"LA0100000","Calcasieu",NA,"LA","West South Central","South","CALCASIEU","County","MSA counties from 25,000 thru 99,999",87879,441,111,552,155,123,278,596,234,830,9.44,"CALCASIEU PARISH SHERIFF'S OFFICE                 ","Calcasieu Parish Sheriff's Office"
"1265",2015,"LA0290100","Golden Meadow",NA,"LA","West South Central","South","LAFOURCHE","City","Cities under 2,500",2070,4,0,4,1,2,3,5,2,7,3.38,"GOLDEN MEADOW POLICE DEPARTMENT                   ","Golden Meadow Police Department"
"1266",2015,"LA0490000","St. Landry",NA,"LA","West South Central","South","ST LANDRY","County","Non-MSA counties from 25,000 thru 99,999",53062,82,49,131,12,75,87,94,124,218,4.11,"ST. LANDRY PARISH SHERIFF'S OFFICE                ","St. Landry Parish Sheriff's Office"
"1267",2015,"LA0070000","Bienville",NA,"LA","West South Central","South","BIENVILLE","County","Non-MSA counties from 10,000 thru 24,999",13756,38,9,47,3,17,20,41,26,67,4.87,"BIENVILLE PARISH SHERIFF'S OFFICE                 ","Bienville Parish Sheriff's Office"
"1268",2015,"LA0600000","Webster",NA,"LA","West South Central","South","WEBSTER","County","MSA counties from 10,000 thru 24,999",19886,40,44,84,6,34,40,46,78,124,6.24,"WEBSTER PARISH SHERIFF'S OFFICE                   ","Webster Parish Sheriff's Office"
"1269",2015,"LA0060100","De Ridder",NA,"LA","West South Central","South","BEAUREGARD, VERNON","City","Cities from 10,000 thru 24,999",10839,21,0,21,4,5,9,25,5,30,2.77,"DERIDDER POLICE DEPARTMENT                        ","Deridder Police Department"
"1270",2015,"LA0250000","Jackson",NA,"LA","West South Central","South","JACKSON","County","Non-MSA counties from 10,000 thru 24,999",15445,127,0,127,48,0,48,175,0,175,11.33,"JACKSON PARISH SHERIFF'S OFFICE                   ","Jackson Parish Sheriff's Office"
"1271",2015,"LA0090000","Caddo",NA,"LA","West South Central","South","CADDO","County","MSA counties from 25,000 thru 99,999",49229,358,36,394,102,178,280,460,214,674,13.69,"CADDO PARISH SHERIFF'S OFFICE                     ","Caddo Parish Sheriff's Office"
"1272",2015,"LA0050600","Moreauville",NA,"LA","West South Central","South","AVOYELLES","City","Cities under 2,500",900,2,0,2,0,2,2,2,2,4,4.44,"MOREAUVILLE POLICE DEPARTMENT                     ","Moreauville Police Department"
"1273",2015,"LA0150000","Concordia",NA,"LA","West South Central","South","CONCORDIA","County","Non-MSA counties from 10,000 thru 24,999",12758,22,155,177,0,78,78,22,233,255,19.99,"CONCORDIA PARISH SHERIFF'S OFFICE                 ","Concordia Parish Sheriff's Office"
"1274",2015,"LA0320100","Denham Springs",NA,"LA","West South Central","South","LIVINGSTON","City","Cities from 10,000 thru 24,999",10067,30,1,31,2,7,9,32,8,40,3.97,"DENHAM SPRINGS POLICE DEPARTMENT                  ","Denham Springs Police Department"
"1275",2015,"LA0320600","Port Vincent",NA,"LA","West South Central","South","LIVINGSTON","City","Cities under 2,500",736,3,0,3,0,0,0,3,0,3,4.08,"PORT VINCENT POLICE DEPT.                         ","Port Vincent Police Police Department"
"1276",2015,"LA0520000","St. Tammany",NA,"LA","West South Central","South","ST TAMMANY","County","MSA counties 100,000 or over",195157,368,114,482,60,187,247,428,301,729,3.74,"ST. TAMMANY PARISH SHERIFF'S OFFICE               ","St. Tammany Parish Sheriff's Office"
"1277",2015,"LA0270300","Lake Arthur",NA,"LA","West South Central","South","JEFFERSON DAVIS","City","Cities from 2,500 thru 9,999",2747,6,1,7,0,3,3,6,4,10,3.64,"LAKE ARTHUR POLICE DEPARTMENT                     ","Lake Arthur Police Department"
"1278",2015,"LA0280300","Lafayette",NA,"LA","West South Central","South","LAFAYETTE","City","Cities from 100,000 thru 249,999",127273,225,5,230,26,51,77,251,56,307,2.41,"LAFAYETTE POLICE DEPARTMENT                       ","Lafayette Police Department"
"1279",2015,"LA0030000","Ascension",NA,"LA","West South Central","South","ASCENSION","County","MSA counties 100,000 or over",108650,224,5,229,46,43,89,270,48,318,2.93,"ASCENSION PARISH SHERIFF'S OFFICE                 ","Ascension Parish Sheriff's Office"
"1280",2015,"LA0620000","West Carroll",NA,"LA","West South Central","South","WEST CARROLL","County","Non-MSA counties under 10,000",8953,11,0,11,4,0,4,15,0,15,1.68,"WEST CARROLL PARISH SHERIFF'S OFFICE              ","West Carroll Parish Sheriff's Office"
"1281",2015,"LA036209E","Tulane University",NA,"LA","West South Central","South","ORLEANS","University or College","Cities under 2,500",0,72,18,90,10,17,27,82,35,117,NA,NA,"Tulane University"
"1282",2015,"LA0460000","St. Helena",NA,"LA","West South Central","South","ST HELENA","County","MSA counties from 10,000 thru 24,999",10222,28,2,30,1,16,17,29,18,47,4.6,"ST. HELENA PARISH SHERIFF'S OFFICE                ","St. Helena Parish Sheriff's Office"
"1283",2015,"LA0160100","Mansfield",NA,"LA","West South Central","South","DE SOTO","City","Cities from 2,500 thru 9,999",5007,11,0,11,3,4,7,14,4,18,3.59,"MANSFIELD POLICE DEPARTMENT                       ","Mansfield Police Department"
"1284",2015,"LA0200300","Ville Platte",NA,"LA","West South Central","South","EVANGELINE","City","Cities from 2,500 thru 9,999",7255,17,2,19,4,2,6,21,4,25,3.45,"VILLE PLATTE POLICE DEPARTMENT                    ","Ville Platte Police Department"
"1285",2015,"LA0560100","Farmerville",NA,"LA","West South Central","South","UNION","City","Cities from 2,500 thru 9,999",3869,8,0,8,5,0,5,13,0,13,3.36,"FARMERVILLE POLICE DEPARTMENT                     ","Farmerville Police Department"
"1286",2015,"LA0100500","Westlake",NA,"LA","West South Central","South","CALCASIEU","City","Cities from 2,500 thru 9,999",4625,13,0,13,4,0,4,17,0,17,3.68,"WESTLAKE POLICE DEPARTMENT                        ","Westlake Police Department"
"1287",2015,"LA0600200","Springhill",NA,"LA","West South Central","South","WEBSTER","City","Cities from 2,500 thru 9,999",5118,15,0,15,2,2,4,17,2,19,3.71,"SPRINGHILL POLICE DEPARTMENT                      ","Springhill Police Department"
"1288",2015,"LA0300200","Olla",NA,"LA","West South Central","South","LA SALLE","City","Cities under 2,500",1371,4,0,4,0,2,2,4,2,6,4.38,"OLLA POLICE DEPARTMENT                            ","Olla Police Department"
"1289",2015,"LA0170300","Zachary",NA,"LA","West South Central","South","EAST BATON ROUGE","City","Cities from 10,000 thru 24,999",16537,31,0,31,13,2,15,44,2,46,2.78,"ZACHARY POLICE DEPARTMENT                         ","Zachary Police Department"
"1290",2015,"LA0300000","La Salle",NA,"LA","West South Central","South","LA SALLE","County","Non-MSA counties from 10,000 thru 24,999",10046,26,49,75,3,39,42,29,88,117,11.65,"LA SALLE PARISH SHERIFF'S OFFICE                  ","La Salle Parish Sheriff's Office"
"1291",2015,"LA0200100","Basile",NA,"LA","West South Central","South","ACADIA, EVANGELINE","City","Cities under 2,500",1809,7,0,7,1,6,7,8,6,14,7.74,"BASILE POLICE DEPARTMENT                          ","Basile Police Department"
"1292",2015,"LA0350100","Natchitoches",NA,"LA","West South Central","South","NATCHITOCHES","City","Cities from 10,000 thru 24,999",18350,43,1,44,6,12,18,49,13,62,3.38,"NATCHITOCHES POLICE DEPARTMENT                    ","Natchitoches Police Department"
"1293",2015,"LA0100700","Iowa",NA,"LA","West South Central","South","CALCASIEU","City","Cities from 2,500 thru 9,999",3220,8,1,9,1,3,4,9,4,13,4.04,"IOWA POLICE DEPARTMENT                            ","Iowa Police Department"
"1294",2015,"LA0090300","Oil City",NA,"LA","West South Central","South","CADDO","City","Cities under 2,500",999,3,0,3,1,0,1,4,0,4,4,"OIL CITY POLICE DEPARTMENT                        ","Oil City Police Department"
"1295",2015,"LA0080500","Louisiana State University:","Health Sciences Center, Shreveport","LA","West South Central","South","BOSSIER","University or College","Cities under 2,500",0,20,4,24,5,11,16,25,15,40,NA,"LOUISIANA STATE UNIVERSITY HEALTH SCIENCES CENTER ","Louisiana State University Health Sciences Center"
"1296",2015,"LA0430100","Many",NA,"LA","West South Central","South","SABINE","City","Cities from 2,500 thru 9,999",2784,7,1,8,2,0,2,9,1,10,3.59,"MANY POLICE DEPARTMENT                            ","Many Police Department"
"1297",2015,"LA0180100","Lake Providence",NA,"LA","West South Central","South","EAST CARROLL","City","Cities from 2,500 thru 9,999",3783,6,0,6,5,0,5,11,0,11,2.91,"LAKE PROVIDENCE POLICE DEPARTMENT                 ","Lake Providence Police Department"
"1298",2015,"LA0400000","Rapides",NA,"LA","West South Central","South","RAPIDES","County","MSA counties from 25,000 thru 99,999",64673,354,23,377,52,74,126,406,97,503,7.78,"RAPIDES PARISH SHERIFF'S OFFICE                   ","Rapides Parish Sheriff's Office"
"1299",2015,"LA0520100","Covington",NA,"LA","West South Central","South","ST TAMMANY","City","Cities from 2,500 thru 9,999",9922,33,1,34,2,8,10,35,9,44,4.43,"COVINGTON POLICE DEPARTMENT                       ","Covington Police Department"
"1300",2015,"LA0380000","Plaquemines",NA,"LA","West South Central","South","PLAQUEMINES","County","MSA counties from 10,000 thru 24,999",23499,134,0,134,62,0,62,196,0,196,8.34,"PLAQUEMINES PARISH SHERIFF'S OFFICE               ","Plaquemines Parish Sheriff's Office"
"1301",2015,"LA0530100","Hammond",NA,"LA","West South Central","South","TANGIPAHOA","City","Cities from 10,000 thru 24,999",20449,72,14,86,8,12,20,80,26,106,5.18,"HAMMOND POLICE DEPARTMENT                         ","Hammond Police Department"
"1302",2015,"LA0570100","Abbeville",NA,"LA","West South Central","South","VERMILION","City","Cities from 10,000 thru 24,999",12495,26,1,27,5,1,6,31,2,33,2.64,"ABBEVILLE POLICE DEPARTMENT                       ","Abbeville Police Department"
"1303",2015,"LA0640100","Winnfield",NA,"LA","West South Central","South","WINN","City","Cities from 2,500 thru 9,999",4580,13,2,15,1,6,7,14,8,22,4.8,"WINNFIELD POLICE DEPT                             ","Winnfield Police Police Department"
"1304",2015,"LA0510400","Patterson",NA,"LA","West South Central","South","ST MARY","City","Cities from 2,500 thru 9,999",6106,16,0,16,10,0,10,26,0,26,4.26,"PATTERSON POLICE DEPARTMENT                       ","Patterson Police Department"
"1305",2015,"LA0091000","Greenwood",NA,"LA","West South Central","South","CADDO","City","Cities from 2,500 thru 9,999",3194,9,0,9,1,1,2,10,1,11,3.44,"GREENWOOD POLICE DEPARTMENT                       ","Greenwood Police Department"
"1306",2015,"LA0610000","West Baton Rouge",NA,"LA","West South Central","South","WEST BATON ROUGE","County","MSA counties from 10,000 thru 24,999",12826,57,75,132,1,57,58,58,132,190,14.81,"WEST BATON ROUGE PARISH SHERIFF'S OFFICE          ","West Baton Rouge Parish Sheriff's Office"
"1307",2015,"LADI00600","Coushatta Tribal",NA,"LA","West South Central","South","NOT SPECIFIED","Tribal","Cities under 2,500",0,14,0,14,10,1,11,24,1,25,NA,"COUSHATTA TRIBAL POLICE DEPARTMENT                ","Coushatta Tribal Police Department"
"1308",2015,"LA0370100","Monroe",NA,"LA","West South Central","South","OUACHITA","City","Cities from 25,000 thru 49,999",49703,113,5,118,16,33,49,129,38,167,3.36,"MONROE POLICE DEPARTMENT                          ","Monroe Police Department"
"1309",2015,"LA0090100","Shreveport",NA,"LA","West South Central","South","BOSSIER, CADDO","City","Cities from 100,000 thru 249,999",197592,411,48,459,103,137,240,514,185,699,3.54,"SHREVEPORT POLICE DEPARTMENT                      ","Shreveport Police Department"
"1310",2015,"LA0090400","Blanchard",NA,"LA","West South Central","South","CADDO","City","Cities from 2,500 thru 9,999",2911,5,0,5,0,1,1,5,1,6,2.06,"BLANCHARD POLICE DEPARTMENT                       ","Blanchard Police Department"
"1311",2015,"LA0080000","Bossier",NA,"LA","West South Central","South","BOSSIER","County","MSA counties from 25,000 thru 99,999",51903,279,26,305,50,47,97,329,73,402,7.75,"BOSSIER PARISH SHERIFF'S OFFICE                   ","Bossier Parish Sheriff's Office"
"1312",2015,"LA0140000","Claiborne",NA,"LA","West South Central","South","CLAIBORNE","County","Non-MSA counties from 10,000 thru 24,999",14044,23,28,51,20,27,47,43,55,98,6.98,"CLAIBORNE PARISH SHERIFF'S OFFICE                 ","Claiborne Parish Sheriff's Office"
"1313",2014,"LA0510200","Franklin",NA,"LA","West South Central","South","ST MARY","City","Cities from 2,500 thru 9,999",7407,6,1,7,13,1,14,19,2,21,2.84,"FRANKLIN POLICE DEPARTMENT                        ","Franklin Police Department"
"1314",2014,"LA0390000","Pointe Coupee",NA,"LA","West South Central","South","POINTE COUPEE","County","MSA counties from 10,000 thru 24,999",21028,38,27,65,5,30,35,43,57,100,4.76,"POINTE COUPEE PARISH SHERIFF'S OFFICE             ","Pointe Coupee Parish Sheriff's Office"
"1315",2014,"LA0260000","Jefferson",NA,"LA","West South Central","South","JEFFERSON","County","MSA counties 100,000 or over",332866,742,134,876,259,310,569,1001,444,1445,4.34,"JEFFERSON PARISH SHERIFF'S OFFICE                 ","Jefferson Parish Sheriff's Office"
"1316",2014,"LA0110000","Caldwell",NA,"LA","West South Central","South","CALDWELL","County","Non-MSA counties under 10,000",9961,21,0,21,11,0,11,32,0,32,3.21,"CALDWELL PARISH SHERIFF'S OFFICE                  ","Caldwell Parish Sheriff's Office"
"1317",2014,"LA0530000","Tangipahoa",NA,"LA","West South Central","South","TANGIPAHOA","County","MSA counties from 25,000 thru 99,999",88203,88,85,173,7,61,68,95,146,241,2.73,"TANGIPAHOA PARISH SHERIFF'S OFFICE                ","Tangipahoa Parish Sheriff's Office"
"1318",2014,"LA0400200","Pineville",NA,"LA","West South Central","South","RAPIDES","City","Cities from 10,000 thru 24,999",14464,47,2,49,6,6,12,53,8,61,4.22,"PINEVILLE POLICE DEPARTMENT                       ","Pineville Police Department"
"1319",2014,"LA0270200","Jennings",NA,"LA","West South Central","South","JEFFERSON DAVIS","City","Cities from 10,000 thru 24,999",10138,22,1,23,4,8,12,26,9,35,3.45,"JENNINGS POLICE DEPARTMENT                        ","Jennings Police Department"
"1320",2014,"LA0450000","St. Charles",NA,"LA","West South Central","South","ST CHARLES","County","MSA counties from 25,000 thru 99,999",52594,206,12,218,42,96,138,248,108,356,6.77,"ST. CHARLES PARISH SHERIFF'S OFFICE               ","St. Charles Parish Sheriff's Office"
"1321",2014,"LA0020000","Allen",NA,"LA","West South Central","South","ALLEN","County","Non-MSA counties from 10,000 thru 24,999",15413,23,23,46,1,15,16,24,38,62,4.02,"ALLEN PARISH SHERIFF'S OFFICE                     ","Allen Parish Sheriff's Office"
"1322",2014,"LA0320000","Livingston",NA,"LA","West South Central","South","LIVINGSTON","County","MSA counties 100,000 or over",115588,160,0,160,94,0,94,254,0,254,2.2,"LIVINGSTON PARISH SHERIFF'S OFFICE                ","Livingston Parish Sheriff's Office"
"1323",2014,"LA0280000","Lafayette",NA,"LA","West South Central","South","LAFAYETTE","County","MSA counties from 25,000 thru 99,999",70823,364,0,364,391,0,391,755,0,755,10.66,"LAFAYETTE PARISH SHERIFF'S OFFICE                 ","Lafayette Parish Sheriff's Office"
"1324",2014,"LA0610100","Port Allen",NA,"LA","West South Central","South","WEST BATON ROUGE","City","Cities from 2,500 thru 9,999",5128,16,0,16,4,0,4,20,0,20,3.9,"PORT ALLEN POLICE DEPARTMENT                      ","Port Allen Police Department"
"1325",2014,"LA0510000","St. Mary",NA,"LA","West South Central","South","ST MARY","County","Non-MSA counties from 10,000 thru 24,999",20610,94,4,98,61,15,76,155,19,174,8.44,"ST. MARY PARISH SHERIFF'S OFFICE                  ","St. Mary Parish Sheriff's Office"
"1326",2014,"LA0100400","Vinton",NA,"LA","West South Central","South","CALCASIEU","City","Cities from 2,500 thru 9,999",3179,7,0,7,0,4,4,7,4,11,3.46,"VINTON POLICE DEPARTMENT                          ","Vinton Police Department"
"1327",2014,"LA0470000","St. James",NA,"LA","West South Central","South","ST JAMES","County","MSA counties from 10,000 thru 24,999",14821,55,8,63,16,16,32,71,24,95,6.41,"ST. JAMES PARISH SHERIFF'S OFFICE                 ","St. James Parish Sheriff's Office"
"1328",2014,"LA0300100","Jena",NA,"LA","West South Central","South","LA SALLE","City","Cities from 2,500 thru 9,999",3379,5,1,6,0,1,1,5,2,7,2.07,"JENA POLICE DEPARTMENT                            ","Jena Police Department"
"1329",2014,"LA0530500","Independence",NA,"LA","West South Central","South","TANGIPAHOA","City","Cities under 2,500",1665,4,0,4,3,0,3,7,0,7,4.2,"INDEPENDENCE POLICE DEPARTMENT                    ","Independence Police Department"
"1330",2014,"LA0510100","Berwick",NA,"LA","West South Central","South","ST MARY","City","Cities from 2,500 thru 9,999",4815,11,0,11,1,0,1,12,0,12,2.49,"BERWICK POLICE DEPARTMENT                         ","Berwick Police Department"
"1331",2014,"LA0510600","Chitimacha Tribal",NA,"LA","West South Central","South","NOT SPECIFIED","Tribal","Cities under 2,500",0,5,0,5,8,1,9,13,1,14,NA,"CHITIMACHA TRIBAL POLICE DEPARTMENT               ","Chitimacha Tribal Police Department"
"1332",2014,"LA0580000","Vernon",NA,"LA","West South Central","South","VERNON","County","Non-MSA counties from 25,000 thru 99,999",41272,55,48,103,6,47,53,61,95,156,3.78,"VERNON PARISH SHERIFF'S OFFICE                    ","Vernon Parish Sheriff's Office"
"1333",2014,"LA0240600","St. Gabriel",NA,"LA","West South Central","South","IBERVILLE","City","Cities from 2,500 thru 9,999",6918,11,1,12,1,7,8,12,8,20,2.89,"ST. GABRIEL POLICE DEPARTMENT                     ","St. Gabriel Police Department"
"1334",2014,"LA0100200","Lake Charles",NA,"LA","West South Central","South","CALCASIEU","City","Cities from 50,000 thru 99,999",74470,135,2,137,44,1,45,179,3,182,2.44,"LAKE CHARLES POLICE DEPARTMENT                    ","Lake Charles Police Department"
"1335",2014,"LA0270000","Jefferson Davis",NA,"LA","West South Central","South","JEFFERSON DAVIS","County","Non-MSA counties from 10,000 thru 24,999",14056,35,15,50,8,13,21,43,28,71,5.05,"JEFFERSON DAVIS PARISH SHERIFF'S OFFICE           ","Jefferson Davis Parish Sheriff's Office"
"1336",2014,"LA0260300","Kenner",NA,"LA","West South Central","South","JEFFERSON","City","Cities from 50,000 thru 99,999",67037,144,30,174,14,48,62,158,78,236,3.52,"KENNER POLICE DEPARTMENT                          ","Kenner Police Department"
"1337",2014,"LA0040000","Assumption",NA,"LA","West South Central","South","ASSUMPTION","County","Non-MSA counties from 10,000 thru 24,999",23161,37,12,49,22,29,51,59,41,100,4.32,"ASSUMPTION PARISH SHERIFF'S OFFICE                ","Assumption Parish Sheriff's Office"
"1338",2014,"LA0590100","Bogalusa",NA,"LA","West South Central","South","WASHINGTON","City","Cities from 10,000 thru 24,999",11960,28,6,34,3,14,17,31,20,51,4.26,"BOGALUSA POLICE DEPARTMENT                        ","Bogalusa Police Department"
"1339",2014,"LA0590000","Washington",NA,"LA","West South Central","South","WASHINGTON","County","Non-MSA counties from 25,000 thru 99,999",30539,46,3,49,12,16,28,58,19,77,2.52,"WASHINGTON PARISH SHERIFF'S OFFICE                ","Washington Parish Sheriff's Office"
"1340",2014,"LA0600800","Dixie Inn",NA,"LA","West South Central","South","WEBSTER","City","Cities under 2,500",269,2,0,2,0,0,0,2,0,2,7.43,"DIXIE INN POLICE DEPARTMENT                       ","Dixie Inn Police Department"
"1341",2014,"LA0130100","Jonesville",NA,"LA","West South Central","South","CATAHOULA","City","Cities under 2,500",2211,7,0,7,1,5,6,8,5,13,5.88,"JONESVILLE POLICE DEPARTMENT                      ","Jonesville Police Department"
"1342",2014,"LA0290000","Lafourche",NA,"LA","West South Central","South","LAFOURCHE","County","MSA counties from 25,000 thru 99,999",80697,159,20,179,76,42,118,235,62,297,3.68,"LAFOURCHE PARISH SHERIFF'S OFFICE                 ","Lafourche Parish Sheriff's Office"
"1343",2014,"LA0280100","Broussard",NA,"LA","West South Central","South","LAFAYETTE, ST MARTIN","City","Cities from 2,500 thru 9,999",9653,26,0,26,0,4,4,26,4,30,3.11,"BROUSSARD POLICE DEPARTMENT                       ","Broussard Police Department"
"1344",2014,"LA0360300","University of New Orleans",NA,"LA","West South Central","South","ORLEANS","University or College","Cities under 2,500",0,22,0,22,3,1,4,25,1,26,NA,"UNIVERSITY OF NEW ORLEANS POLICE DEPT.            ","University Of New Orleans Police Police Department"
"1345",2014,"LA0310200","Ruston",NA,"LA","West South Central","South","LINCOLN","City","Cities from 10,000 thru 24,999",22370,32,2,34,3,10,13,35,12,47,2.1,"RUSTON POLICE DEPARTMENT                          ","Ruston Police Department"
"1346",2014,"LA0400100","Alexandria",NA,"LA","West South Central","South","RAPIDES","City","Cities from 25,000 thru 49,999",48618,142,2,144,15,31,46,157,33,190,3.91,"ALEXANDRIA POLICE DEPARTMENT                      ","Alexandria Police Department"
"1347",2014,"LA0430700","Fisher",NA,"LA","West South Central","South","SABINE","City","Cities under 2,500",230,1,0,1,0,0,0,1,0,1,4.35,"FISHER POLICE DEPT                                ","Fisher Police Police Department"
"1348",2014,"LA0350000","Natchitoches",NA,"LA","West South Central","South","NATCHITOCHES","County","Non-MSA counties from 10,000 thru 24,999",20332,110,7,117,38,20,58,148,27,175,8.61,"NATCHITOCHES PARISH SHERIFF'S OFFICE              ","Natchitoches Parish Sheriff's Office"
"1349",2014,"LA0090100","Shreveport",NA,"LA","West South Central","South","BOSSIER, CADDO","City","Cities from 100,000 thru 249,999",200184,441,38,479,110,137,247,551,175,726,3.63,"SHREVEPORT POLICE DEPARTMENT                      ","Shreveport Police Department"
"1350",2014,"LA0140000","Claiborne",NA,"LA","West South Central","South","CLAIBORNE","County","Non-MSA counties from 10,000 thru 24,999",11239,22,32,54,17,30,47,39,62,101,8.99,"CLAIBORNE PARISH SHERIFF'S OFFICE                 ","Claiborne Parish Sheriff's Office"
"1351",2014,"LA0180000","East Carroll",NA,"LA","West South Central","South","EAST CARROLL","County","Non-MSA counties under 10,000",3668,14,79,93,1,73,74,15,152,167,45.53,"EAST CARROLL PARISH SHERIFF'S OFFICE              ","East Carroll Parish Sheriff's Office"
"1352",2014,"LA0440000","St. Bernard",NA,"LA","West South Central","South","ST BERNARD","County","MSA counties from 25,000 thru 99,999",45381,188,4,192,47,12,59,235,16,251,5.53,"ST. BERNARD PARISH SHERIFF'S OFFICE               ","St. Bernard Parish Sheriff's Office"
"1353",2014,"LA0170000","East Baton Rouge",NA,"LA","West South Central","South","EAST BATON ROUGE","County","MSA counties 100,000 or over",187307,562,18,580,154,102,256,716,120,836,4.46,"EAST BATON ROUGE PARISH SHERIFF'S OFFICE          ","East Baton Rouge Parish Sheriff's Office"
"1354",2014,"LA0230000","Iberia",NA,"LA","West South Central","South","IBERIA","County","MSA counties from 25,000 thru 99,999",68528,117,82,199,14,105,119,131,187,318,4.64,"IBERIA PARISH SHERIFF'S OFFICE                    ","Iberia Parish Sheriff's Office"
"1355",2014,"LA0480000","St. John the Baptist",NA,"LA","West South Central","South","ST JOHN THE BAPTIST","County","MSA counties from 25,000 thru 99,999",43325,172,1,173,73,0,73,245,1,246,5.68,"ST. JOHN THE BAPTIST PARISH SHERIFF'S OFFICE      ","St. John The Baptist Parish Sheriff's Office"
"1356",2014,"LA0560200","Bernice",NA,"LA","West South Central","South","UNION","City","Cities under 2,500",1637,4,0,4,0,0,0,4,0,4,2.44,"BERNICE POLICE DEPARTMENT                         ","Bernice Police Department"
"1357",2014,"LA0570400","Erath",NA,"LA","West South Central","South","VERMILION","City","Cities under 2,500",2113,5,0,5,1,3,4,6,3,9,4.26,"ERATH POLICE DEPARTMENT                           ","Erath Police Department"
"1358",2014,"LA0460200","Montpelier",NA,"LA","West South Central","South","ST HELENA","City","Cities under 2,500",259,1,0,1,0,0,0,1,0,1,3.86,"MONTPELIER POLICE DEPARTMENT                      ","Montpelier Police Department"
"1359",2014,"LA0170200","Baton Rouge",NA,"LA","West South Central","South","EAST BATON ROUGE","City","Cities from 100,000 thru 249,999",229387,601,17,618,61,155,216,662,172,834,3.64,"BATON ROUGE POLICE DEPARTMENT                     ","Baton Rouge Police Department"
"1360",2014,"LA0250400","Hodge",NA,"LA","West South Central","South","JACKSON","City","Cities under 2,500",462,6,1,7,0,0,0,6,1,7,15.15,"HODGE POLICE DEPT.                                ","Hodge Police Police Department"
"1361",2014,"LA0260200","Harahan",NA,"LA","West South Central","South","JEFFERSON","City","Cities from 2,500 thru 9,999",9319,16,5,21,2,3,5,18,8,26,2.79,"HARAHAN POLICE DEPARTMENT                         ","Harahan Police Department"
"1362",2014,"LA0420000","Richland",NA,"LA","West South Central","South","RICHLAND","County","Non-MSA counties from 10,000 thru 24,999",14168,49,3,52,53,13,66,102,16,118,8.33,"RICHLAND PARISH SHERIFF'S OFFICE                  ","Richland Parish Sheriff's Office"
"1363",2014,"LA0050400","Cottonport",NA,"LA","West South Central","South","AVOYELLES","City","Cities under 2,500",1957,3,0,3,0,0,0,3,0,3,1.53,"COTTONPORT POLICE DEPARTMENT                      ","Cottonport Police Department"
"1364",2014,"LA0030000","Ascension",NA,"LA","West South Central","South","ASCENSION","County","MSA counties 100,000 or over",105743,221,5,226,48,38,86,269,43,312,2.95,"ASCENSION PARISH SHERIFF'S OFFICE                 ","Ascension Parish Sheriff's Office"
"1365",2014,"LA0620000","West Carroll",NA,"LA","West South Central","South","WEST CARROLL","County","Non-MSA counties from 10,000 thru 24,999",10604,11,0,11,4,0,4,15,0,15,1.41,"WEST CARROLL PARISH SHERIFF'S OFFICE              ","West Carroll Parish Sheriff's Office"
"1366",2014,"LA0260100","Gretna",NA,"LA","West South Central","South","JEFFERSON","City","Cities from 10,000 thru 24,999",17818,88,16,104,16,18,34,104,34,138,7.74,"GRETNA POLICE DEPARTMENT                          ","Gretna Police Department"
"1367",2014,"LA0360200","Delgado Community College",NA,"LA","West South Central","South","ORLEANS","University or College","Cities under 2,500",0,22,4,26,4,8,12,26,12,38,NA,"DELGADO COMMUNITY COLLEGE POLICE                  ","Delgado Community College Police"
"1368",2014,"LA0340100","Bastrop",NA,"LA","West South Central","South","MOREHOUSE","City","Cities from 10,000 thru 24,999",10857,14,0,14,10,0,10,24,0,24,2.21,"BASTROP POLICE DEPARTMENT                         ","Bastrop Police Department"
"1369",2014,"LA0280200","Carencro",NA,"LA","West South Central","South","LAFAYETTE","City","Cities from 2,500 thru 9,999",8466,24,0,24,2,2,4,26,2,28,3.31,"CARENCRO POLICE DEPARTMENT                        ","Carencro Police Department"
"1370",2014,"LA0240200","Plaquemine",NA,"LA","West South Central","South","IBERVILLE","City","Cities from 2,500 thru 9,999",7028,18,3,21,2,6,8,20,9,29,4.13,"PLAQUEMINE POLICE DEPARTMENT                      ","Plaquemine Police Department"
"1371",2014,"LA0200100","Basile",NA,"LA","West South Central","South","ACADIA, EVANGELINE","City","Cities under 2,500",1797,7,0,7,1,6,7,8,6,14,7.79,"BASILE POLICE DEPARTMENT                          ","Basile Police Department"
"1372",2014,"LA0090300","Oil City",NA,"LA","West South Central","South","CADDO","City","Cities under 2,500",1005,3,0,3,1,0,1,4,0,4,3.98,"OIL CITY POLICE DEPARTMENT                        ","Oil City Police Department"
"1373",2014,"LA0170300","Zachary",NA,"LA","West South Central","South","EAST BATON ROUGE","City","Cities from 10,000 thru 24,999",16125,31,0,31,12,0,12,43,0,43,2.67,"ZACHARY POLICE DEPARTMENT                         ","Zachary Police Department"
"1374",2014,"LA0150100","Ferriday",NA,"LA","West South Central","South","CONCORDIA","City","Cities from 2,500 thru 9,999",3437,11,0,11,9,1,10,20,1,21,6.11,"FERRIDAY POLICE DEPARTMENT                        ","Ferriday Police Department"
"1375",2014,"LA0370900","Tensas Basin Levee District",NA,"LA","West South Central","South","OUACHITA","Other State Agency","Cities under 2,500",0,2,0,2,0,1,1,2,1,3,NA,"TENSAS BASIN LEVEE DISTRICT POLICE                ","Tensas Basin Levee District Police"
"1376",2014,"LA0430000","Sabine",NA,"LA","West South Central","South","SABINE","County","Non-MSA counties from 10,000 thru 24,999",18594,55,0,55,25,0,25,80,0,80,4.3,"SABINE PARISH SHERIFF'S OFFICE                    ","Sabine Parish Sheriff's Office"
"1377",2014,"LA0100800","McNeese State University",NA,"LA","West South Central","South","CALCASIEU","University or College","Cities under 2,500",0,7,1,8,1,5,6,8,6,14,NA,"MCNEESE STATE UNIVERSITY POLICE                   ","Mcneese State University Police"
"1378",2014,"LA0280300","Lafayette",NA,"LA","West South Central","South","LAFAYETTE","City","Cities from 100,000 thru 249,999",125122,225,5,230,26,51,77,251,56,307,2.45,"LAFAYETTE POLICE DEPARTMENT                       ","Lafayette Police Department"
"1379",2014,"LA0610000","West Baton Rouge",NA,"LA","West South Central","South","WEST BATON ROUGE","County","MSA counties from 10,000 thru 24,999",12698,109,11,120,16,41,57,125,52,177,13.94,"WEST BATON ROUGE PARISH SHERIFF'S OFFICE          ","West Baton Rouge Parish Sheriff's Office"
"1380",2014,"LA0510400","Patterson",NA,"LA","West South Central","South","ST MARY","City","Cities from 2,500 thru 9,999",6111,16,0,16,10,0,10,26,0,26,4.25,"PATTERSON POLICE DEPARTMENT                       ","Patterson Police Department"
"1381",2014,"LA0270300","Lake Arthur",NA,"LA","West South Central","South","JEFFERSON DAVIS","City","Cities from 2,500 thru 9,999",2719,0,3,3,1,0,1,1,3,4,1.47,"LAKE ARTHUR POLICE DEPARTMENT                     ","Lake Arthur Police Department"
"1382",2014,"LA0520700","Folsom",NA,"LA","West South Central","South","ST TAMMANY","City","Cities under 2,500",747,4,0,4,0,1,1,4,1,5,6.69,"FOLSOM POLICE DEPARTMENT                          ","Folsom Police Department"
"1383",2014,"LADI00600","Coushatta Tribal",NA,"LA","West South Central","South","NOT SPECIFIED","Tribal","Cities under 2,500",0,15,2,17,8,4,12,23,6,29,NA,"COUSHATTA TRIBAL POLICE DEPARTMENT                ","Coushatta Tribal Police Department"
"1384",2014,"LA0091000","Greenwood",NA,"LA","West South Central","South","CADDO","City","Cities from 2,500 thru 9,999",3220,7,0,7,3,1,4,10,1,11,3.42,"GREENWOOD POLICE DEPARTMENT                       ","Greenwood Police Department"
"1385",2014,"LA0600000","Webster",NA,"LA","West South Central","South","WEBSTER","County","MSA counties from 10,000 thru 24,999",19848,40,44,84,6,34,40,46,78,124,6.25,"WEBSTER PARISH SHERIFF'S OFFICE                   ","Webster Parish Sheriff's Office"
"1386",2014,"LA0370200","West Monroe",NA,"LA","West South Central","South","OUACHITA","City","Cities from 10,000 thru 24,999",13096,54,2,56,8,1,9,62,3,65,4.96,"WEST MONROE POLICE DEPARTMENT                     ","West Monroe Police Department"
"1387",2014,"LA0510300","Morgan City",NA,"LA","West South Central","South","ST MARY","City","Cities from 10,000 thru 24,999",12020,28,4,32,4,12,16,32,16,48,3.99,"MORGAN CITY POLICE DEPARTMENT                     ","Morgan City Police Department"
"1388",2014,"LA0400000","Rapides",NA,"LA","West South Central","South","RAPIDES","County","MSA counties from 25,000 thru 99,999",61503,377,0,377,121,0,121,498,0,498,8.1,"RAPIDES PARISH SHERIFF'S OFFICE                   ","Rapides Parish Sheriff's Office"
"1389",2014,"LA0430100","Many",NA,"LA","West South Central","South","SABINE","City","Cities from 2,500 thru 9,999",2806,7,1,8,2,0,2,9,1,10,3.56,"MANY POLICE DEPARTMENT                            ","Many Police Department"
"1390",2014,"LA0080500","Louisiana State University:","Health Sciences Center, Shreveport","LA","West South Central","South","BOSSIER","University or College","Cities under 2,500",0,25,3,28,6,10,16,31,13,44,NA,"LOUISIANA STATE UNIVERSITY HEALTH SCIENCES CENTER ","Louisiana State University Health Sciences Center"
"1391",2014,"LA0570000","Vermilion",NA,"LA","West South Central","South","VERMILION","County","MSA counties from 25,000 thru 99,999",40367,91,0,91,12,22,34,103,22,125,3.1,"VERMILION PARISH SHERIFF'S OFFICE                 ","Vermilion Parish Sheriff's Office"
"1392",2014,"LA0620100","Oak Grove",NA,"LA","West South Central","South","WEST CARROLL","City","Cities under 2,500",1693,6,0,6,0,0,0,6,0,6,3.54,"OAK GROVE POLICE DEPARTMENT                       ","Oak Grove Police Department"
"1393",2014,"LA0530800","Tickfaw",NA,"LA","West South Central","South","TANGIPAHOA","City","Cities under 2,500",730,7,0,7,0,0,0,7,0,7,9.59,"TICKFAW POLICE DEPARTMENT                         ","Tickfaw Police Department"
"1394",2014,"LA0570100","Abbeville",NA,"LA","West South Central","South","VERMILION","City","Cities from 10,000 thru 24,999",12489,26,1,27,5,1,6,31,2,33,2.64,"ABBEVILLE POLICE DEPARTMENT                       ","Abbeville Police Department"
"1395",2014,"LA0640100","Winnfield",NA,"LA","West South Central","South","WINN","City","Cities from 2,500 thru 9,999",4615,13,2,15,1,6,7,14,8,22,4.77,"WINNFIELD POLICE DEPT                             ","Winnfield Police Police Department"
"1396",2014,"LA0300200","Olla",NA,"LA","West South Central","South","LA SALLE","City","Cities under 2,500",1378,1,0,1,0,1,1,1,1,2,1.45,"OLLA POLICE DEPARTMENT                            ","Olla Police Department"
"1397",2014,"LA0350100","Natchitoches",NA,"LA","West South Central","South","NATCHITOCHES","City","Cities from 10,000 thru 24,999",18248,46,1,47,6,14,20,52,15,67,3.67,"NATCHITOCHES POLICE DEPARTMENT                    ","Natchitoches Police Department"
"1398",2014,"LA0530100","Hammond",NA,"LA","West South Central","South","TANGIPAHOA","City","Cities from 10,000 thru 24,999",20416,70,11,81,7,15,22,77,26,103,5.05,"HAMMOND POLICE DEPARTMENT                         ","Hammond Police Department"
"1399",2014,"LA0580100","Leesville",NA,"LA","West South Central","South","VERNON","City","Cities from 2,500 thru 9,999",6632,14,2,16,9,2,11,23,4,27,4.07,"LEESVILLE POLICE DEPARTMENT                       ","Leesville Police Department"
"1400",2014,"LA0100300","Sulphur",NA,"LA","West South Central","South","CALCASIEU","City","Cities from 10,000 thru 24,999",20084,40,8,48,0,15,15,40,23,63,3.14,"SULPHUR POLICE DEPARTMENT                         ","Sulphur Police Department"
"1401",2014,"LA0490000","St. Landry",NA,"LA","West South Central","South","ST LANDRY","County","Non-MSA counties from 25,000 thru 99,999",50005,82,49,131,12,75,87,94,124,218,4.36,"ST. LANDRY PARISH SHERIFF'S OFFICE                ","St. Landry Parish Sheriff's Office"
"1402",2014,"LA0290100","Golden Meadow",NA,"LA","West South Central","South","LAFOURCHE","City","Cities under 2,500",2064,5,0,5,0,0,0,5,0,5,2.42,"GOLDEN MEADOW POLICE DEPARTMENT                   ","Golden Meadow Police Department"
"1403",2014,"LA0520300","Mandeville",NA,"LA","West South Central","South","ST TAMMANY","City","Cities from 10,000 thru 24,999",12251,31,3,34,4,9,13,35,12,47,3.84,"MANDEVILLE POLICE DEPARTMENT                      ","Mandeville Police Department"
"1404",2014,"LA0160100","Mansfield",NA,"LA","West South Central","South","DE SOTO","City","Cities from 2,500 thru 9,999",5061,12,0,12,3,4,7,15,4,19,3.75,"MANSFIELD POLICE DEPARTMENT                       ","Mansfield Police Department"
"1405",2014,"LA036209E","Tulane University",NA,"LA","West South Central","South","ORLEANS","University or College","Cities under 2,500",0,72,18,90,10,17,27,82,35,117,NA,NA,"Tulane University"
"1406",2014,"LA0500100","Breaux Bridge",NA,"LA","West South Central","South","ST MARTIN","City","Cities from 2,500 thru 9,999",8305,13,0,13,5,5,10,18,5,23,2.77,"BREAUX BRIDGE POLICE DEPARTMENT                   ","Breaux Bridge Police Department"
"1407",2014,"LA0010100","Crowley",NA,"LA","West South Central","South","ACADIA","City","Cities from 10,000 thru 24,999",13206,32,0,32,3,7,10,35,7,42,3.18,"CROWLEY POLICE DEPARTMENT                         ","Crowley Police Department"
"1408",2014,"LA0520200","Slidell",NA,"LA","West South Central","South","ST TAMMANY","City","Cities from 25,000 thru 49,999",27624,71,6,77,6,18,24,77,24,101,3.66,"SLIDELL POLICE DEPARTMENT                         ","Slidell Police Department"
"1409",2014,"LA0430500","Florien",NA,"LA","West South Central","South","SABINE","City","Cities under 2,500",636,2,0,2,0,0,0,2,0,2,3.14,"FLORIEN POLICE DEPARTMENT                         ","Florien Police Department"
"1410",2014,"LA0320300","Walker",NA,"LA","West South Central","South","LIVINGSTON","City","Cities from 2,500 thru 9,999",6187,18,0,18,1,4,5,19,4,23,3.72,"WALKER POLICE DEPARTMENT                          ","Walker Police Department"
"1411",2014,"LA0090000","Caddo",NA,"LA","West South Central","South","CADDO","County","MSA counties from 25,000 thru 99,999",46370,368,35,403,95,184,279,463,219,682,14.71,"CADDO PARISH SHERIFF'S OFFICE                     ","Caddo Parish Sheriff's Office"
"1412",2014,"LA0060100","De Ridder",NA,"LA","West South Central","South","BEAUREGARD, VERNON","City","Cities from 10,000 thru 24,999",10830,21,0,21,3,4,7,24,4,28,2.59,"DERIDDER POLICE DEPARTMENT                        ","Deridder Police Department"
"1413",2014,"LA0010200","Rayne",NA,"LA","West South Central","South","ACADIA","City","Cities from 2,500 thru 9,999",8048,17,0,17,4,0,4,21,0,21,2.61,"RAYNE POLICE DEPARTMENT                           ","Rayne Police Department"
"1414",2014,"LA0050600","Moreauville",NA,"LA","West South Central","South","AVOYELLES","City","Cities under 2,500",908,1,0,1,0,0,0,1,0,1,1.1,"MOREAUVILLE POLICE DEPARTMENT                     ","Moreauville Police Department"
"1415",2014,"LA0560400","Marion",NA,"LA","West South Central","South","UNION","City","Cities under 2,500",750,2,0,2,0,0,0,2,0,2,2.67,"MARION POLICE DEPARTMENT                          ","Marion Police Department"
"1416",2014,"LADI00500","Tunica-Biloxi Tribal",NA,"LA","West South Central","South","NOT SPECIFIED","Tribal","Cities under 2,500",0,13,3,16,0,1,1,13,4,17,NA,"TUNICA-BILOXI TRIBAL POLICE DEPARTMENT            ","Tunica-Biloxi Tribal Police Department"
"1417",2014,"LA0560100","Farmerville",NA,"LA","West South Central","South","UNION","City","Cities from 2,500 thru 9,999",3802,9,0,9,4,0,4,13,0,13,3.42,"FARMERVILLE POLICE DEPARTMENT                     ","Farmerville Police Department"
"1418",2014,"LA0600200","Springhill",NA,"LA","West South Central","South","WEBSTER","City","Cities from 2,500 thru 9,999",5200,15,0,15,2,2,4,17,2,19,3.65,"SPRINGHILL POLICE DEPARTMENT                      ","Springhill Police Department"
"1419",2014,"LA0380000","Plaquemines",NA,"LA","West South Central","South","PLAQUEMINES","County","MSA counties from 10,000 thru 24,999",23676,134,0,134,62,0,62,196,0,196,8.28,"PLAQUEMINES PARISH SHERIFF'S OFFICE               ","Plaquemines Parish Sheriff's Office"
"1420",2014,"LA0100000","Calcasieu",NA,"LA","West South Central","South","CALCASIEU","County","MSA counties from 25,000 thru 99,999",87288,365,211,576,160,113,273,525,324,849,9.73,"CALCASIEU PARISH SHERIFF'S OFFICE                 ","Calcasieu Parish Sheriff's Office"
"1421",2014,"LA0090800","Ida",NA,"LA","West South Central","South","CADDO","City","Cities under 2,500",220,1,0,1,0,0,0,1,0,1,4.55,"IDA POLICE DEPARTMENT                             ","Ida Police Department"
"1422",2014,"LA0550100","Houma",NA,"LA","West South Central","South","TERREBONNE","City","Cities from 25,000 thru 49,999",34129,71,1,72,10,15,25,81,16,97,2.84,"HOUMA POLICE DEPARTMENT                           ","Houma Police Department"
"1423",2014,"LA0230200","Jeanerette",NA,"LA","West South Central","South","IBERIA","City","Cities from 2,500 thru 9,999",5554,3,0,3,4,5,9,7,5,12,2.16,"JEANERETTE POLICE DEPARTMENT                      ","Jeanerette Police Department"
"1424",2014,"LA0190100","Clinton",NA,"LA","West South Central","South","EAST FELICIANA","City","Cities under 2,500",1585,7,8,15,2,0,2,9,8,17,10.73,"CLINTON POLICE DEPT.                              ","Clinton Police Police Department"
"1425",2014,"LA0240000","Iberville",NA,"LA","West South Central","South","IBERVILLE","County","MSA counties from 10,000 thru 24,999",17563,68,27,95,4,42,46,72,69,141,8.03,"IBERVILLE PARISH SHERIFF'S OFFICE                 ","Iberville Parish Sheriff's Office"
"1426",2014,"LA0320100","Denham Springs",NA,"LA","West South Central","South","LIVINGSTON","City","Cities from 10,000 thru 24,999",10131,31,1,32,1,7,8,32,8,40,3.95,"DENHAM SPRINGS POLICE DEPARTMENT                  ","Denham Springs Police Department"
"1427",2013,"LA0560200","Bernice",NA,"LA","West South Central","South","UNION","City","Cities under 2,500",1644,5,0,5,0,0,0,5,0,5,3.04,"BERNICE POLICE DEPARTMENT                         ","Bernice Police Department"
"1428",2013,"LA0090000","Caddo",NA,"LA","West South Central","South","CADDO","County","MSA counties from 25,000 thru 99,999",47371,352,46,398,87,184,271,439,230,669,14.12,"CADDO PARISH SHERIFF'S OFFICE                     ","Caddo Parish Sheriff's Office"
"1429",2013,"LA0100000","Calcasieu",NA,"LA","West South Central","South","CALCASIEU","County","MSA counties from 25,000 thru 99,999",87015,461,104,565,139,128,267,600,232,832,9.56,"CALCASIEU PARISH SHERIFF'S OFFICE                 ","Calcasieu Parish Sheriff's Office"
"1430",2013,"LA0450000","St. Charles",NA,"LA","West South Central","South","ST CHARLES","County","MSA counties from 25,000 thru 99,999",52663,221,11,232,48,104,152,269,115,384,7.29,"ST. CHARLES PARISH SHERIFF'S OFFICE               ","St. Charles Parish Sheriff's Office"
"1431",2013,"LA0510400","Patterson",NA,"LA","West South Central","South","ST MARY","City","Cities from 2,500 thru 9,999",6079,20,0,20,10,0,10,30,0,30,4.94,"PATTERSON POLICE DEPARTMENT                       ","Patterson Police Department"
"1432",2013,"LA0260100","Gretna",NA,"LA","West South Central","South","JEFFERSON","City","Cities from 10,000 thru 24,999",17760,81,29,110,14,18,32,95,47,142,8,"GRETNA POLICE DEPARTMENT                          ","Gretna Police Department"
"1433",2013,"LA0360200","Delgado Community College",NA,"LA","West South Central","South","ORLEANS","University or College","Cities under 2,500",0,23,4,27,4,10,14,27,14,41,NA,"DELGADO COMMUNITY COLLEGE POLICE                  ","Delgado Community College Police"
"1434",2013,"LA0080500","Louisiana State University:","Health Sciences Center, Shreveport","LA","West South Central","South","BOSSIER","University or College","Cities under 2,500",0,25,3,28,5,10,15,30,13,43,NA,"LOUISIANA STATE UNIVERSITY HEALTH SCIENCES CENTER ","Louisiana State University Health Sciences Center"
"1435",2013,"LALSP0000","State Police",NA,"LA","West South Central","South","UNMAPPED COUNTY","State Police","Non-MSA counties under 10,000",0,1095,179,1274,69,379,448,1164,558,1722,NA,"LOUISIANA STATE POLICE                            ","Louisiana State Police"
"1436",2013,"LA0100500","Westlake",NA,"LA","West South Central","South","CALCASIEU","City","Cities from 2,500 thru 9,999",4571,15,0,15,6,0,6,21,0,21,4.59,"WESTLAKE POLICE DEPARTMENT                        ","Westlake Police Department"
"1437",2013,"LA0380000","Plaquemines",NA,"LA","West South Central","South","PLAQUEMINES","County","MSA counties from 10,000 thru 24,999",24215,128,0,128,58,0,58,186,0,186,7.68,"PLAQUEMINES PARISH SHERIFF'S OFFICE               ","Plaquemines Parish Sheriff's Office"
"1438",2013,"LA0100400","Vinton",NA,"LA","West South Central","South","CALCASIEU","City","Cities from 2,500 thru 9,999",3191,7,0,7,0,4,4,7,4,11,3.45,"VINTON POLICE DEPARTMENT                          ","Vinton Police Department"
"1439",2013,"LA0470000","St. James",NA,"LA","West South Central","South","ST JAMES","County","MSA counties from 10,000 thru 24,999",14772,61,7,68,16,17,33,77,24,101,6.84,"ST. JAMES PARISH SHERIFF'S OFFICE                 ","St. James Parish Sheriff's Office"
"1440",2013,"LA0091000","Greenwood",NA,"LA","West South Central","South","CADDO","City","Cities from 2,500 thru 9,999",3268,7,0,7,3,1,4,10,1,11,3.37,"GREENWOOD POLICE DEPARTMENT                       ","Greenwood Police Department"
"1441",2013,"LA0270300","Lake Arthur",NA,"LA","West South Central","South","JEFFERSON DAVIS","City","Cities from 2,500 thru 9,999",2728,5,0,5,1,4,5,6,4,10,3.67,"LAKE ARTHUR POLICE DEPARTMENT                     ","Lake Arthur Police Department"
"1442",2013,"LA0320000","Livingston",NA,"LA","West South Central","South","LIVINGSTON","County","MSA counties 100,000 or over",113316,165,0,165,87,0,87,252,0,252,2.22,"LIVINGSTON PARISH SHERIFF'S OFFICE                ","Livingston Parish Sheriff's Office"
"1443",2013,"LA0460000","St. Helena",NA,"LA","West South Central","South","ST HELENA","County","MSA counties from 10,000 thru 24,999",10075,26,8,34,5,12,17,31,20,51,5.06,"ST. HELENA PARISH SHERIFF'S OFFICE                ","St. Helena Parish Sheriff's Office"
"1444",2013,"LA036209E","Tulane University",NA,"LA","West South Central","South","ORLEANS","University or College","Cities under 2,500",0,72,21,93,10,22,32,82,43,125,NA,NA,"Tulane University"
"1445",2013,"LA0390000","Pointe Coupee",NA,"LA","West South Central","South","POINTE COUPEE","County","MSA counties from 10,000 thru 24,999",16503,128,0,128,58,0,58,186,0,186,11.27,"POINTE COUPEE PARISH SHERIFF'S OFFICE             ","Pointe Coupee Parish Sheriff's Office"
"1446",2013,"LA0260000","Jefferson",NA,"LA","West South Central","South","JEFFERSON","County","MSA counties 100,000 or over",331924,733,134,867,246,310,556,979,444,1423,4.29,"JEFFERSON PARISH SHERIFF'S OFFICE                 ","Jefferson Parish Sheriff's Office"
"1447",2013,"LA0390300","Livonia",NA,"LA","West South Central","South","POINTE COUPEE","City","Cities under 2,500",1439,7,0,7,2,0,2,9,0,9,6.25,"LIVONIA POLICE DEPARTMENT                         ","Livonia Police Department"
"1448",2013,"LA0100100","De Quincy",NA,"LA","West South Central","South","CALCASIEU","City","Cities from 2,500 thru 9,999",3165,9,0,9,2,0,2,11,0,11,3.48,"DEQUINCY POLICE DEPARTMENT                        ","Dequincy Police Department"
"1449",2013,"LANPD0000","New Orleans",NA,"LA","West South Central","South","ORLEANS","City","Cities from 250,000 thru 499,999",377022,967,38,1005,243,194,437,1210,232,1442,3.82,"NEW ORLEANS POLICE DEPARTMENT                     ","New Orleans Police Department"
"1450",2013,"LA0520000","St. Tammany",NA,"LA","West South Central","South","ST TAMMANY","County","MSA counties 100,000 or over",189239,373,91,464,69,177,246,442,268,710,3.75,"ST. TAMMANY PARISH SHERIFF'S OFFICE               ","St. Tammany Parish Sheriff's Office"
"1451",2013,"LA0030000","Ascension",NA,"LA","West South Central","South","ASCENSION","County","MSA counties 100,000 or over",103601,214,4,218,45,37,82,259,41,300,2.9,"ASCENSION PARISH SHERIFF'S OFFICE                 ","Ascension Parish Sheriff's Office"
"1452",2013,"LA0140000","Claiborne",NA,"LA","West South Central","South","CLAIBORNE","County","Non-MSA counties from 10,000 thru 24,999",11384,20,34,54,18,27,45,38,61,99,8.7,"CLAIBORNE PARISH SHERIFF'S OFFICE                 ","Claiborne Parish Sheriff's Office"
"1453",2013,"LA0090400","Blanchard",NA,"LA","West South Central","South","CADDO","City","Cities from 2,500 thru 9,999",2922,5,0,5,0,1,1,5,1,6,2.05,"BLANCHARD POLICE DEPARTMENT                       ","Blanchard Police Department"
"1454",2013,"LA0080000","Bossier",NA,"LA","West South Central","South","BOSSIER","County","MSA counties from 25,000 thru 99,999",52095,271,18,289,47,41,88,318,59,377,7.24,"BOSSIER PARISH SHERIFF'S OFFICE                   ","Bossier Parish Sheriff's Office"
"1455",2013,"LA0190100","Clinton",NA,"LA","West South Central","South","EAST FELICIANA","City","Cities under 2,500",1619,7,7,14,0,2,2,7,9,16,9.88,"CLINTON POLICE DEPT.                              ","Clinton Police Police Department"
"1456",2013,"LA0320300","Walker",NA,"LA","West South Central","South","LIVINGSTON","City","Cities from 2,500 thru 9,999",6172,17,0,17,1,4,5,18,4,22,3.56,"WALKER POLICE DEPARTMENT                          ","Walker Police Department"
"1457",2013,"LA0520300","Mandeville",NA,"LA","West South Central","South","ST TAMMANY","City","Cities from 10,000 thru 24,999",12162,29,4,33,3,9,12,32,13,45,3.7,"MANDEVILLE POLICE DEPARTMENT                      ","Mandeville Police Department"
"1458",2013,"LA0320100","Denham Springs",NA,"LA","West South Central","South","LIVINGSTON","City","Cities from 10,000 thru 24,999",10102,33,1,34,0,7,7,33,8,41,4.06,"DENHAM SPRINGS POLICE DEPARTMENT                  ","Denham Springs Police Department"
"1459",2013,"LA0550100","Houma",NA,"LA","West South Central","South","TERREBONNE","City","Cities from 25,000 thru 49,999",33717,68,2,70,10,12,22,78,14,92,2.73,"HOUMA POLICE DEPARTMENT                           ","Houma Police Department"
"1460",2013,"LA0030200","Gonzales",NA,"LA","West South Central","South","ASCENSION","City","Cities from 10,000 thru 24,999",10301,38,0,38,1,3,4,39,3,42,4.08,"GONZALES POLICE DEPARTMENT                        ","Gonzales Police Department"
"1461",2013,"LA0270000","Jefferson Davis",NA,"LA","West South Central","South","JEFFERSON DAVIS","County","Non-MSA counties from 10,000 thru 24,999",14122,50,0,50,7,14,21,57,14,71,5.03,"JEFFERSON DAVIS PARISH SHERIFF'S OFFICE           ","Jefferson Davis Parish Sheriff's Office"
"1462",2013,"LA0330000","Madison",NA,"LA","West South Central","South","MADISON","County","Non-MSA counties under 10,000",4565,60,0,60,18,0,18,78,0,78,17.09,"MADISON PARISH SHERIFF'S OFFICE                   ","Madison Parish Sheriff's Office"
"1463",2013,"LA0120000","Cameron",NA,"LA","West South Central","South","CAMERON","County","MSA counties under 10,000",6675,60,1,61,3,7,10,63,8,71,10.64,"CAMERON PARISH SHERIFF'S OFFICE                   ","Cameron Parish Sheriff's Office"
"1464",2013,"LA0360300","University of New Orleans",NA,"LA","West South Central","South","ORLEANS","University or College","Cities under 2,500",0,24,0,24,3,0,3,27,0,27,NA,"UNIVERSITY OF NEW ORLEANS POLICE DEPT.            ","University Of New Orleans Police Police Department"
"1465",2013,"LA0100800","McNeese State University",NA,"LA","West South Central","South","CALCASIEU","University or College","Cities under 2,500",0,8,1,9,0,4,4,8,5,13,NA,"MCNEESE STATE UNIVERSITY POLICE                   ","Mcneese State University Police"
"1466",2013,"LA0260400","Westwego",NA,"LA","West South Central","South","JEFFERSON","City","Cities from 2,500 thru 9,999",8521,32,1,33,6,1,7,38,2,40,4.69,"WESTWEGO POLICE DEPARTMENT                        ","Westwego Police Department"
"1467",2013,"LA0170400","Louisiana State University:","Baton Rouge","LA","West South Central","South","EAST BATON ROUGE","University or College","Cities under 2,500",0,54,5,59,5,5,10,59,10,69,NA,"LOUISIANA STATE UNIVERSITY POLICE DEPARTMENT      ","Louisiana State University Police Department"
"1468",2013,"LA0230000","Iberia",NA,"LA","West South Central","South","IBERIA","County","MSA counties from 25,000 thru 99,999",68725,158,24,182,56,64,120,214,88,302,4.39,"IBERIA PARISH SHERIFF'S OFFICE                    ","Iberia Parish Sheriff's Office"
"1469",2013,"LA0310200","Ruston",NA,"LA","West South Central","South","LINCOLN","City","Cities from 10,000 thru 24,999",21969,36,1,37,3,11,14,39,12,51,2.32,"RUSTON POLICE DEPARTMENT                          ","Ruston Police Department"
"1470",2013,"LA0050000","Avoyelles",NA,"LA","West South Central","South","AVOYELLES","County","Non-MSA counties from 25,000 thru 99,999",26770,72,0,72,86,0,86,158,0,158,5.9,"AVOYELLES PARISH SHERIFF'S OFFICE                 ","Avoyelles Parish Sheriff's Office"
"1471",2013,"LA0260300","Kenner",NA,"LA","West South Central","South","JEFFERSON","City","Cities from 50,000 thru 99,999",66854,156,25,181,21,38,59,177,63,240,3.59,"KENNER POLICE DEPARTMENT                          ","Kenner Police Department"
"1472",2013,"LA0630000","West Feliciana",NA,"LA","West South Central","South","WEST FELICIANA","County","MSA counties from 10,000 thru 24,999",13665,45,0,45,27,0,27,72,0,72,5.27,"WEST FELICIANA PARISH SHERIFF'S OFFICE            ","West Feliciana Parish Sheriff's Office"
"1473",2013,"LA0220200","Montgomery",NA,"LA","West South Central","South","GRANT","City","Cities under 2,500",706,1,0,1,0,0,0,1,0,1,1.42,"MONTGOMERY POLICE DEPARTMENT                      ","Montgomery Police Department"
"1474",2013,"LA0040000","Assumption",NA,"LA","West South Central","South","ASSUMPTION","County","Non-MSA counties from 10,000 thru 24,999",22289,39,18,57,23,24,47,62,42,104,4.67,"ASSUMPTION PARISH SHERIFF'S OFFICE                ","Assumption Parish Sheriff's Office"
"1475",2013,"LA0590100","Bogalusa",NA,"LA","West South Central","South","WASHINGTON","City","Cities from 10,000 thru 24,999",11998,32,6,38,3,14,17,35,20,55,4.58,"BOGALUSA POLICE DEPARTMENT                        ","Bogalusa Police Department"
"1476",2013,"LA0170300","Zachary",NA,"LA","West South Central","South","EAST BATON ROUGE","City","Cities from 10,000 thru 24,999",15749,30,0,30,13,1,14,43,1,44,2.79,"ZACHARY POLICE DEPARTMENT                         ","Zachary Police Department"
"1477",2013,"LA0200100","Basile",NA,"LA","West South Central","South","ACADIA, EVANGELINE","City","Cities under 2,500",1802,6,0,6,2,5,7,8,5,13,7.21,"BASILE POLICE DEPARTMENT                          ","Basile Police Department"
"1478",2013,"LA0530100","Hammond",NA,"LA","West South Central","South","TANGIPAHOA","City","Cities from 10,000 thru 24,999",20162,74,12,86,7,14,21,81,26,107,5.31,"HAMMOND POLICE DEPARTMENT                         ","Hammond Police Department"
"1479",2013,"LA0300200","Olla",NA,"LA","West South Central","South","LA SALLE","City","Cities under 2,500",1392,3,0,3,0,0,0,3,0,3,2.16,"OLLA POLICE DEPARTMENT                            ","Olla Police Department"
"1480",2013,"LA0430000","Sabine",NA,"LA","West South Central","South","SABINE","County","Non-MSA counties from 10,000 thru 24,999",18709,7,1,8,3,0,3,10,1,11,0.59,"SABINE PARISH SHERIFF'S OFFICE                    ","Sabine Parish Sheriff's Office"
"1481",2012,"LA0340000","Morehouse",NA,"LA","West South Central","South","MOREHOUSE","County","Non-MSA counties from 10,000 thru 24,999",16491,96,0,96,50,0,50,146,0,146,8.85,"MOREHOUSE PARISH SHERIFF'S OFFICE                 ","Morehouse Parish Sheriff's Office"
"1482",2012,"LA0360300","University of New Orleans",NA,"LA","West South Central","South","ORLEANS","University or College","Cities under 2,500",0,24,0,24,3,0,3,27,0,27,NA,"UNIVERSITY OF NEW ORLEANS POLICE DEPT.            ","University Of New Orleans Police Police Department"
"1483",2012,"LA0120000","Cameron",NA,"LA","West South Central","South","CAMERON","County","MSA counties under 10,000",6770,50,3,53,11,7,18,61,10,71,10.49,"CAMERON PARISH SHERIFF'S OFFICE                   ","Cameron Parish Sheriff's Office"
"1484",2012,"LA0290000","Lafourche",NA,"LA","West South Central","South","LAFOURCHE","County","MSA counties from 25,000 thru 99,999",80416,173,19,192,84,40,124,257,59,316,3.93,"LAFOURCHE PARISH SHERIFF'S OFFICE                 ","Lafourche Parish Sheriff's Office"
"1485",2012,"LA0280100","Broussard",NA,"LA","West South Central","South","LAFAYETTE, ST MARTIN","City","Cities from 2,500 thru 9,999",8351,26,0,26,0,4,4,26,4,30,3.59,"BROUSSARD POLICE DEPARTMENT                       ","Broussard Police Department"
"1486",2012,"LA0160800","Stonewall",NA,"LA","West South Central","South","DE SOTO","City","Cities under 2,500",1836,3,0,3,0,0,0,3,0,3,1.63,"STONEWALL POLICE DEPARTMENT                       ","Stonewall Police Department"
"1487",2012,"LA0400200","Pineville",NA,"LA","West South Central","South","RAPIDES","City","Cities from 10,000 thru 24,999",14721,53,1,54,5,8,13,58,9,67,4.55,"PINEVILLE POLICE DEPARTMENT                       ","Pineville Police Department"
"1488",2012,"LA0510600","Chitimacha Tribal",NA,"LA","West South Central","South","NOT SPECIFIED","Tribal","Cities under 2,500",0,7,0,7,7,0,7,14,0,14,NA,"CHITIMACHA TRIBAL POLICE DEPARTMENT               ","Chitimacha Tribal Police Department"
"1489",2012,"LA0530900","Southeastern Louisiana University",NA,"LA","West South Central","South","TANGIPAHOA","University or College","Cities under 2,500",0,22,1,23,2,4,6,24,5,29,NA,"SOUTHEASTERN LOUISIANA UNIVERSITY POLICE          ","Southeastern Louisiana University Police"
"1490",2012,"LA0510100","Berwick",NA,"LA","West South Central","South","ST MARY","City","Cities from 2,500 thru 9,999",4934,10,0,10,2,1,3,12,1,13,2.63,"BERWICK POLICE DEPARTMENT                         ","Berwick Police Department"
"1491",2012,"LA0270200","Jennings",NA,"LA","West South Central","South","JEFFERSON DAVIS","City","Cities from 10,000 thru 24,999",10477,27,0,27,10,2,12,37,2,39,3.72,"JENNINGS POLICE DEPARTMENT                        ","Jennings Police Department"
"1492",2012,"LA0450000","St. Charles",NA,"LA","West South Central","South","ST CHARLES","County","MSA counties from 25,000 thru 99,999",52828,222,9,231,43,95,138,265,104,369,6.98,"ST. CHARLES PARISH SHERIFF'S OFFICE               ","St. Charles Parish Sheriff's Office"
"1493",2012,"LA0100400","Vinton",NA,"LA","West South Central","South","CALCASIEU","City","Cities from 2,500 thru 9,999",3254,8,0,8,0,4,4,8,4,12,3.69,"VINTON POLICE DEPARTMENT                          ","Vinton Police Department"
"1494",2012,"LA0300100","Jena",NA,"LA","West South Central","South","LA SALLE","City","Cities from 2,500 thru 9,999",3439,6,0,6,0,1,1,6,1,7,2.04,"JENA POLICE DEPARTMENT                            ","Jena Police Department"
"1495",2012,"LA0030300","Sorrento",NA,"LA","West South Central","South","ASCENSION","City","Cities under 2,500",1445,3,0,3,1,1,2,4,1,5,3.46,"SORRENTO POLICE DEPARTMENT                        ","Sorrento Police Department"
"1496",2012,"LA0290500","Thibodaux",NA,"LA","West South Central","South","LAFOURCHE","City","Cities from 10,000 thru 24,999",14701,50,5,55,14,8,22,64,13,77,5.24,"THIBODAUX POLICE DEPARTMENT                       ","Thibodaux Police Department"
"1497",2012,"LA0320700","French Settlement",NA,"LA","West South Central","South","LIVINGSTON","City","Cities under 2,500",1142,2,0,2,0,0,0,2,0,2,1.75,"FRENCH SETTLEMENT POLICE DEPARTMENT               ","French Settlement Police Department"
"1498",2012,"LA0320300","Walker",NA,"LA","West South Central","South","LIVINGSTON","City","Cities from 2,500 thru 9,999",6279,16,0,16,1,4,5,17,4,21,3.34,"WALKER POLICE DEPARTMENT                          ","Walker Police Department"
"1499",2012,"LA0350400","Clarence",NA,"LA","West South Central","South","NATCHITOCHES","City","Cities under 2,500",501,3,0,3,0,1,1,3,1,4,7.98,"CLARENCE POLICE DEPARTMENT                        ","Clarence Police Department"
"1500",2012,"LA0310200","Ruston",NA,"LA","West South Central","South","LINCOLN","City","Cities from 10,000 thru 24,999",22046,39,2,41,2,12,14,41,14,55,2.49,"RUSTON POLICE DEPARTMENT                          ","Ruston Police Department"
"1501",2012,"LA0400100","Alexandria",NA,"LA","West South Central","South","RAPIDES","City","Cities from 25,000 thru 49,999",48449,142,2,144,16,30,46,158,32,190,3.92,"ALEXANDRIA POLICE DEPARTMENT                      ","Alexandria Police Department"
"1502",2012,"LA0620100","Oak Grove",NA,"LA","West South Central","South","WEST CARROLL","City","Cities under 2,500",1732,6,0,6,0,0,0,6,0,6,3.46,"OAK GROVE POLICE DEPARTMENT                       ","Oak Grove Police Department"
"1503",2012,"LA0530800","Tickfaw",NA,"LA","West South Central","South","TANGIPAHOA","City","Cities under 2,500",707,8,0,8,1,0,1,9,0,9,12.73,"TICKFAW POLICE DEPARTMENT                         ","Tickfaw Police Department"
"1504",2012,"LA0260100","Gretna",NA,"LA","West South Central","South","JEFFERSON","City","Cities from 10,000 thru 24,999",17844,90,6,96,11,22,33,101,28,129,7.23,"GRETNA POLICE DEPARTMENT                          ","Gretna Police Department"
"1505",2012,"LA0360200","Delgado Community College",NA,"LA","West South Central","South","ORLEANS","University or College","Cities under 2,500",0,23,3,26,4,7,11,27,10,37,NA,"DELGADO COMMUNITY COLLEGE POLICE                  ","Delgado Community College Police"
"1506",2012,"LALSP0000","State Police",NA,"LA","West South Central","South","UNMAPPED COUNTY","State Police","Non-MSA counties under 10,000",0,1066,141,1207,58,365,423,1124,506,1630,NA,"LOUISIANA STATE POLICE                            ","Louisiana State Police"
"1507",2012,"LA0510200","Franklin",NA,"LA","West South Central","South","ST MARY","City","Cities from 2,500 thru 9,999",7645,8,0,8,12,1,13,20,1,21,2.75,"FRANKLIN POLICE DEPARTMENT                        ","Franklin Police Department"
"1508",2012,"LA0260400","Westwego",NA,"LA","West South Central","South","JEFFERSON","City","Cities from 2,500 thru 9,999",8586,33,1,34,5,1,6,38,2,40,4.66,"WESTWEGO POLICE DEPARTMENT                        ","Westwego Police Department"
"1509",2012,"LA0080600","Louisiana State University:","Shreveport","LA","West South Central","South","BOSSIER","University or College","Cities under 2,500",0,28,2,30,7,10,17,35,12,47,NA,"LOUISIANA STATE UNIVERSITY - SHREVEPORT POLICE    ","Louisiana State University - Shreveport Police"
"1510",2012,"LA0230000","Iberia",NA,"LA","West South Central","South","IBERIA","County","MSA counties from 25,000 thru 99,999",68259,149,41,190,44,78,122,193,119,312,4.57,"IBERIA PARISH SHERIFF'S OFFICE                    ","Iberia Parish Sheriff's Office"
"1511",2012,"LA0180000","East Carroll",NA,"LA","West South Central","South","EAST CARROLL","County","Non-MSA counties under 10,000",3738,12,62,74,0,64,64,12,126,138,36.92,"EAST CARROLL PARISH SHERIFF'S OFFICE              ","East Carroll Parish Sheriff's Office"
"1512",2012,"LA0170000","East Baton Rouge",NA,"LA","West South Central","South","EAST BATON ROUGE","County","MSA counties 100,000 or over",183440,553,10,563,176,101,277,729,111,840,4.58,"EAST BATON ROUGE PARISH SHERIFF'S OFFICE          ","East Baton Rouge Parish Sheriff's Office"
"1513",2012,"LA0440000","St. Bernard",NA,"LA","West South Central","South","ST BERNARD","County","MSA counties from 25,000 thru 99,999",39792,174,9,183,24,31,55,198,40,238,5.98,"ST. BERNARD PARISH SHERIFF'S OFFICE               ","St. Bernard Parish Sheriff's Office"
"1514",2012,"LA0320500","Springfield",NA,"LA","West South Central","South","LIVINGSTON","City","Cities under 2,500",498,6,0,6,0,0,0,6,0,6,12.05,"SPRINGFIELD POLICE DEPARTMENT                     ","Springfield Police Department"
"1515",2012,"LA0550100","Houma",NA,"LA","West South Central","South","TERREBONNE","City","Cities from 25,000 thru 49,999",33945,71,2,73,10,13,23,81,15,96,2.83,"HOUMA POLICE DEPARTMENT                           ","Houma Police Department"
"1516",2012,"LA0570400","Erath",NA,"LA","West South Central","South","VERMILION","City","Cities under 2,500",2136,7,0,7,1,4,5,8,4,12,5.62,"ERATH POLICE DEPARTMENT                           ","Erath Police Department"
"1517",2012,"LA0130000","Catahoula",NA,"LA","West South Central","South","CATAHOULA","County","Non-MSA counties under 10,000",7603,13,87,100,0,14,14,13,101,114,14.99,"CATAHOULA PARISH SHERIFF'S OFFICE                 ","Catahoula Parish Sheriff's Office"
"1518",2012,"LA0590100","Bogalusa",NA,"LA","West South Central","South","WASHINGTON","City","Cities from 10,000 thru 24,999",12296,30,7,37,3,14,17,33,21,54,4.39,"BOGALUSA POLICE DEPARTMENT                        ","Bogalusa Police Department"
"1519",2012,"LA0430700","Fisher",NA,"LA","West South Central","South","SABINE","City","Cities under 2,500",234,2,0,2,0,0,0,2,0,2,8.55,"FISHER POLICE DEPT                                ","Fisher Police Police Department"
"1520",2012,"LA0600800","Dixie Inn",NA,"LA","West South Central","South","WEBSTER","City","Cities under 2,500",276,3,0,3,0,0,0,3,0,3,10.87,"DIXIE INN POLICE DEPARTMENT                       ","Dixie Inn Police Department"
"1521",2012,"LA0590000","Washington",NA,"LA","West South Central","South","WASHINGTON","County","Non-MSA counties from 25,000 thru 99,999",31245,35,30,65,4,26,30,39,56,95,3.04,"WASHINGTON PARISH SHERIFF'S OFFICE                ","Washington Parish Sheriff's Office"
"1522",2012,"LA0370400","University of Louisiana:","Monroe","LA","West South Central","South","OUACHITA","University or College","Cities under 2,500",0,17,7,24,0,2,2,17,9,26,NA,"UNIVERSITY OF LOUISIANA - MONROE POLICE           ","University Of Louisiana - Monroe Police"
"1523",2012,"LA0080400","Haughton",NA,"LA","West South Central","South","BOSSIER","City","Cities from 2,500 thru 9,999",3557,8,0,8,0,0,0,8,0,8,2.25,"HAUGHTON POLICE DEPARTMENT                        ","Haughton Police Department"
"1524",2012,"LA0610300","Addis",NA,"LA","West South Central","South","WEST BATON ROUGE","City","Cities from 2,500 thru 9,999",3666,11,0,11,0,1,1,11,1,12,3.27,"ADDIS POLICE DEPARTMENT                           ","Addis Police Department"
"1525",2012,"LA0390300","Livonia",NA,"LA","West South Central","South","POINTE COUPEE","City","Cities under 2,500",1443,7,2,9,0,0,0,7,2,9,6.24,"LIVONIA POLICE DEPARTMENT                         ","Livonia Police Department"
"1526",2012,"LA0530400","Amite",NA,"LA","West South Central","South","TANGIPAHOA","City","Cities from 2,500 thru 9,999",4211,20,1,21,2,3,5,22,4,26,6.17,"AMITE POLICE DEPARTMENT                           ","Amite Police Department"
"1527",2012,"LA0620200","Epps",NA,"LA","West South Central","South","WEST CARROLL","City","Cities under 2,500",857,3,0,3,0,0,0,3,0,3,3.5,"EPPS POLICE DEPARTMENT                            ","Epps Police Department"
"1528",2012,"LA036209E","Tulane University",NA,"LA","West South Central","South","ORLEANS","University or College","Cities under 2,500",0,78,17,95,9,21,30,87,38,125,NA,NA,"Tulane University"
"1529",2012,"LA0460000","St. Helena",NA,"LA","West South Central","South","ST HELENA","County","MSA counties from 10,000 thru 24,999",11014,22,8,30,5,13,18,27,21,48,4.36,"ST. HELENA PARISH SHERIFF'S OFFICE                ","St. Helena Parish Sheriff's Office"
"1530",2012,"LA0020200","Oakdale",NA,"LA","West South Central","South","ALLEN","City","Cities from 2,500 thru 9,999",7825,15,0,15,1,6,7,16,6,22,2.81,"OAKDALE POLICE DEPARTMENT                         ","Oakdale Police Department"
"1531",2012,"LA0090400","Blanchard",NA,"LA","West South Central","South","CADDO","City","Cities from 2,500 thru 9,999",2939,5,0,5,0,1,1,5,1,6,2.04,"BLANCHARD POLICE DEPARTMENT                       ","Blanchard Police Department"
"1532",2012,"LA0080000","Bossier",NA,"LA","West South Central","South","BOSSIER","County","MSA counties from 25,000 thru 99,999",50985,258,21,279,46,39,85,304,60,364,7.14,"BOSSIER PARISH SHERIFF'S OFFICE                   ","Bossier Parish Sheriff's Office"
"1533",2012,"LA0090100","Shreveport",NA,"LA","West South Central","South","BOSSIER, CADDO","City","Cities from 100,000 thru 249,999",202164,442,21,463,106,92,198,548,113,661,3.27,"SHREVEPORT POLICE DEPARTMENT                      ","Shreveport Police Department"
"1534",2012,"LA0220000","Grant",NA,"LA","West South Central","South","GRANT","County","MSA counties from 10,000 thru 24,999",20741,57,2,59,12,6,18,69,8,77,3.71,"GRANT PARISH SHERIFF'S OFFICE                     ","Grant Parish Sheriff's Office"
"1535",2012,"LA0080100","Bossier City",NA,"LA","West South Central","South","BOSSIER","City","Cities from 50,000 thru 99,999",63116,143,2,145,12,41,53,155,43,198,3.14,"BOSSIER CITY POLICE DEPT                          ","Bossier City Police Police Department"
"1536",2012,"LA0600400","Cullen",NA,"LA","West South Central","South","WEBSTER","City","Cities under 2,500",1171,2,0,2,1,0,1,3,0,3,2.56,"CULLEN POLICE DEPARTMENT                          ","Cullen Police Department"
"1537",2012,"LA0610200","Brusly",NA,"LA","West South Central","South","WEST BATON ROUGE","City","Cities from 2,500 thru 9,999",2640,8,0,8,0,1,1,8,1,9,3.41,"BRUSLY POLICE DEPARTMENT                          ","Brusly Police Department"
"1538",2012,"LA0390000","Pointe Coupee",NA,"LA","West South Central","South","POINTE COUPEE","County","MSA counties from 10,000 thru 24,999",16555,35,25,60,3,27,30,38,52,90,5.44,"POINTE COUPEE PARISH SHERIFF'S OFFICE             ","Pointe Coupee Parish Sheriff's Office"
"1539",2012,"LA0080700","Southern University and A&M College:","Shreveport","LA","West South Central","South","BOSSIER","University or College","Cities under 2,500",0,6,0,6,2,1,3,8,1,9,NA,"SOUTHERN UNIVERSITY AND A & M COLLEGE - SHREVEPORT","Southern University And A & M College - Shreveport"
"1540",2012,"LA0260000","Jefferson",NA,"LA","West South Central","South","JEFFERSON","County","MSA counties 100,000 or over",332325,784,95,879,246,302,548,1030,397,1427,4.29,"JEFFERSON PARISH SHERIFF'S OFFICE                 ","Jefferson Parish Sheriff's Office"
"1541",2012,"LA0170100","Baker",NA,"LA","West South Central","South","EAST BATON ROUGE","City","Cities from 10,000 thru 24,999",14017,26,0,26,9,2,11,35,2,37,2.64,"BAKER POLICE DEPARTMENT                           ","Baker Police Department"
"1542",2012,"LA0060100","De Ridder",NA,"LA","West South Central","South","BEAUREGARD, VERNON","City","Cities from 10,000 thru 24,999",10774,22,1,23,4,3,7,26,4,30,2.78,"DERIDDER POLICE DEPARTMENT                        ","Deridder Police Department"
"1543",2012,"LA0090000","Caddo",NA,"LA","West South Central","South","CADDO","County","MSA counties from 25,000 thru 99,999",48240,365,30,395,93,180,273,458,210,668,13.85,"CADDO PARISH SHERIFF'S OFFICE                     ","Caddo Parish Sheriff's Office"
"1544",2012,"LA0520100","Covington",NA,"LA","West South Central","South","ST TAMMANY","City","Cities from 2,500 thru 9,999",8933,32,1,33,2,9,11,34,10,44,4.93,"COVINGTON POLICE DEPARTMENT                       ","Covington Police Department"
"1545",2012,"LA0090300","Oil City",NA,"LA","West South Central","South","CADDO","City","Cities under 2,500",1023,4,0,4,0,1,1,4,1,5,4.89,"OIL CITY POLICE DEPARTMENT                        ","Oil City Police Department"
"1546",2012,"LA0200100","Basile",NA,"LA","West South Central","South","ACADIA, EVANGELINE","City","Cities under 2,500",1827,8,1,9,1,5,6,9,6,15,8.21,"BASILE POLICE DEPARTMENT                          ","Basile Police Department"
"1547",2012,"LA0170300","Zachary",NA,"LA","West South Central","South","EAST BATON ROUGE","City","Cities from 10,000 thru 24,999",15092,30,0,30,13,2,15,43,2,45,2.98,"ZACHARY POLICE DEPARTMENT                         ","Zachary Police Department"
"1548",2012,"LA0100700","Iowa",NA,"LA","West South Central","South","CALCASIEU","City","Cities from 2,500 thru 9,999",3035,9,0,9,1,4,5,10,4,14,4.61,"IOWA POLICE DEPARTMENT                            ","Iowa Police Department"
"1549",2012,"LA0270100","Elton",NA,"LA","West South Central","South","JEFFERSON DAVIS","City","Cities under 2,500",1139,6,0,6,1,4,5,7,4,11,9.66,"ELTON POLICE DEPARTMENT                           ","Elton Police Department"
"1550",2012,"LA0280600","Scott",NA,"LA","West South Central","South","LAFAYETTE","City","Cities from 2,500 thru 9,999",8776,21,0,21,4,0,4,25,0,25,2.85,"SCOTT POLICE DEPARTMENT                           ","Scott Police Department"
"1551",2012,"LA0300000","La Salle",NA,"LA","West South Central","South","LA SALLE","County","Non-MSA counties from 10,000 thru 24,999",10228,28,3,31,4,14,18,32,17,49,4.79,"LA SALLE PARISH SHERIFF'S OFFICE                  ","La Salle Parish Sheriff's Office"
"1552",2012,"LA0300200","Olla",NA,"LA","West South Central","South","LA SALLE","City","Cities under 2,500",1407,3,0,3,0,0,0,3,0,3,2.13,"OLLA POLICE DEPARTMENT                            ","Olla Police Department"
"1553",2012,"LA0350100","Natchitoches",NA,"LA","West South Central","South","NATCHITOCHES","City","Cities from 10,000 thru 24,999",18378,52,0,52,5,13,18,57,13,70,3.81,"NATCHITOCHES POLICE DEPARTMENT                    ","Natchitoches Police Department"
"1554",2012,"LA0330100","Tallulah",NA,"LA","West South Central","South","MADISON","City","Cities from 2,500 thru 9,999",7319,6,0,6,0,1,1,6,1,7,0.96,"TALLULAH POLICE DEPT.                             ","Tallulah Police Police Department"
"1555",2012,"LA0400000","Rapides",NA,"LA","West South Central","South","RAPIDES","County","MSA counties from 25,000 thru 99,999",61384,454,0,454,131,0,131,585,0,585,9.53,"RAPIDES PARISH SHERIFF'S OFFICE                   ","Rapides Parish Sheriff's Office"
"1556",2012,"LA0430100","Many",NA,"LA","West South Central","South","SABINE","City","Cities from 2,500 thru 9,999",2901,9,0,9,3,0,3,12,0,12,4.14,"MANY POLICE DEPARTMENT                            ","Many Police Department"
"1557",2012,"LA0560200","Bernice",NA,"LA","West South Central","South","UNION","City","Cities under 2,500",1701,5,0,5,0,0,0,5,0,5,2.94,"BERNICE POLICE DEPARTMENT                         ","Bernice Police Department"
"1558",2012,"LA0570100","Abbeville",NA,"LA","West South Central","South","VERMILION","City","Cities from 10,000 thru 24,999",12389,34,1,35,5,1,6,39,2,41,3.31,"ABBEVILLE POLICE DEPARTMENT                       ","Abbeville Police Department"
"1559",2012,"LA0530100","Hammond",NA,"LA","West South Central","South","TANGIPAHOA","City","Cities from 10,000 thru 24,999",20355,72,10,82,7,15,22,79,25,104,5.11,"HAMMOND POLICE DEPARTMENT                         ","Hammond Police Department"
"1560",2012,"LA0430200","Zwolle",NA,"LA","West South Central","South","SABINE","City","Cities under 2,500",1791,4,0,4,0,2,2,4,2,6,3.35,"ZWOLLE POLICE DEPARTMENT                          ","Zwolle Police Department"
"1561",2012,"LA0370500","Richwood",NA,"LA","West South Central","South","OUACHITA","City","Cities from 2,500 thru 9,999",3424,8,0,8,2,7,9,10,7,17,4.96,"RICHWOOD POLICE DEPARTMENT                        ","Richwood Police Department"
"1562",2012,"LA0100800","McNeese State University",NA,"LA","West South Central","South","CALCASIEU","University or College","Cities under 2,500",0,5,1,6,1,3,4,6,4,10,NA,"MCNEESE STATE UNIVERSITY POLICE                   ","Mcneese State University Police"
"1563",2012,"LA0150100","Ferriday",NA,"LA","West South Central","South","CONCORDIA","City","Cities from 2,500 thru 9,999",3540,9,5,14,2,0,2,11,5,16,4.52,"FERRIDAY POLICE DEPARTMENT                        ","Ferriday Police Department"
"1564",2012,"LA0361200","Southern University and A&M College:","New Orleans","LA","West South Central","South","ORLEANS","University or College","Cities under 2,500",0,11,0,11,4,0,4,15,0,15,NA,"SOUTHERN UNIV PD NEW ORLEANS                      ","Southern Univ Police Department New Orleans"
"1565",2012,"LA0370900","Tensas Basin Levee District",NA,"LA","West South Central","South","OUACHITA","Other State Agency","Cities under 2,500",0,2,0,2,0,1,1,2,1,3,NA,"TENSAS BASIN LEVEE DISTRICT POLICE                ","Tensas Basin Levee District Police"
"1566",2012,"LA0260300","Kenner",NA,"LA","West South Central","South","JEFFERSON","City","Cities from 50,000 thru 99,999",67110,146,28,174,15,47,62,161,75,236,3.52,"KENNER POLICE DEPARTMENT                          ","Kenner Police Department"
"1567",2012,"LA0150200","Vidalia",NA,"LA","West South Central","South","CONCORDIA","City","Cities from 2,500 thru 9,999",4336,13,2,15,7,6,13,20,8,28,6.46,"VIDALIA POLICE DEPARTMENT                         ","Vidalia Police Department"
"1568",2012,"LA0040000","Assumption",NA,"LA","West South Central","South","ASSUMPTION","County","Non-MSA counties from 10,000 thru 24,999",22633,36,12,48,14,19,33,50,31,81,3.58,"ASSUMPTION PARISH SHERIFF'S OFFICE                ","Assumption Parish Sheriff's Office"
"1569",2012,"LA0220200","Montgomery",NA,"LA","West South Central","South","GRANT","City","Cities under 2,500",727,2,0,2,0,0,0,2,0,2,2.75,"MONTGOMERY POLICE DEPARTMENT                      ","Montgomery Police Department"
"1570",2012,"LA0200000","Evangeline",NA,"LA","West South Central","South","EVANGELINE","County","Non-MSA counties from 10,000 thru 24,999",21563,25,21,46,0,16,16,25,37,62,2.88,"EVANGELINE PARISH SHERIFF'S OFFICE                ","Evangeline Parish Sheriff's Office"
"1571",2012,"LA0530000","Tangipahoa",NA,"LA","West South Central","South","TANGIPAHOA","County","MSA counties from 25,000 thru 99,999",87410,190,8,198,16,44,60,206,52,258,2.95,"TANGIPAHOA PARISH SHERIFF'S OFFICE                ","Tangipahoa Parish Sheriff's Office"
"1572",2012,"LA0630000","West Feliciana",NA,"LA","West South Central","South","WEST FELICIANA","County","MSA counties from 10,000 thru 24,999",13805,46,0,46,28,0,28,74,0,74,5.36,"WEST FELICIANA PARISH SHERIFF'S OFFICE            ","West Feliciana Parish Sheriff's Office"
"1573",2012,"LA0380000","Plaquemines",NA,"LA","West South Central","South","PLAQUEMINES","County","MSA counties from 10,000 thru 24,999",23768,120,0,120,57,0,57,177,0,177,7.45,"PLAQUEMINES PARISH SHERIFF'S OFFICE               ","Plaquemines Parish Sheriff's Office"
"1574",2012,"LA0090200","Vivian",NA,"LA","West South Central","South","CADDO","City","Cities from 2,500 thru 9,999",3723,10,0,10,1,3,4,11,3,14,3.76,"VIVIAN POLICE DEPARTMENT                          ","Vivian Police Department"
"1575",2012,"LA0530200","Kentwood",NA,"LA","West South Central","South","TANGIPAHOA","City","Cities under 2,500",2238,7,1,8,0,0,0,7,1,8,3.57,"KENTWOOD POLICE DEPARTMENT                        ","Kentwood Police Department"
"1576",2012,"LA0560100","Farmerville",NA,"LA","West South Central","South","UNION","City","Cities from 2,500 thru 9,999",3884,10,0,10,4,0,4,14,0,14,3.6,"FARMERVILLE POLICE DEPARTMENT                     ","Farmerville Police Department"
"1577",2012,"LA0160100","Mansfield",NA,"LA","West South Central","South","DE SOTO","City","Cities from 2,500 thru 9,999",5059,13,0,13,4,4,8,17,4,21,4.15,"MANSFIELD POLICE DEPARTMENT                       ","Mansfield Police Department"
"1578",2012,"LA0100500","Westlake",NA,"LA","West South Central","South","CALCASIEU","City","Cities from 2,500 thru 9,999",4627,15,0,15,6,0,6,21,0,21,4.54,"WESTLAKE POLICE DEPARTMENT                        ","Westlake Police Department"
"1579",2012,"LA0010000","Acadia",NA,"LA","West South Central","South","ACADIA","County","MSA counties from 25,000 thru 99,999",34361,53,12,65,4,34,38,57,46,103,3,"ACADIA PARISH SHERIFF'S OFFICE                    ","Acadia Parish Sheriff's Office"
"1580",2012,"LA0020000","Allen",NA,"LA","West South Central","South","ALLEN","County","Non-MSA counties from 10,000 thru 24,999",15593,33,5,38,3,12,15,36,17,53,3.4,"ALLEN PARISH SHERIFF'S OFFICE                     ","Allen Parish Sheriff's Office"
"1581",2012,"LA0370100","Monroe",NA,"LA","West South Central","South","OUACHITA","City","Cities from 25,000 thru 49,999",49474,142,5,147,21,39,60,163,44,207,4.18,"MONROE POLICE DEPARTMENT                          ","Monroe Police Department"
"1582",2012,"LA0500000","St. Martin",NA,"LA","West South Central","South","ST MARTIN","County","MSA counties from 25,000 thru 99,999",38631,91,20,111,56,37,93,147,57,204,5.28,"ST. MARTIN PARISH SHERIFF'S OFFICE                ","St. Martin Parish Sheriff's Office"
"1583",2012,"LA0320800","Killian",NA,"LA","West South Central","South","LIVINGSTON","City","Cities under 2,500",1234,2,0,2,1,1,2,3,1,4,3.24,"KILLIAN POLICE DEPARTMENT                         ","Killian Police Department"
"1584",2012,"LADI00600","Coushatta Tribal",NA,"LA","West South Central","South","NOT SPECIFIED","Tribal","Cities under 2,500",0,12,0,12,6,1,7,18,1,19,NA,"COUSHATTA TRIBAL POLICE DEPARTMENT                ","Coushatta Tribal Police Department"
"1585",2012,"LA0480000","St. John the Baptist",NA,"LA","West South Central","South","ST JOHN THE BAPTIST","County","MSA counties from 25,000 thru 99,999",45488,168,1,169,69,0,69,237,1,238,5.23,"ST. JOHN THE BAPTIST PARISH SHERIFF'S OFFICE      ","St. John The Baptist Parish Sheriff's Office"
"1586",2012,"LA0130200","Sicily Island",NA,"LA","West South Central","South","CATAHOULA","City","Cities under 2,500",525,1,0,1,0,0,0,1,0,1,1.9,"SICILY ISLAND POLICE DEPARTMENT                   ","Sicily Island Police Department"
"1587",2012,"LA0070000","Bienville",NA,"LA","West South Central","South","BIENVILLE","County","Non-MSA counties from 10,000 thru 24,999",14420,33,5,38,2,17,19,35,22,57,3.95,"BIENVILLE PARISH SHERIFF'S OFFICE                 ","Bienville Parish Sheriff's Office"
"1588",2012,"LA0240000","Iberville",NA,"LA","West South Central","South","IBERVILLE","County","MSA counties from 10,000 thru 24,999",17722,64,24,88,4,46,50,68,70,138,7.79,"IBERVILLE PARISH SHERIFF'S OFFICE                 ","Iberville Parish Sheriff's Office"
"1589",2012,"LA0091000","Greenwood",NA,"LA","West South Central","South","CADDO","City","Cities from 2,500 thru 9,999",3264,8,0,8,2,1,3,10,1,11,3.37,"GREENWOOD POLICE DEPARTMENT                       ","Greenwood Police Department"
"1590",2012,"LA0220500","Pollock",NA,"LA","West South Central","South","GRANT","City","Cities under 2,500",469,3,0,3,0,1,1,3,1,4,8.53,"POLLOCK POLICE DEPARTMENT                         ","Pollock Police Department"
"1591",2012,"LA0610000","West Baton Rouge",NA,"LA","West South Central","South","WEST BATON ROUGE","County","MSA counties from 10,000 thru 24,999",12665,122,5,127,19,32,51,141,37,178,14.05,"WEST BATON ROUGE PARISH SHERIFF'S OFFICE          ","West Baton Rouge Parish Sheriff's Office"
"1592",2012,"LA0050600","Moreauville",NA,"LA","West South Central","South","AVOYELLES","City","Cities under 2,500",930,3,0,3,0,0,0,3,0,3,3.23,"MOREAUVILLE POLICE DEPARTMENT                     ","Moreauville Police Department"
"1593",2012,"LA0320600","Port Vincent",NA,"LA","West South Central","South","LIVINGSTON","City","Cities under 2,500",757,2,0,2,0,0,0,2,0,2,2.64,"PORT VINCENT POLICE DEPT.                         ","Port Vincent Police Police Department"
"1594",2012,"LA0320100","Denham Springs",NA,"LA","West South Central","South","LIVINGSTON","City","Cities from 10,000 thru 24,999",10451,35,1,36,1,7,8,36,8,44,4.21,"DENHAM SPRINGS POLICE DEPARTMENT                  ","Denham Springs Police Department"
"1595",2012,"LA0010200","Rayne",NA,"LA","West South Central","South","ACADIA","City","Cities from 2,500 thru 9,999",8026,20,0,20,1,0,1,21,0,21,2.62,"RAYNE POLICE DEPARTMENT                           ","Rayne Police Department"
"1596",2012,"LADI00500","Tunica-Biloxi Tribal",NA,"LA","West South Central","South","NOT SPECIFIED","Tribal","Cities under 2,500",0,13,2,15,0,1,1,13,3,16,NA,"TUNICA-BILOXI TRIBAL POLICE DEPARTMENT            ","Tunica-Biloxi Tribal Police Department"
"1597",2012,"LA0270300","Lake Arthur",NA,"LA","West South Central","South","JEFFERSON DAVIS","City","Cities from 2,500 thru 9,999",2762,5,0,5,5,0,5,10,0,10,3.62,"LAKE ARTHUR POLICE DEPARTMENT                     ","Lake Arthur Police Department"
"1598",2012,"LA0280300","Lafayette",NA,"LA","West South Central","South","LAFAYETTE","City","Cities from 100,000 thru 249,999",122852,227,10,237,18,50,68,245,60,305,2.48,"LAFAYETTE POLICE DEPARTMENT                       ","Lafayette Police Department"
"1599",2012,"LA0530300","Ponchatoula",NA,"LA","West South Central","South","TANGIPAHOA","City","Cities from 2,500 thru 9,999",6680,20,0,20,4,4,8,24,4,28,4.19,"PONCHATOULA POLICE DEPARTMENT                     ","Ponchatoula Police Department"
"1600",2012,"LA0560400","Marion",NA,"LA","West South Central","South","UNION","City","Cities under 2,500",770,2,0,2,0,0,0,2,0,2,2.6,"MARION POLICE DEPARTMENT                          ","Marion Police Department"
"1601",2012,"LA0200200","Mamou",NA,"LA","West South Central","South","EVANGELINE","City","Cities from 2,500 thru 9,999",3253,7,0,7,4,2,6,11,2,13,4,"MAMOU POLICE DEPARTMENT                           ","Mamou Police Department"
"1602",2012,"LA0290100","Golden Meadow",NA,"LA","West South Central","South","LAFOURCHE","City","Cities under 2,500",2121,5,0,5,0,0,0,5,0,5,2.36,"GOLDEN MEADOW POLICE DEPARTMENT                   ","Golden Meadow Police Department"
"1603",2012,"LA0390100","New Roads",NA,"LA","West South Central","South","POINTE COUPEE","City","Cities from 2,500 thru 9,999",4839,14,0,14,2,0,2,16,0,16,3.31,"NEW ROADS POLICE DEPARTMENT                       ","New Roads Police Department"
"1604",2012,"LA0320000","Livingston",NA,"LA","West South Central","South","LIVINGSTON","County","MSA counties 100,000 or over",110660,164,0,164,79,0,79,243,0,243,2.2,"LIVINGSTON PARISH SHERIFF'S OFFICE                ","Livingston Parish Sheriff's Office"
"1605",2012,"LA0490200","Opelousas",NA,"LA","West South Central","South","ST LANDRY","City","Cities from 10,000 thru 24,999",16767,49,2,51,10,14,24,59,16,75,4.47,"OPELOUSAS POLICE DEPARTMENT                       ","Opelousas Police Department"
"1606",2012,"LA0280000","Lafayette",NA,"LA","West South Central","South","LAFAYETTE","County","MSA counties from 25,000 thru 99,999",69874,326,39,365,124,159,283,450,198,648,9.27,"LAFAYETTE PARISH SHERIFF'S OFFICE                 ","Lafayette Parish Sheriff's Office"
"1607",2012,"LA0510500","Baldwin",NA,"LA","West South Central","South","ST MARY","City","Cities under 2,500",2430,6,0,6,1,1,2,7,1,8,3.29,"BALDWIN POLICE DEPARTMENT                         ","Baldwin Police Department"
"1608",2012,"LA0610100","Port Allen",NA,"LA","West South Central","South","WEST BATON ROUGE","City","Cities from 2,500 thru 9,999",5281,14,0,14,1,1,2,15,1,16,3.03,"PORT ALLEN POLICE DEPARTMENT                      ","Port Allen Police Department"
"1609",2012,"LA0640000","Winn",NA,"LA","West South Central","South","WINN","County","Non-MSA counties from 10,000 thru 24,999",10382,8,0,8,1,6,7,9,6,15,1.44,"WINN PARISH SHERIFF'S OFFICE                      ","Winn Parish Sheriff's Office"
"1610",2012,"LA0190100","Clinton",NA,"LA","West South Central","South","EAST FELICIANA","City","Cities under 2,500",1651,7,0,7,0,2,2,7,2,9,5.45,"CLINTON POLICE DEPT.                              ","Clinton Police Police Department"
"1611",2012,"LA0330000","Madison",NA,"LA","West South Central","South","MADISON","County","Non-MSA counties under 10,000",4756,65,0,65,20,0,20,85,0,85,17.87,"MADISON PARISH SHERIFF'S OFFICE                   ","Madison Parish Sheriff's Office"
"1612",2012,"LA0220400","Georgetown",NA,"LA","West South Central","South","GRANT","City","Cities under 2,500",325,3,0,3,0,1,1,3,1,4,12.31,"GEORGETOWN POLICE DEPARTMENT                      ","Georgetown Police Department"
"1613",2012,"LA0590200","Franklinton",NA,"LA","West South Central","South","WASHINGTON","City","Cities from 2,500 thru 9,999",3877,18,0,18,6,0,6,24,0,24,6.19,"FRANKLINTON POLICE DEPARTMENT                     ","Franklinton Police Department"
"1614",2012,"LA0280200","Carencro",NA,"LA","West South Central","South","LAFAYETTE","City","Cities from 2,500 thru 9,999",7668,25,0,25,1,3,4,26,3,29,3.78,"CARENCRO POLICE DEPARTMENT                        ","Carencro Police Department"
"1615",2012,"LA0170200","Baton Rouge",NA,"LA","West South Central","South","EAST BATON ROUGE","City","Cities from 100,000 thru 249,999",231500,597,17,614,67,160,227,664,177,841,3.63,"BATON ROUGE POLICE DEPARTMENT                     ","Baton Rouge Police Department"
"1616",2012,"LA0130100","Jonesville",NA,"LA","West South Central","South","CATAHOULA","City","Cities under 2,500",2258,5,0,5,2,5,7,7,5,12,5.31,"JONESVILLE POLICE DEPARTMENT                      ","Jonesville Police Department"
"1617",2012,"LA0520700","Folsom",NA,"LA","West South Central","South","ST TAMMANY","City","Cities under 2,500",729,3,1,4,0,0,0,3,1,4,5.49,"FOLSOM POLICE DEPARTMENT                          ","Folsom Police Department"
"1618",2012,"LA0240200","Plaquemine",NA,"LA","West South Central","South","IBERVILLE","City","Cities from 2,500 thru 9,999",7122,19,1,20,7,3,10,26,4,30,4.21,"PLAQUEMINE POLICE DEPARTMENT                      ","Plaquemine Police Department"
"1619",2012,"LA0170600","Southern University and A&M College:","Baton Rouge","LA","West South Central","South","EAST BATON ROUGE","University or College","Cities under 2,500",0,19,6,25,5,12,17,24,18,42,NA,"SOUTHERN UNIVERSITY AND A & M COLLEGE POLICE      ","Southern University And A & M College Police"
"1620",2012,"LA0100000","Calcasieu",NA,"LA","West South Central","South","CALCASIEU","County","MSA counties from 25,000 thru 99,999",87472,476,101,577,128,134,262,604,235,839,9.59,"CALCASIEU PARISH SHERIFF'S OFFICE                 ","Calcasieu Parish Sheriff's Office"
"1621",2012,"LA0351000","Northwestern State University",NA,"LA","West South Central","South","NATCHITOCHES","University or College","Cities under 2,500",0,16,1,17,2,4,6,18,5,23,NA,"NORTHWESTERN STATE UNIVERSITY OF LOUISIANA POLICE ","Northwestern State University Of Louisiana Police"
"1622",2012,"LA0100200","Lake Charles",NA,"LA","West South Central","South","CALCASIEU","City","Cities from 50,000 thru 99,999",72904,135,1,136,43,1,44,178,2,180,2.47,"LAKE CHARLES POLICE DEPARTMENT                    ","Lake Charles Police Department"
"1623",2012,"LA0240600","St. Gabriel",NA,"LA","West South Central","South","IBERVILLE","City","Cities from 2,500 thru 9,999",6700,11,8,19,0,0,0,11,8,19,2.84,"ST. GABRIEL POLICE DEPARTMENT                     ","St. Gabriel Police Department"
"1624",2012,"LA0030200","Gonzales",NA,"LA","West South Central","South","ASCENSION","City","Cities from 10,000 thru 24,999",10095,38,0,38,1,4,5,39,4,43,4.26,"GONZALES POLICE DEPARTMENT                        ","Gonzales Police Department"
"1625",2012,"LANPD0000","New Orleans",NA,"LA","West South Central","South","ORLEANS","City","Cities from 250,000 thru 499,999",362874,1021,36,1057,250,206,456,1271,242,1513,4.17,"NEW ORLEANS POLICE DEPARTMENT                     ","New Orleans Police Department"
"1626",2012,"LA0560000","Union",NA,"LA","West South Central","South","UNION","County","MSA counties from 10,000 thru 24,999",16511,31,5,36,4,11,15,35,16,51,3.09,"UNION PARISH SHERIFF'S OFFICE                     ","Union Parish Sheriff's Office"
"1627",2012,"LA0400600","Glenmora",NA,"LA","West South Central","South","RAPIDES","City","Cities under 2,500",1358,1,0,1,0,0,0,1,0,1,0.74,"GLENMORA POLICE DEPARTMENT                        ","Glenmora Police Department"
"1628",2012,"LA0430500","Florien",NA,"LA","West South Central","South","SABINE","City","Cities under 2,500",645,2,0,2,1,1,2,3,1,4,6.2,"FLORIEN POLICE DEPARTMENT                         ","Florien Police Department"
"1629",2012,"LA0520200","Slidell",NA,"LA","West South Central","South","ST TAMMANY","City","Cities from 25,000 thru 49,999",27581,66,9,75,2,23,25,68,32,100,3.63,"SLIDELL POLICE DEPARTMENT                         ","Slidell Police Department"
"1630",2012,"LA0361700","Louisiana State University:","Health Sciences Center, New Orleans","LA","West South Central","South","ORLEANS","University or College","Cities under 2,500",0,23,0,23,6,0,6,29,0,29,NA,"LSU HEALTH SCIENCES CENTER POLICE DEPARTMENT      ","Lsu Health Sciences Center Police Department"
"1631",2012,"LA0620000","West Carroll",NA,"LA","West South Central","South","WEST CARROLL","County","Non-MSA counties under 10,000",9048,13,0,13,6,0,6,19,0,19,2.1,"WEST CARROLL PARISH SHERIFF'S OFFICE              ","West Carroll Parish Sheriff's Office"
"1632",2012,"LA0420000","Richland",NA,"LA","West South Central","South","RICHLAND","County","Non-MSA counties from 10,000 thru 24,999",14338,58,5,63,57,12,69,115,17,132,9.21,"RICHLAND PARISH SHERIFF'S OFFICE                  ","Richland Parish Sheriff's Office"
"1633",2012,"LA0290600","Nicholls State University",NA,"LA","West South Central","South","LAFOURCHE","University or College","Cities under 2,500",0,10,0,10,1,4,5,11,4,15,NA,"NICHOLLS STATE UNIVERSITY POLICE                  ","Nicholls State University Police"
"1634",2012,"LA0520000","St. Tammany",NA,"LA","West South Central","South","ST TAMMANY","County","MSA counties 100,000 or over",186612,409,49,458,117,115,232,526,164,690,3.7,"ST. TAMMANY PARISH SHERIFF'S OFFICE               ","St. Tammany Parish Sheriff's Office"
"1635",2012,"LA0260200","Harahan",NA,"LA","West South Central","South","JEFFERSON","City","Cities from 2,500 thru 9,999",9334,18,1,19,3,6,9,21,7,28,3,"HARAHAN POLICE DEPARTMENT                         ","Harahan Police Department"
"1636",2012,"LA0470100","Lutcher",NA,"LA","West South Central","South","ST JAMES","City","Cities from 2,500 thru 9,999",3529,3,0,3,0,1,1,3,1,4,1.13,"LUTCHER POLICE DEPARTMENT                         ","Lutcher Police Department"
"1637",2012,"LA0030000","Ascension",NA,"LA","West South Central","South","ASCENSION","County","MSA counties from 25,000 thru 99,999",99095,201,3,204,47,33,80,248,36,284,2.87,"ASCENSION PARISH SHERIFF'S OFFICE                 ","Ascension Parish Sheriff's Office"
"1638",2012,"LA0510000","St. Mary",NA,"LA","West South Central","South","ST MARY","County","Non-MSA counties from 10,000 thru 24,999",21047,105,0,105,84,0,84,189,0,189,8.98,"ST. MARY PARISH SHERIFF'S OFFICE                  ","St. Mary Parish Sheriff's Office"
"1639",2012,"LA0050000","Avoyelles",NA,"LA","West South Central","South","AVOYELLES","County","Non-MSA counties from 25,000 thru 99,999",29155,69,0,69,83,0,83,152,0,152,5.21,"AVOYELLES PARISH SHERIFF'S OFFICE                 ","Avoyelles Parish Sheriff's Office"
"1640",2011,"LA0530300","Ponchatoula",NA,"LA","West South Central","South","TANGIPAHOA","City","Cities from 2,500 thru 9,999",6619,20,0,20,4,4,8,24,4,28,4.23,"PONCHATOULA POLICE DEPARTMENT                     ","Ponchatoula Police Department"
"1641",2011,"LA0560400","Marion",NA,"LA","West South Central","South","UNION","City","Cities under 2,500",772,2,0,2,0,0,0,2,0,2,2.59,"MARION POLICE DEPARTMENT                          ","Marion Police Department"
"1642",2011,"LADI00500","Tunica-Biloxi Tribal",NA,"LA","West South Central","South","NOT SPECIFIED","Tribal","Cities under 2,500",0,12,2,14,0,1,1,12,3,15,NA,"TUNICA-BILOXI TRIBAL POLICE DEPARTMENT            ","Tunica-Biloxi Tribal Police Department"
"1643",2011,"LA0010200","Rayne",NA,"LA","West South Central","South","ACADIA","City","Cities from 2,500 thru 9,999",8026,19,0,19,1,0,1,20,0,20,2.49,"RAYNE POLICE DEPARTMENT                           ","Rayne Police Department"
"1644",2011,"LA0550000","Terrebonne",NA,"LA","West South Central","South","TERREBONNE","County","MSA counties from 25,000 thru 99,999",78848,226,0,226,133,0,133,359,0,359,4.55,"TERREBONNE PARISH SHERIFF'S OFFICE                ","Terrebonne Parish Sheriff's Office"
"1645",2011,"LA0140200","Homer",NA,"LA","West South Central","South","CLAIBORNE","City","Cities from 2,500 thru 9,999",3267,9,0,9,0,1,1,9,1,10,3.06,"HOMER POLICE DEPARTMENT                           ","Homer Police Department"
"1646",2011,"LA0070000","Bienville",NA,"LA","West South Central","South","BIENVILLE","County","Non-MSA counties from 10,000 thru 24,999",14484,32,5,37,2,17,19,34,22,56,3.87,"BIENVILLE PARISH SHERIFF'S OFFICE                 ","Bienville Parish Sheriff's Office"
"1647",2011,"LA0520500","Pearl River",NA,"LA","West South Central","South","ST TAMMANY","City","Cities from 2,500 thru 9,999",2529,10,4,14,0,0,0,10,4,14,5.54,"PEARL RIVER POLICE DEPARTMENT                     ","Pearl River Police Department"
"1648",2011,"LA0630000","West Feliciana",NA,"LA","West South Central","South","WEST FELICIANA","County","MSA counties from 10,000 thru 24,999",13987,42,5,47,6,21,27,48,26,74,5.29,"WEST FELICIANA PARISH SHERIFF'S OFFICE            ","West Feliciana Parish Sheriff's Office"
"1649",2011,"LA0490500","Washington",NA,"LA","West South Central","South","ST LANDRY","City","Cities under 2,500",973,4,0,4,1,2,3,5,2,7,7.19,"WASHINGTON POLICE DEPARTMENT                      ","Washington Police Department"
"1650",2011,"LA0320100","Denham Springs",NA,"LA","West South Central","South","LIVINGSTON","City","Cities from 10,000 thru 24,999",10308,34,0,34,1,5,6,35,5,40,3.88,"DENHAM SPRINGS POLICE DEPARTMENT                  ","Denham Springs Police Department"
"1651",2011,"LA0060000","Beauregard",NA,"LA","West South Central","South","BEAUREGARD","County","Non-MSA counties from 25,000 thru 99,999",25836,47,4,51,7,16,23,54,20,74,2.86,"BEAUREGARD PARISH SHERIFF'S OFFICE                ","Beauregard Parish Sheriff's Office"
"1652",2011,"LA0320600","Port Vincent",NA,"LA","West South Central","South","LIVINGSTON","City","Cities under 2,500",748,2,0,2,0,0,0,2,0,2,2.67,"PORT VINCENT POLICE DEPT.                         ","Port Vincent Police Police Department"
"1653",2011,"LA0280700","University of Louisiana:","Lafayette","LA","West South Central","South","LAFAYETTE","University or College","Cities under 2,500",0,20,0,20,4,2,6,24,2,26,NA,"UNIVERSITY OF LOUISIANA AT LAFAYETTE POLICE       ","University Of Louisiana At Lafayette Police"
"1654",2011,"LA0370900","Tensas Basin Levee District",NA,"LA","West South Central","South","OUACHITA","Other State Agency","Cities under 2,500",0,2,0,2,0,1,1,2,1,3,NA,"TENSAS BASIN LEVEE DISTRICT POLICE                ","Tensas Basin Levee District Police"
"1655",2011,"LA0361200","Southern University and A&M College:","New Orleans","LA","West South Central","South","ORLEANS","University or College","Cities under 2,500",0,11,0,11,3,0,3,14,0,14,NA,"SOUTHERN UNIV PD NEW ORLEANS                      ","Southern Univ Police Department New Orleans"
"1656",2011,"LA0430000","Sabine",NA,"LA","West South Central","South","SABINE","County","Non-MSA counties from 10,000 thru 24,999",18930,51,0,51,26,0,26,77,0,77,4.07,"SABINE PARISH SHERIFF'S OFFICE                    ","Sabine Parish Sheriff's Office"
"1657",2011,"LA0310700","Louisiana Tech University",NA,"LA","West South Central","South","LINCOLN","University or College","Cities under 2,500",0,15,0,15,1,1,2,16,1,17,NA,"LOUISIANA TECH UNIVERSITY POLICE                  ","Louisiana Tech University Police"
"1658",2011,"LA0100800","McNeese State University",NA,"LA","West South Central","South","CALCASIEU","University or College","Cities under 2,500",0,9,3,12,3,2,5,12,5,17,NA,"MCNEESE STATE UNIVERSITY POLICE                   ","Mcneese State University Police"
"1659",2011,"LA0410000","Red River",NA,"LA","West South Central","South","RED RIVER","County","Non-MSA counties under 10,000",7192,18,11,29,2,8,10,20,19,39,5.42,"RED RIVER PARISH SHERIFF'S OFFICE                 ","Red River Parish Sheriff's Office"
"1660",2011,"LA0150100","Ferriday",NA,"LA","West South Central","South","CONCORDIA","City","Cities from 2,500 thru 9,999",3543,8,1,9,2,4,6,10,5,15,4.23,"FERRIDAY POLICE DEPARTMENT                        ","Ferriday Police Department"
"1661",2011,"LA0400400","Lecompte",NA,"LA","West South Central","South","RAPIDES","City","Cities under 2,500",1238,4,0,4,0,0,0,4,0,4,3.23,"LECOMPTE POLICE DEPARTMENT                        ","Lecompte Police Department"
"1662",2011,"LADI00600","Coushatta Tribal",NA,"LA","West South Central","South","NOT SPECIFIED","Tribal","Cities under 2,500",0,13,0,13,4,1,5,17,1,18,NA,"COUSHATTA TRIBAL POLICE DEPARTMENT                ","Coushatta Tribal Police Department"
"1663",2011,"LA0280600","Scott",NA,"LA","West South Central","South","LAFAYETTE","City","Cities from 2,500 thru 9,999",8693,22,0,22,2,1,3,24,1,25,2.88,"SCOTT POLICE DEPARTMENT                           ","Scott Police Department"
"1664",2011,"LA0090300","Oil City",NA,"LA","West South Central","South","CADDO","City","Cities under 2,500",1017,4,0,4,0,0,0,4,0,4,3.93,"OIL CITY POLICE DEPARTMENT                        ","Oil City Police Department"
"1665",2011,"LA0100700","Iowa",NA,"LA","West South Central","South","CALCASIEU","City","Cities from 2,500 thru 9,999",3023,9,0,9,1,4,5,10,4,14,4.63,"IOWA POLICE DEPARTMENT                            ","Iowa Police Department"
"1666",2011,"LA0330100","Tallulah",NA,"LA","West South Central","South","MADISON","City","Cities from 2,500 thru 9,999",7402,11,0,11,1,5,6,12,5,17,2.3,"TALLULAH POLICE DEPT.                             ","Tallulah Police Police Department"
"1667",2011,"LA0270100","Elton",NA,"LA","West South Central","South","JEFFERSON DAVIS","City","Cities under 2,500",1138,7,0,7,4,0,4,11,0,11,9.67,"ELTON POLICE DEPARTMENT                           ","Elton Police Department"
"1668",2011,"LA0310000","Lincoln",NA,"LA","West South Central","South","LINCOLN","County","Non-MSA counties from 10,000 thru 24,999",20109,43,8,51,4,9,13,47,17,64,3.18,"LINCOLN PARISH SHERIFF'S OFFICE                   ","Lincoln Parish Sheriff's Office"
"1669",2011,"LA0170300","Zachary",NA,"LA","West South Central","South","EAST BATON ROUGE","City","Cities from 10,000 thru 24,999",15097,30,0,30,2,2,4,32,2,34,2.25,"ZACHARY POLICE DEPARTMENT                         ","Zachary Police Department"
"1670",2011,"LA0300000","La Salle",NA,"LA","West South Central","South","LA SALLE","County","Non-MSA counties from 10,000 thru 24,999",10199,23,7,30,2,13,15,25,20,45,4.41,"LA SALLE PARISH SHERIFF'S OFFICE                  ","La Salle Parish Sheriff's Office"
"1671",2011,"LA0200100","Basile",NA,"LA","West South Central","South","ACADIA, EVANGELINE","City","Cities under 2,500",1838,7,0,7,2,5,7,9,5,14,7.62,"BASILE POLICE DEPARTMENT                          ","Basile Police Department"
"1672",2011,"LA0300200","Olla",NA,"LA","West South Central","South","LA SALLE","City","Cities under 2,500",1398,4,0,4,0,0,0,4,0,4,2.86,"OLLA POLICE DEPARTMENT                            ","Olla Police Department"
"1673",2011,"LA0180100","Lake Providence",NA,"LA","West South Central","South","EAST CARROLL","City","Cities from 2,500 thru 9,999",4028,8,1,9,1,4,5,9,5,14,3.48,"LAKE PROVIDENCE POLICE DEPARTMENT                 ","Lake Providence Police Department"
"1674",2011,"LA0400000","Rapides",NA,"LA","West South Central","South","RAPIDES","County","MSA counties from 25,000 thru 99,999",61391,319,28,347,43,73,116,362,101,463,7.54,"RAPIDES PARISH SHERIFF'S OFFICE                   ","Rapides Parish Sheriff's Office"
"1675",2011,"LA0080500","Louisiana State University:","Health Sciences Center, Shreveport","LA","West South Central","South","BOSSIER","University or College","Cities under 2,500",0,30,3,33,8,12,20,38,15,53,NA,"LOUISIANA STATE UNIVERSITY HEALTH SCIENCES CENTER ","Louisiana State University Health Sciences Center"
"1676",2011,"LA0050300","Simmesport",NA,"LA","West South Central","South","AVOYELLES","City","Cities under 2,500",2181,5,0,5,0,0,0,5,0,5,2.29,"SIMMESPORT POLICE DEPT.                           ","Simmesport Police Police Department"
"1677",2011,"LA0530100","Hammond",NA,"LA","West South Central","South","TANGIPAHOA","City","Cities from 10,000 thru 24,999",20202,71,11,82,7,15,22,78,26,104,5.15,"HAMMOND POLICE DEPARTMENT                         ","Hammond Police Department"
"1678",2011,"LA0370200","West Monroe",NA,"LA","West South Central","South","OUACHITA","City","Cities from 10,000 thru 24,999",13184,57,1,58,6,12,18,63,13,76,5.76,"WEST MONROE POLICE DEPARTMENT                     ","West Monroe Police Department"
"1679",2011,"LA0370500","Richwood",NA,"LA","West South Central","South","OUACHITA","City","Cities from 2,500 thru 9,999",3423,9,0,9,0,2,2,9,2,11,3.21,"RICHWOOD POLICE DEPARTMENT                        ","Richwood Police Department"
"1680",2011,"LA0091000","Greenwood",NA,"LA","West South Central","South","CADDO","City","Cities from 2,500 thru 9,999",3248,7,0,7,3,1,4,10,1,11,3.39,"GREENWOOD POLICE DEPARTMENT                       ","Greenwood Police Department"
"1681",2011,"LA0220500","Pollock",NA,"LA","West South Central","South","GRANT","City","Cities under 2,500",473,3,0,3,0,1,1,3,1,4,8.46,"POLLOCK POLICE DEPARTMENT                         ","Pollock Police Department"
"1682",2011,"LA0510400","Patterson",NA,"LA","West South Central","South","ST MARY","City","Cities from 2,500 thru 9,999",6168,19,0,19,10,0,10,29,0,29,4.7,"PATTERSON POLICE DEPARTMENT                       ","Patterson Police Department"
"1683",2011,"LA0610000","West Baton Rouge",NA,"LA","West South Central","South","WEST BATON ROUGE","County","MSA counties from 10,000 thru 24,999",12540,104,21,125,23,31,54,127,52,179,14.27,"WEST BATON ROUGE PARISH SHERIFF'S OFFICE          ","West Baton Rouge Parish Sheriff's Office"
"1684",2011,"LA0080400","Haughton",NA,"LA","West South Central","South","BOSSIER","City","Cities from 2,500 thru 9,999",3486,8,0,8,0,0,0,8,0,8,2.29,"HAUGHTON POLICE DEPARTMENT                        ","Haughton Police Department"
"1685",2011,"LA0320300","Walker",NA,"LA","West South Central","South","LIVINGSTON","City","Cities from 2,500 thru 9,999",6194,15,0,15,1,4,5,16,4,20,3.23,"WALKER POLICE DEPARTMENT                          ","Walker Police Department"
"1686",2011,"LA0290500","Thibodaux",NA,"LA","West South Central","South","LAFOURCHE","City","Cities from 10,000 thru 24,999",14699,53,8,61,5,19,24,58,27,85,5.78,"THIBODAUX POLICE DEPARTMENT                       ","Thibodaux Police Department"
"1687",2011,"LA0320700","French Settlement",NA,"LA","West South Central","South","LIVINGSTON","City","Cities under 2,500",1126,1,0,1,0,0,0,1,0,1,0.89,"FRENCH SETTLEMENT POLICE DEPARTMENT               ","French Settlement Police Department"
"1688",2011,"LA0030300","Sorrento",NA,"LA","West South Central","South","ASCENSION","City","Cities under 2,500",1414,5,0,5,2,1,3,7,1,8,5.66,"SORRENTO POLICE DEPARTMENT                        ","Sorrento Police Department"
"1689",2011,"LA0600000","Webster",NA,"LA","West South Central","South","WEBSTER","County","Non-MSA counties from 10,000 thru 24,999",21616,42,55,97,4,41,45,46,96,142,6.57,"WEBSTER PARISH SHERIFF'S OFFICE                   ","Webster Parish Sheriff's Office"
"1690",2011,"LA0090000","Caddo",NA,"LA","West South Central","South","CADDO","County","MSA counties from 25,000 thru 99,999",47998,348,43,391,85,182,267,433,225,658,13.71,"CADDO PARISH SHERIFF'S OFFICE                     ","Caddo Parish Sheriff's Office"
"1691",2011,"LA0250000","Jackson",NA,"LA","West South Central","South","JACKSON","County","Non-MSA counties from 10,000 thru 24,999",11202,141,0,141,44,0,44,185,0,185,16.51,"JACKSON PARISH SHERIFF'S OFFICE                   ","Jackson Parish Sheriff's Office"
"1692",2011,"LA0480000","St. John the Baptist",NA,"LA","West South Central","South","ST JOHN THE BAPTIST","County","MSA counties from 25,000 thru 99,999",46344,166,15,181,50,21,71,216,36,252,5.44,"ST. JOHN THE BAPTIST PARISH SHERIFF'S OFFICE      ","St. John The Baptist Parish Sheriff's Office"
"1693",2011,"LA0260300","Kenner",NA,"LA","West South Central","South","JEFFERSON","City","Cities from 50,000 thru 99,999",67312,152,19,171,20,41,61,172,60,232,3.45,"KENNER POLICE DEPARTMENT                          ","Kenner Police Department"
"1694",2011,"LA0040000","Assumption",NA,"LA","West South Central","South","ASSUMPTION","County","Non-MSA counties from 10,000 thru 24,999",22969,34,11,45,12,21,33,46,32,78,3.4,"ASSUMPTION PARISH SHERIFF'S OFFICE                ","Assumption Parish Sheriff's Office"
"1695",2011,"LA0150200","Vidalia",NA,"LA","West South Central","South","CONCORDIA","City","Cities from 2,500 thru 9,999",4338,23,0,23,3,8,11,26,8,34,7.84,"VIDALIA POLICE DEPARTMENT                         ","Vidalia Police Department"
"1696",2011,"LA0200000","Evangeline",NA,"LA","West South Central","South","EVANGELINE","County","Non-MSA counties from 10,000 thru 24,999",21688,21,10,31,1,25,26,22,35,57,2.63,"EVANGELINE PARISH SHERIFF'S OFFICE                ","Evangeline Parish Sheriff's Office"
"1697",2011,"LA0600100","Minden",NA,"LA","West South Central","South","WEBSTER","City","Cities from 10,000 thru 24,999",13202,29,0,29,6,0,6,35,0,35,2.65,"MINDEN POLICE DEPARTMENT                          ","Minden Police Department"
"1698",2011,"LA0530200","Kentwood",NA,"LA","West South Central","South","TANGIPAHOA","City","Cities under 2,500",2218,7,1,8,0,0,0,7,1,8,3.61,"KENTWOOD POLICE DEPARTMENT                        ","Kentwood Police Department"
"1699",2011,"LA0100500","Westlake",NA,"LA","West South Central","South","CALCASIEU","City","Cities from 2,500 thru 9,999",4610,15,0,15,6,0,6,21,0,21,4.56,"WESTLAKE POLICE DEPARTMENT                        ","Westlake Police Department"
"1700",2011,"LA0600200","Springhill",NA,"LA","West South Central","South","WEBSTER","City","Cities from 2,500 thru 9,999",5317,15,0,15,4,0,4,19,0,19,3.57,"SPRINGHILL POLICE DEPARTMENT                      ","Springhill Police Department"
"1701",2011,"LA0160100","Mansfield",NA,"LA","West South Central","South","DE SOTO","City","Cities from 2,500 thru 9,999",5047,14,0,14,4,4,8,18,4,22,4.36,"MANSFIELD POLICE DEPARTMENT                       ","Mansfield Police Department"
"1702",2011,"LA0520100","Covington",NA,"LA","West South Central","South","ST TAMMANY","City","Cities from 2,500 thru 9,999",8845,33,1,34,3,10,13,36,11,47,5.31,"COVINGTON POLICE DEPARTMENT                       ","Covington Police Department"
"1703",2011,"LA0380000","Plaquemines",NA,"LA","West South Central","South","PLAQUEMINES","County","MSA counties from 10,000 thru 24,999",23253,112,0,112,49,1,50,161,1,162,6.97,"PLAQUEMINES PARISH SHERIFF'S OFFICE               ","Plaquemines Parish Sheriff's Office"
"1704",2011,"LA0280300","Lafayette",NA,"LA","West South Central","South","LAFAYETTE","City","Cities from 100,000 thru 249,999",121726,236,5,241,21,51,72,257,56,313,2.57,"LAFAYETTE POLICE DEPARTMENT                       ","Lafayette Police Department"
"1705",2011,"LA0550100","Houma",NA,"LA","West South Central","South","TERREBONNE","City","Cities from 25,000 thru 49,999",34035,65,15,80,11,2,13,76,17,93,2.73,"HOUMA POLICE DEPARTMENT                           ","Houma Police Department"
"1706",2011,"LA0570200","Kaplan",NA,"LA","West South Central","South","VERMILION","City","Cities from 2,500 thru 9,999",4642,15,1,16,2,5,7,17,6,23,4.95,"KAPLAN POLICE DEPARTMENT                          ","Kaplan Police Department"
"1707",2011,"LA0520300","Mandeville",NA,"LA","West South Central","South","ST TAMMANY","City","Cities from 10,000 thru 24,999",11666,32,4,36,4,9,13,36,13,49,4.2,"MANDEVILLE POLICE DEPARTMENT                      ","Mandeville Police Department"
"1708",2011,"LA0610200","Brusly",NA,"LA","West South Central","South","WEST BATON ROUGE","City","Cities from 2,500 thru 9,999",2613,8,0,8,0,1,1,8,1,9,3.44,"BRUSLY POLICE DEPARTMENT                          ","Brusly Police Department"
"1709",2011,"LA0270000","Jefferson Davis",NA,"LA","West South Central","South","JEFFERSON DAVIS","County","Non-MSA counties from 10,000 thru 24,999",14248,45,2,47,3,10,13,48,12,60,4.21,"JEFFERSON DAVIS PARISH SHERIFF'S OFFICE           ","Jefferson Davis Parish Sheriff's Office"
"1710",2011,"LA0240600","St. Gabriel",NA,"LA","West South Central","South","IBERVILLE","City","Cities from 2,500 thru 9,999",6738,12,1,13,0,7,7,12,8,20,2.97,"ST. GABRIEL POLICE DEPARTMENT                     ","St. Gabriel Police Department"
"1711",2011,"LA0310300","Grambling",NA,"LA","West South Central","South","LINCOLN","City","Cities from 2,500 thru 9,999",4994,11,0,11,1,5,6,12,5,17,3.4,"GRAMBLING POLICE DEPARTMENT                       ","Grambling Police Department"
"1712",2011,"LA0100200","Lake Charles",NA,"LA","West South Central","South","CALCASIEU","City","Cities from 50,000 thru 99,999",72651,140,1,141,43,1,44,183,2,185,2.55,"LAKE CHARLES POLICE DEPARTMENT                    ","Lake Charles Police Department"
"1713",2011,"LA0030200","Gonzales",NA,"LA","West South Central","South","ASCENSION","City","Cities from 2,500 thru 9,999",9870,40,0,40,5,0,5,45,0,45,4.56,"GONZALES POLICE DEPARTMENT                        ","Gonzales Police Department"
"1714",2011,"LA0630100","St. Francisville",NA,"LA","West South Central","South","WEST FELICIANA","City","Cities under 2,500",1781,7,0,7,1,1,2,8,1,9,5.05,"ST. FRANCISVILLE POLICE DEPARTMENT                ","St. Francisville Police Department"
"1715",2011,"LA0370000","Ouachita",NA,"LA","West South Central","South","OUACHITA","County","MSA counties from 25,000 thru 99,999",87649,256,0,256,134,0,134,390,0,390,4.45,"OUACHITA PARISH SHERIFF'S OFFICE                  ","Ouachita Parish Sheriff's Office"
"1716",2011,"LALSP0000","State Police",NA,"LA","West South Central","South","UNMAPPED COUNTY","State Police","Non-MSA counties under 10,000",0,1075,145,1220,52,355,407,1127,500,1627,NA,"LOUISIANA STATE POLICE                            ","Louisiana State Police"
"1717",2011,"LA0510200","Franklin",NA,"LA","West South Central","South","ST MARY","City","Cities from 2,500 thru 9,999",7730,6,0,6,15,2,17,21,2,23,2.98,"FRANKLIN POLICE DEPARTMENT                        ","Franklin Police Department"
"1718",2011,"LA0300100","Jena",NA,"LA","West South Central","South","LA SALLE","City","Cities from 2,500 thru 9,999",3429,5,0,5,0,1,1,5,1,6,1.75,"JENA POLICE DEPARTMENT                            ","Jena Police Department"
"1719",2011,"LA0470000","St. James",NA,"LA","West South Central","South","ST JAMES","County","Non-MSA counties from 10,000 thru 24,999",15066,57,6,63,17,16,33,74,22,96,6.37,"ST. JAMES PARISH SHERIFF'S OFFICE                 ","St. James Parish Sheriff's Office"
"1720",2011,"LA0400100","Alexandria",NA,"LA","West South Central","South","RAPIDES","City","Cities from 25,000 thru 49,999",48159,135,2,137,14,32,46,149,34,183,3.8,"ALEXANDRIA POLICE DEPARTMENT                      ","Alexandria Police Department"
"1721",2011,"LA0310200","Ruston",NA,"LA","West South Central","South","LINCOLN","City","Cities from 10,000 thru 24,999",22059,40,2,42,2,12,14,42,14,56,2.54,"RUSTON POLICE DEPARTMENT                          ","Ruston Police Department"
"1722",2011,"LA0350400","Clarence",NA,"LA","West South Central","South","NATCHITOCHES","City","Cities under 2,500",504,1,0,1,0,0,0,1,0,1,1.98,"CLARENCE POLICE DEPARTMENT                        ","Clarence Police Department"
"1723",2011,"LA0351000","Northwestern State University",NA,"LA","West South Central","South","NATCHITOCHES","University or College","Cities under 2,500",0,16,1,17,2,4,6,18,5,23,NA,"NORTHWESTERN STATE UNIVERSITY OF LOUISIANA POLICE ","Northwestern State University Of Louisiana Police"
"1724",2011,"LA0510000","St. Mary",NA,"LA","West South Central","South","ST MARY","County","Non-MSA counties from 10,000 thru 24,999",21286,111,2,113,69,16,85,180,18,198,9.3,"ST. MARY PARISH SHERIFF'S OFFICE                  ","St. Mary Parish Sheriff's Office"
"1725",2011,"LA0110000","Caldwell",NA,"LA","West South Central","South","CALDWELL","County","Non-MSA counties from 10,000 thru 24,999",10225,20,0,20,10,1,11,30,1,31,3.03,"CALDWELL PARISH SHERIFF'S OFFICE                  ","Caldwell Parish Sheriff's Office"
"1726",2011,"LA0050100","Bunkie",NA,"LA","West South Central","South","AVOYELLES","City","Cities from 2,500 thru 9,999",4209,8,2,10,3,0,3,11,2,13,3.09,"BUNKIE POLICE DEPARTMENT                          ","Bunkie Police Department"
"1727",2011,"LA0170100","Baker",NA,"LA","West South Central","South","EAST BATON ROUGE","City","Cities from 10,000 thru 24,999",14022,28,0,28,9,2,11,37,2,39,2.78,"BAKER POLICE DEPARTMENT                           ","Baker Police Department"
"1728",2011,"LA0490400","Sunset",NA,"LA","West South Central","South","ST LANDRY","City","Cities from 2,500 thru 9,999",2923,7,0,7,1,5,6,8,5,13,4.45,"SUNSET POLICE DEPARTMENT                          ","Sunset Police Department"
"1729",2011,"LA0500000","St. Martin",NA,"LA","West South Central","South","ST MARTIN","County","MSA counties from 25,000 thru 99,999",38191,91,79,170,43,71,114,134,150,284,7.44,"ST. MARTIN PARISH SHERIFF'S OFFICE                ","St. Martin Parish Sheriff's Office"
"1730",2011,"LA0390000","Pointe Coupee",NA,"LA","West South Central","South","POINTE COUPEE","County","MSA counties from 10,000 thru 24,999",18136,65,0,65,30,0,30,95,0,95,5.24,"POINTE COUPEE PARISH SHERIFF'S OFFICE             ","Pointe Coupee Parish Sheriff's Office"
"1731",2011,"LA0020000","Allen",NA,"LA","West South Central","South","ALLEN","County","Non-MSA counties from 10,000 thru 24,999",15649,31,15,46,3,11,14,34,26,60,3.83,"ALLEN PARISH SHERIFF'S OFFICE                     ","Allen Parish Sheriff's Office"
"1732",2011,"LA0010000","Acadia",NA,"LA","West South Central","South","ACADIA","County","Non-MSA counties from 25,000 thru 99,999",34353,50,18,68,3,34,37,53,52,105,3.06,"ACADIA PARISH SHERIFF'S OFFICE                    ","Acadia Parish Sheriff's Office"
"1733",2011,"LA0260000","Jefferson",NA,"LA","West South Central","South","JEFFERSON","County","MSA counties 100,000 or over",333324,683,188,871,126,407,533,809,595,1404,4.21,"JEFFERSON PARISH SHERIFF'S OFFICE                 ","Jefferson Parish Sheriff's Office"
"1734",2011,"LA0100300","Sulphur",NA,"LA","West South Central","South","CALCASIEU","City","Cities from 10,000 thru 24,999",20597,44,7,51,0,17,17,44,24,68,3.3,"SULPHUR POLICE DEPARTMENT                         ","Sulphur Police Department"
"1735",2011,"LA0160000","De Soto",NA,"LA","West South Central","South","DE SOTO","County","MSA counties from 10,000 thru 24,999",20022,81,0,81,14,19,33,95,19,114,5.69,"DE SOTO PARISH SHERIFF'S OFFICE                   ","De Soto Parish Sheriff's Office"
"1736",2011,"LA0080000","Bossier",NA,"LA","West South Central","South","BOSSIER","County","MSA counties from 25,000 thru 99,999",49960,259,32,291,41,43,84,300,75,375,7.51,"BOSSIER PARISH SHERIFF'S OFFICE                   ","Bossier Parish Sheriff's Office"
"1737",2011,"LA0140000","Claiborne",NA,"LA","West South Central","South","CLAIBORNE","County","Non-MSA counties from 10,000 thru 24,999",11737,21,32,53,17,27,44,38,59,97,8.26,"CLAIBORNE PARISH SHERIFF'S OFFICE                 ","Claiborne Parish Sheriff's Office"
"1738",2011,"LA0090100","Shreveport",NA,"LA","West South Central","South","BOSSIER, CADDO","City","Cities from 100,000 thru 249,999",201134,455,19,474,161,85,246,616,104,720,3.58,"SHREVEPORT POLICE DEPARTMENT                      ","Shreveport Police Department"
"1739",2011,"LA0090400","Blanchard",NA,"LA","West South Central","South","CADDO","City","Cities from 2,500 thru 9,999",2926,5,0,5,0,1,1,5,1,6,2.05,"BLANCHARD POLICE DEPARTMENT                       ","Blanchard Police Department"
"1740",2011,"LA0100000","Calcasieu",NA,"LA","West South Central","South","CALCASIEU","County","MSA counties from 25,000 thru 99,999",87144,322,260,582,109,154,263,431,414,845,9.7,"CALCASIEU PARISH SHERIFF'S OFFICE                 ","Calcasieu Parish Sheriff's Office"
"1741",2011,"LA0290100","Golden Meadow",NA,"LA","West South Central","South","LAFOURCHE","City","Cities under 2,500",2120,5,0,5,0,1,1,5,1,6,2.83,"GOLDEN MEADOW POLICE DEPARTMENT                   ","Golden Meadow Police Department"
"1742",2011,"LA0050200","Marksville",NA,"LA","West South Central","South","AVOYELLES","City","Cities from 2,500 thru 9,999",5754,21,0,21,1,5,6,22,5,27,4.69,"MARKSVILLE POLICE DEPARTMENT                      ","Marksville Police Department"
"1743",2011,"LA0171100","Department of Public Safety State Capitol Detail",NA,"LA","West South Central","South","EAST BATON ROUGE","Other State Agency","Cities under 2,500",0,27,0,27,5,1,6,32,1,33,NA,"DEPT PUB SFTY ST CAP DTL                          ","Police Department Pub Sfty St Cap Dtl"
"1744",2011,"LA0360200","Delgado Community College",NA,"LA","West South Central","South","ORLEANS","University or College","Cities under 2,500",0,20,3,23,5,6,11,25,9,34,NA,"DELGADO COMMUNITY COLLEGE POLICE                  ","Delgado Community College Police"
"1745",2011,"LA0260100","Gretna",NA,"LA","West South Central","South","JEFFERSON","City","Cities from 10,000 thru 24,999",17898,84,11,95,13,21,34,97,32,129,7.21,"GRETNA POLICE DEPARTMENT                          ","Gretna Police Department"
"1746",2011,"LA0080100","Bossier City",NA,"LA","West South Central","South","BOSSIER","City","Cities from 50,000 thru 99,999",61876,149,3,152,13,38,51,162,41,203,3.28,"BOSSIER CITY POLICE DEPT                          ","Bossier City Police Police Department"
"1747",2011,"LA0490200","Opelousas",NA,"LA","West South Central","South","ST LANDRY","City","Cities from 10,000 thru 24,999",16786,54,3,57,10,14,24,64,17,81,4.83,"OPELOUSAS POLICE DEPARTMENT                       ","Opelousas Police Department"
"1748",2011,"LA0370300","Sterlington",NA,"LA","West South Central","South","OUACHITA","City","Cities under 2,500",1609,6,0,6,0,0,0,6,0,6,3.73,"STERLINGTON POLICE DEPARTMENT                     ","Sterlington Police Department"
"1749",2011,"LA0610100","Port Allen",NA,"LA","West South Central","South","WEST BATON ROUGE","City","Cities from 2,500 thru 9,999",5227,16,0,16,1,1,2,17,1,18,3.44,"PORT ALLEN POLICE DEPARTMENT                      ","Port Allen Police Department"
"1750",2011,"LA0510500","Baldwin",NA,"LA","West South Central","South","ST MARY","City","Cities under 2,500",2458,6,0,6,2,0,2,8,0,8,3.25,"BALDWIN POLICE DEPARTMENT                         ","Baldwin Police Department"
"1751",2011,"LA0280000","Lafayette",NA,"LA","West South Central","South","LAFAYETTE","County","MSA counties from 25,000 thru 99,999",69203,341,39,380,118,136,254,459,175,634,9.16,"LAFAYETTE PARISH SHERIFF'S OFFICE                 ","Lafayette Parish Sheriff's Office"
"1752",2011,"LA0320000","Livingston",NA,"LA","West South Central","South","LIVINGSTON","County","MSA counties 100,000 or over",110330,168,0,168,65,0,65,233,0,233,2.11,"LIVINGSTON PARISH SHERIFF'S OFFICE                ","Livingston Parish Sheriff's Office"
"1753",2011,"LA0390100","New Roads",NA,"LA","West South Central","South","POINTE COUPEE","City","Cities from 2,500 thru 9,999",4875,17,1,18,2,0,2,19,1,20,4.1,"NEW ROADS POLICE DEPARTMENT                       ","New Roads Police Department"
"1754",2011,"LA0640000","Winn",NA,"LA","West South Central","South","WINN","County","Non-MSA counties from 10,000 thru 24,999",10569,13,0,13,9,0,9,22,0,22,2.08,"WINN PARISH SHERIFF'S OFFICE                      ","Winn Parish Sheriff's Office"
"1755",2011,"LANPD0000","New Orleans",NA,"LA","West South Central","South","ORLEANS","City","Cities from 250,000 thru 499,999",346974,1088,37,1125,261,223,484,1349,260,1609,4.64,"NEW ORLEANS POLICE DEPARTMENT                     ","New Orleans Police Department"
"1756",2011,"LA0170000","East Baton Rouge",NA,"LA","West South Central","South","EAST BATON ROUGE","County","MSA counties 100,000 or over",183484,578,8,586,185,105,290,763,113,876,4.77,"EAST BATON ROUGE PARISH SHERIFF'S OFFICE          ","East Baton Rouge Parish Sheriff's Office"
"1757",2011,"LA0080600","Louisiana State University:","Shreveport","LA","West South Central","South","BOSSIER","University or College","Cities under 2,500",0,8,0,8,1,1,2,9,1,10,NA,"LOUISIANA STATE UNIVERSITY - SHREVEPORT POLICE    ","Louisiana State University - Shreveport Police"
"1758",2011,"LA0570400","Erath",NA,"LA","West South Central","South","VERMILION","City","Cities under 2,500",2133,5,0,5,1,3,4,6,3,9,4.22,"ERATH POLICE DEPARTMENT                           ","Erath Police Department"
"1759",2011,"LA0440000","St. Bernard",NA,"LA","West South Central","South","ST BERNARD","County","MSA counties from 25,000 thru 99,999",36225,199,10,209,45,18,63,244,28,272,7.51,"ST. BERNARD PARISH SHERIFF'S OFFICE               ","St. Bernard Parish Sheriff's Office"
"1760",2011,"LA0260400","Westwego",NA,"LA","West South Central","South","JEFFERSON","City","Cities from 2,500 thru 9,999",8612,32,1,33,6,0,6,38,1,39,4.53,"WESTWEGO POLICE DEPARTMENT                        ","Westwego Police Department"
"1761",2011,"LA0100400","Vinton",NA,"LA","West South Central","South","CALCASIEU","City","Cities from 2,500 thru 9,999",3241,8,0,8,2,2,4,10,2,12,3.7,"VINTON POLICE DEPARTMENT                          ","Vinton Police Department"
"1762",2011,"LA0530800","Tickfaw",NA,"LA","West South Central","South","TANGIPAHOA","City","Cities under 2,500",700,3,0,3,1,0,1,4,0,4,5.71,"TICKFAW POLICE DEPARTMENT                         ","Tickfaw Police Department"
"1763",2011,"LA0620100","Oak Grove",NA,"LA","West South Central","South","WEST CARROLL","City","Cities under 2,500",1743,6,0,6,0,0,0,6,0,6,3.44,"OAK GROVE POLICE DEPARTMENT                       ","Oak Grove Police Department"
"1764",2011,"LA0570000","Vermilion",NA,"LA","West South Central","South","VERMILION","County","Non-MSA counties from 25,000 thru 99,999",39385,56,40,96,8,26,34,64,66,130,3.3,"VERMILION PARISH SHERIFF'S OFFICE                 ","Vermilion Parish Sheriff's Office"
"1765",2011,"LA0530400","Amite",NA,"LA","West South Central","South","TANGIPAHOA","City","Cities from 2,500 thru 9,999",4179,22,0,22,4,0,4,26,0,26,6.22,"AMITE POLICE DEPARTMENT                           ","Amite Police Department"
"1766",2011,"LA0010300","Church Point",NA,"LA","West South Central","South","ACADIA","City","Cities from 2,500 thru 9,999",4602,10,0,10,5,0,5,15,0,15,3.26,"CHURCH POINT POLICE DEPARTMENT                    ","Church Point Police Department"
"1767",2011,"LA0100100","De Quincy",NA,"LA","West South Central","South","CALCASIEU","City","Cities from 2,500 thru 9,999",3265,12,0,12,2,0,2,14,0,14,4.29,"DEQUINCY POLICE DEPARTMENT                        ","Dequincy Police Department"
"1768",2011,"LA0250400","Hodge",NA,"LA","West South Central","South","JACKSON","City","Cities under 2,500",474,4,0,4,0,0,0,4,0,4,8.44,"HODGE POLICE DEPT.                                ","Hodge Police Police Department"
"1769",2011,"LA0340100","Bastrop",NA,"LA","West South Central","South","MOREHOUSE","City","Cities from 10,000 thru 24,999",11469,19,0,19,2,8,10,21,8,29,2.53,"BASTROP POLICE DEPARTMENT                         ","Bastrop Police Department"
"1770",2011,"LA0170200","Baton Rouge",NA,"LA","West South Central","South","EAST BATON ROUGE","City","Cities from 100,000 thru 249,999",231592,582,16,598,65,160,225,647,176,823,3.55,"BATON ROUGE POLICE DEPARTMENT                     ","Baton Rouge Police Department"
"1771",2011,"LA0510600","Chitimacha Tribal",NA,"LA","West South Central","South","NOT SPECIFIED","Tribal","Cities under 2,500",0,7,0,7,7,0,7,14,0,14,NA,"CHITIMACHA TRIBAL POLICE DEPARTMENT               ","Chitimacha Tribal Police Department"
"1772",2011,"LA0270200","Jennings",NA,"LA","West South Central","South","JEFFERSON DAVIS","City","Cities from 10,000 thru 24,999",10478,23,4,27,2,8,10,25,12,37,3.53,"JENNINGS POLICE DEPARTMENT                        ","Jennings Police Department"
"1773",2011,"LA0530900","Southeastern Louisiana University",NA,"LA","West South Central","South","TANGIPAHOA","University or College","Cities under 2,500",0,22,2,24,2,9,11,24,11,35,NA,"SOUTHEASTERN LOUISIANA UNIVERSITY POLICE          ","Southeastern Louisiana University Police"
"1774",2011,"LA0510100","Berwick",NA,"LA","West South Central","South","ST MARY","City","Cities from 2,500 thru 9,999",4991,9,0,9,2,1,3,11,1,12,2.4,"BERWICK POLICE DEPARTMENT                         ","Berwick Police Department"
"1775",2011,"LA0530500","Independence",NA,"LA","West South Central","South","TANGIPAHOA","City","Cities under 2,500",1680,8,0,8,2,0,2,10,0,10,5.95,"INDEPENDENCE POLICE DEPARTMENT                    ","Independence Police Department"
"1776",2011,"LA0580000","Vernon",NA,"LA","West South Central","South","VERNON","County","Non-MSA counties from 25,000 thru 99,999",41376,87,13,100,17,32,49,104,45,149,3.6,"VERNON PARISH SHERIFF'S OFFICE                    ","Vernon Parish Sheriff's Office"
"1777",2011,"LA0450000","St. Charles",NA,"LA","West South Central","South","ST CHARLES","County","MSA counties from 25,000 thru 99,999",53263,221,6,227,42,94,136,263,100,363,6.82,"ST. CHARLES PARISH SHERIFF'S OFFICE               ","St. Charles Parish Sheriff's Office"
"1778",2011,"LA0400200","Pineville",NA,"LA","West South Central","South","RAPIDES","City","Cities from 10,000 thru 24,999",14688,52,2,54,7,7,14,59,9,68,4.63,"PINEVILLE POLICE DEPARTMENT                       ","Pineville Police Department"
"1779",2011,"LA0170600","Southern University and A&M College:","Baton Rouge","LA","West South Central","South","EAST BATON ROUGE","University or College","Cities under 2,500",0,14,7,21,7,11,18,21,18,39,NA,"SOUTHERN UNIVERSITY AND A & M COLLEGE POLICE      ","Southern University And A & M College Police"
"1780",2011,"LA0360300","University of New Orleans",NA,"LA","West South Central","South","ORLEANS","University or College","Cities under 2,500",0,20,0,20,3,0,3,23,0,23,NA,"UNIVERSITY OF NEW ORLEANS POLICE DEPT.            ","University Of New Orleans Police Police Department"
"1781",2011,"LA0250100","Jonesboro",NA,"LA","West South Central","South","JACKSON","City","Cities from 2,500 thru 9,999",4747,7,0,7,1,0,1,8,0,8,1.69,"JONESBORO POLICE DEPARTMENT                       ","Jonesboro Police Department"
"1782",2011,"LA0340000","Morehouse",NA,"LA","West South Central","South","MOREHOUSE","County","Non-MSA counties from 10,000 thru 24,999",16766,32,69,101,6,40,46,38,109,147,8.77,"MOREHOUSE PARISH SHERIFF'S OFFICE                 ","Morehouse Parish Sheriff's Office"
"1783",2011,"LA0290000","Lafourche",NA,"LA","West South Central","South","LAFOURCHE","County","MSA counties from 25,000 thru 99,999",80380,205,13,218,109,33,142,314,46,360,4.48,"LAFOURCHE PARISH SHERIFF'S OFFICE                 ","Lafourche Parish Sheriff's Office"
"1784",2011,"LA0190000","East Feliciana",NA,"LA","West South Central","South","EAST FELICIANA","County","MSA counties from 10,000 thru 24,999",13982,38,0,38,17,0,17,55,0,55,3.93,"EAST FELICIANA PARISH SHERIFF'S OFFICE            ","East Feliciana Parish Sheriff's Office"
"1785",2011,"LA0400500","Cheneyville",NA,"LA","West South Central","South","RAPIDES","City","Cities under 2,500",631,3,1,4,0,0,0,3,1,4,6.34,"CHENEYVILLE POLICE DEPT.                          ","Cheneyville Police Police Department"
"1786",2011,"LA0430500","Florien",NA,"LA","West South Central","South","SABINE","City","Cities under 2,500",639,2,1,3,0,0,0,2,1,3,4.69,"FLORIEN POLICE DEPARTMENT                         ","Florien Police Department"
"1787",2011,"LA0470200","Gramercy",NA,"LA","West South Central","South","ST JAMES","City","Cities from 2,500 thru 9,999",3646,6,0,6,1,0,1,7,0,7,1.92,"GRAMERCY POLICE DEPARTMENT                        ","Gramercy Police Department"
"1788",2011,"LA0560000","Union",NA,"LA","West South Central","South","UNION","County","MSA counties from 10,000 thru 24,999",16558,34,4,38,4,12,16,38,16,54,3.26,"UNION PARISH SHERIFF'S OFFICE                     ","Union Parish Sheriff's Office"
"1789",2011,"LA0520200","Slidell",NA,"LA","West South Central","South","ST TAMMANY","City","Cities from 25,000 thru 49,999",27316,71,6,77,2,30,32,73,36,109,3.99,"SLIDELL POLICE DEPARTMENT                         ","Slidell Police Department"
"1790",2011,"LA0020100","Kinder",NA,"LA","West South Central","South","ALLEN","City","Cities from 2,500 thru 9,999",2500,12,0,12,5,0,5,17,0,17,6.8,"KINDER POLICE DEPARTMENT                          ","Kinder Police Department"
"1791",2011,"LA0280200","Carencro",NA,"LA","West South Central","South","LAFAYETTE","City","Cities from 2,500 thru 9,999",7595,24,0,24,0,2,2,24,2,26,3.42,"CARENCRO POLICE DEPARTMENT                        ","Carencro Police Department"
"1792",2011,"LA0280500","Youngsville",NA,"LA","West South Central","South","LAFAYETTE","City","Cities from 2,500 thru 9,999",8179,11,0,11,2,0,2,13,0,13,1.59,"YOUNGSVILLE POLICE DEPARTMENT                     ","Youngsville Police Department"
"1793",2011,"LA0520700","Folsom",NA,"LA","West South Central","South","ST TAMMANY","City","Cities under 2,500",723,4,0,4,0,1,1,4,1,5,6.92,"FOLSOM POLICE DEPARTMENT                          ","Folsom Police Department"
"1794",2011,"LA0170400","Louisiana State University:","Baton Rouge","LA","West South Central","South","EAST BATON ROUGE","University or College","Cities under 2,500",0,53,0,53,6,3,9,59,3,62,NA,"LOUISIANA STATE UNIVERSITY POLICE DEPARTMENT      ","Louisiana State University Police Department"
"1795",2011,"LA0220400","Georgetown",NA,"LA","West South Central","South","GRANT","City","Cities under 2,500",330,2,0,2,1,1,2,3,1,4,12.12,"GEORGETOWN POLICE DEPARTMENT                      ","Georgetown Police Department"
"1796",2011,"LA0590200","Franklinton",NA,"LA","West South Central","South","WASHINGTON","City","Cities from 2,500 thru 9,999",3892,16,1,17,1,5,6,17,6,23,5.91,"FRANKLINTON POLICE DEPARTMENT                     ","Franklinton Police Department"
"1797",2011,"LA0580100","Leesville",NA,"LA","West South Central","South","VERNON","City","Cities from 2,500 thru 9,999",6672,14,1,15,9,2,11,23,3,26,3.9,"LEESVILLE POLICE DEPARTMENT                       ","Leesville Police Department"
"1798",2011,"LA0600800","Dixie Inn",NA,"LA","West South Central","South","WEBSTER","City","Cities under 2,500",275,3,0,3,0,0,0,3,0,3,10.91,"DIXIE INN POLICE DEPARTMENT                       ","Dixie Inn Police Department"
"1799",2011,"LA0590100","Bogalusa",NA,"LA","West South Central","South","WASHINGTON","City","Cities from 10,000 thru 24,999",12344,29,8,37,4,13,17,33,21,54,4.37,"BOGALUSA POLICE DEPARTMENT                        ","Bogalusa Police Department"
"1800",2011,"LA0040100","Napoleonville",NA,"LA","West South Central","South","ASSUMPTION","City","Cities under 2,500",666,1,0,1,0,0,0,1,0,1,1.5,"NAPOLEONVILLE POLICE DEPARTMENT                   ","Napoleonville Police Department"
"1801",2011,"LA0590000","Washington",NA,"LA","West South Central","South","WASHINGTON","County","Non-MSA counties from 25,000 thru 99,999",31363,62,2,64,6,20,26,68,22,90,2.87,"WASHINGTON PARISH SHERIFF'S OFFICE                ","Washington Parish Sheriff's Office"
"1802",2011,"LA0120000","Cameron",NA,"LA","West South Central","South","CAMERON","County","MSA counties under 10,000",6902,50,2,52,10,8,18,60,10,70,10.14,"CAMERON PARISH SHERIFF'S OFFICE                   ","Cameron Parish Sheriff's Office"
"1803",2011,"LA0160800","Stonewall",NA,"LA","West South Central","South","DE SOTO","City","Cities under 2,500",1831,4,0,4,0,0,0,4,0,4,2.18,"STONEWALL POLICE DEPARTMENT                       ","Stonewall Police Department"
"1804",2011,"LA0370400","University of Louisiana:","Monroe","LA","West South Central","South","OUACHITA","University or College","Cities under 2,500",0,20,4,24,0,3,3,20,7,27,NA,"UNIVERSITY OF LOUISIANA - MONROE POLICE           ","University Of Louisiana - Monroe Police"
"1805",2011,"LA0350000","Natchitoches",NA,"LA","West South Central","South","NATCHITOCHES","County","Non-MSA counties from 10,000 thru 24,999",20933,58,4,62,3,22,25,61,26,87,4.16,"NATCHITOCHES PARISH SHERIFF'S OFFICE              ","Natchitoches Parish Sheriff's Office"
"1806",2011,"LA0190100","Clinton",NA,"LA","West South Central","South","EAST FELICIANA","City","Cities under 2,500",1668,7,0,7,0,1,1,7,1,8,4.8,"CLINTON POLICE DEPT.                              ","Clinton Police Police Department"
"1807",2011,"LA0230200","Jeanerette",NA,"LA","West South Central","South","IBERIA","City","Cities from 2,500 thru 9,999",5581,10,0,10,3,5,8,13,5,18,3.23,"JEANERETTE POLICE DEPARTMENT                      ","Jeanerette Police Department"
"1808",2011,"LA0210200","Wisner",NA,"LA","West South Central","South","FRANKLIN","City","Cities under 2,500",973,2,0,2,0,0,0,2,0,2,2.06,"WISNER POLICE DEPARTMENT                          ","Wisner Police Department"
"1809",2011,"LA0460000","St. Helena",NA,"LA","West South Central","South","ST HELENA","County","MSA counties from 10,000 thru 24,999",11305,20,13,33,5,12,17,25,25,50,4.42,"ST. HELENA PARISH SHERIFF'S OFFICE                ","St. Helena Parish Sheriff's Office"
"1810",2011,"LA0010100","Crowley",NA,"LA","West South Central","South","ACADIA","City","Cities from 10,000 thru 24,999",13386,33,0,33,5,4,9,38,4,42,3.14,"CROWLEY POLICE DEPARTMENT                         ","Crowley Police Department"
"1811",2011,"LA0610300","Addis",NA,"LA","West South Central","South","WEST BATON ROUGE","City","Cities from 2,500 thru 9,999",3626,11,0,11,0,1,1,11,1,12,3.31,"ADDIS POLICE DEPARTMENT                           ","Addis Police Department"
"1812",2011,"LA036209E","Tulane University",NA,"LA","West South Central","South","ORLEANS","University or College","Cities under 2,500",0,83,13,96,11,23,34,94,36,130,NA,NA,"Tulane University"
"1813",2011,"LA0520000","St. Tammany",NA,"LA","West South Central","South","ST TAMMANY","County","MSA counties 100,000 or over",184799,356,112,468,76,162,238,432,274,706,3.82,"ST. TAMMANY PARISH SHERIFF'S OFFICE               ","St. Tammany Parish Sheriff's Office"
"1814",2011,"LA0361700","Louisiana State University:","Health Sciences Center, New Orleans","LA","West South Central","South","ORLEANS","University or College","Cities under 2,500",0,22,0,22,6,0,6,28,0,28,NA,"LSU HEALTH SCIENCES CENTER POLICE DEPARTMENT      ","Lsu Health Sciences Center Police Department"
"1815",2011,"LA0290600","Nicholls State University",NA,"LA","West South Central","South","LAFOURCHE","University or College","Cities under 2,500",0,8,1,9,3,4,7,11,5,16,NA,"NICHOLLS STATE UNIVERSITY POLICE                  ","Nicholls State University Police"
"1816",2011,"LA0470100","Lutcher",NA,"LA","West South Central","South","ST JAMES","City","Cities from 2,500 thru 9,999",3592,2,0,2,0,1,1,2,1,3,0.84,"LUTCHER POLICE DEPARTMENT                         ","Lutcher Police Department"
"1817",2011,"LA0260200","Harahan",NA,"LA","West South Central","South","JEFFERSON","City","Cities from 2,500 thru 9,999",9362,15,2,17,5,4,9,20,6,26,2.78,"HARAHAN POLICE DEPARTMENT                         ","Harahan Police Department"
"1818",2011,"LA0030000","Ascension",NA,"LA","West South Central","South","ASCENSION","County","MSA counties from 25,000 thru 99,999",96912,199,3,202,45,34,79,244,37,281,2.9,"ASCENSION PARISH SHERIFF'S OFFICE                 ","Ascension Parish Sheriff's Office"
"1819",2011,"LA0540000","Tensas",NA,"LA","West South Central","South","TENSAS","County","Non-MSA counties under 10,000",2221,16,0,16,13,0,13,29,0,29,13.06,"TENSAS PARISH SHERIFF'S OFFICE                    ","Tensas Parish Sheriff's Office"
"1820",2011,"LA0620000","West Carroll",NA,"LA","West South Central","South","WEST CARROLL","County","Non-MSA counties under 10,000",9105,16,0,16,4,0,4,20,0,20,2.2,"WEST CARROLL PARISH SHERIFF'S OFFICE              ","West Carroll Parish Sheriff's Office"
"1821",2010,"LA0090100","Shreveport",NA,"LA","West South Central","South","BOSSIER, CADDO","City","Cities from 100,000 thru 249,999",199311,478,22,500,159,77,236,637,99,736,3.69,"SHREVEPORT POLICE DEPARTMENT                      ","Shreveport Police Department"
"1822",2010,"LA0140000","Claiborne",NA,"LA","West South Central","South","CLAIBORNE","County","Non-MSA counties from 10,000 thru 24,999",11631,18,0,18,16,0,16,34,0,34,2.92,"CLAIBORNE PARISH SHERIFF'S OFFICE                 ","Claiborne Parish Sheriff's Office"
"1823",2010,"LA0090400","Blanchard",NA,"LA","West South Central","South","CADDO","City","Cities from 2,500 thru 9,999",2899,5,0,5,0,1,1,5,1,6,2.07,"BLANCHARD POLICE DEPARTMENT                       ","Blanchard Police Department"
"1824",2010,"LA0080000","Bossier",NA,"LA","West South Central","South","BOSSIER","County","MSA counties from 25,000 thru 99,999",49508,253,39,292,40,38,78,293,77,370,7.47,"BOSSIER PARISH SHERIFF'S OFFICE                   ","Bossier Parish Sheriff's Office"
"1825",2010,"LA0510200","Franklin",NA,"LA","West South Central","South","ST MARY","City","Cities from 2,500 thru 9,999",7660,9,0,9,11,2,13,20,2,22,2.87,"FRANKLIN POLICE DEPARTMENT                        ","Franklin Police Department"
"1826",2010,"LA0490600","Port Barre",NA,"LA","West South Central","South","ST LANDRY","City","Cities under 2,500",2055,11,0,11,1,6,7,12,6,18,8.76,"PORT BARRE POLICE DEPT                            ","Port Barre Police Police Department"
"1827",2010,"LALSP0000","State Police",NA,"LA","West South Central","South","UNMAPPED COUNTY","State Police","Non-MSA counties under 10,000",0,1129,166,1295,52,363,415,1181,529,1710,NA,"LOUISIANA STATE POLICE                            ","Louisiana State Police"
"1828",2010,"LA0630100","St. Francisville",NA,"LA","West South Central","South","WEST FELICIANA","City","Cities under 2,500",1765,8,0,8,0,0,0,8,0,8,4.53,"ST. FRANCISVILLE POLICE DEPARTMENT                ","St. Francisville Police Department"
"1829",2010,"LA0320300","Walker",NA,"LA","West South Central","South","LIVINGSTON","City","Cities from 2,500 thru 9,999",6138,16,0,16,1,4,5,17,4,21,3.42,"WALKER POLICE DEPARTMENT                          ","Walker Police Department"
"1830",2010,"LA0290500","Thibodaux",NA,"LA","West South Central","South","LAFOURCHE","City","Cities from 10,000 thru 24,999",14566,45,3,48,11,8,19,56,11,67,4.6,"THIBODAUX POLICE DEPARTMENT                       ","Thibodaux Police Department"
"1831",2010,"LANPD0000","New Orleans",NA,"LA","West South Central","South","ORLEANS","City","Cities from 250,000 thru 499,999",343829,1177,40,1217,275,223,498,1452,263,1715,4.99,"NEW ORLEANS POLICE DEPARTMENT                     ","New Orleans Police Department"
"1832",2010,"LA0360300","University of New Orleans",NA,"LA","West South Central","South","ORLEANS","University or College","Cities under 2,500",0,22,0,22,2,0,2,24,0,24,NA,"UNIVERSITY OF NEW ORLEANS POLICE DEPT.            ","University Of New Orleans Police Police Department"
"1833",2010,"LA0120000","Cameron",NA,"LA","West South Central","South","CAMERON","County","MSA counties under 10,000",6839,51,2,53,10,10,20,61,12,73,10.67,"CAMERON PARISH SHERIFF'S OFFICE                   ","Cameron Parish Sheriff's Office"
"1834",2010,"LA0400200","Pineville",NA,"LA","West South Central","South","RAPIDES","City","Cities from 10,000 thru 24,999",14555,52,2,54,6,7,13,58,9,67,4.6,"PINEVILLE POLICE DEPARTMENT                       ","Pineville Police Department"
"1835",2010,"LA0510600","Chitimacha Tribal",NA,"LA","West South Central","South","NOT SPECIFIED","Tribal","Cities under 2,500",0,7,0,7,2,5,7,9,5,14,NA,"CHITIMACHA TRIBAL POLICE DEPARTMENT               ","Chitimacha Tribal Police Department"
"1836",2010,"LA0510100","Berwick",NA,"LA","West South Central","South","ST MARY","City","Cities from 2,500 thru 9,999",4946,10,0,10,2,1,3,12,1,13,2.63,"BERWICK POLICE DEPARTMENT                         ","Berwick Police Department"
"1837",2010,"LA0450000","St. Charles",NA,"LA","West South Central","South","ST CHARLES","County","MSA counties from 25,000 thru 99,999",52780,230,1,231,49,96,145,279,97,376,7.12,"ST. CHARLES PARISH SHERIFF'S OFFICE               ","St. Charles Parish Sheriff's Office"
"1838",2010,"LA0530900","Southeastern Louisiana University",NA,"LA","West South Central","South","TANGIPAHOA","University or College","Cities under 2,500",0,21,1,22,2,9,11,23,10,33,NA,"SOUTHEASTERN LOUISIANA UNIVERSITY POLICE          ","Southeastern Louisiana University Police"
"1839",2010,"LA0270200","Jennings",NA,"LA","West South Central","South","JEFFERSON DAVIS","City","Cities from 10,000 thru 24,999",10383,21,4,25,2,8,10,23,12,35,3.37,"JENNINGS POLICE DEPARTMENT                        ","Jennings Police Department"
"1840",2010,"LA0600000","Webster",NA,"LA","West South Central","South","WEBSTER","County","Non-MSA counties from 10,000 thru 24,999",21420,43,59,102,4,40,44,47,99,146,6.82,"WEBSTER PARISH SHERIFF'S OFFICE                   ","Webster Parish Sheriff's Office"
"1841",2010,"LA0240600","St. Gabriel",NA,"LA","West South Central","South","IBERVILLE","City","Cities from 2,500 thru 9,999",6677,12,1,13,0,7,7,12,8,20,3,"ST. GABRIEL POLICE DEPARTMENT                     ","St. Gabriel Police Department"
"1842",2010,"LA0030200","Gonzales",NA,"LA","West South Central","South","ASCENSION","City","Cities from 2,500 thru 9,999",9781,39,0,39,1,4,5,40,4,44,4.5,"GONZALES POLICE DEPARTMENT                        ","Gonzales Police Department"
"1843",2010,"LA0270000","Jefferson Davis",NA,"LA","West South Central","South","JEFFERSON DAVIS","County","Non-MSA counties from 10,000 thru 24,999",14119,47,5,52,3,10,13,50,15,65,4.6,"JEFFERSON DAVIS PARISH SHERIFF'S OFFICE           ","Jefferson Davis Parish Sheriff's Office"
"1844",2010,"LA0310300","Grambling",NA,"LA","West South Central","South","LINCOLN","City","Cities from 2,500 thru 9,999",4949,8,0,8,2,5,7,10,5,15,3.03,"GRAMBLING POLICE DEPARTMENT                       ","Grambling Police Department"
"1845",2010,"LA0100200","Lake Charles",NA,"LA","West South Central","South","CALCASIEU","City","Cities from 50,000 thru 99,999",71993,139,1,140,41,2,43,180,3,183,2.54,"LAKE CHARLES POLICE DEPARTMENT                    ","Lake Charles Police Department"
"1846",2010,"LA0250000","Jackson",NA,"LA","West South Central","South","JACKSON","County","Non-MSA counties from 10,000 thru 24,999",11100,33,92,125,1,43,44,34,135,169,15.23,"JACKSON PARISH SHERIFF'S OFFICE                   ","Jackson Parish Sheriff's Office"
"1847",2010,"LA0370200","West Monroe",NA,"LA","West South Central","South","OUACHITA","City","Cities from 10,000 thru 24,999",13065,61,1,62,16,2,18,77,3,80,6.12,"WEST MONROE POLICE DEPARTMENT                     ","West Monroe Police Department"
"1848",2010,"LA0090000","Caddo",NA,"LA","West South Central","South","CADDO","County","MSA counties from 25,000 thru 99,999",47563,353,33,386,93,171,264,446,204,650,13.67,"CADDO PARISH SHERIFF'S OFFICE                     ","Caddo Parish Sheriff's Office"
"1849",2010,"LA0520000","St. Tammany",NA,"LA","West South Central","South","ST TAMMANY","County","MSA counties 100,000 or over",183125,346,160,506,67,109,176,413,269,682,3.72,"ST. TAMMANY PARISH SHERIFF'S OFFICE               ","St. Tammany Parish Sheriff's Office"
"1850",2010,"LA0290600","Nicholls State University",NA,"LA","West South Central","South","LAFOURCHE","University or College","Cities under 2,500",0,7,0,7,3,5,8,10,5,15,NA,"NICHOLLS STATE UNIVERSITY POLICE                  ","Nicholls State University Police"
"1851",2010,"LA0540000","Tensas",NA,"LA","West South Central","South","TENSAS","County","Non-MSA counties under 10,000",2201,18,43,61,12,51,63,30,94,124,56.34,"TENSAS PARISH SHERIFF'S OFFICE                    ","Tensas Parish Sheriff's Office"
"1852",2010,"LA0620000","West Carroll",NA,"LA","West South Central","South","WEST CARROLL","County","Non-MSA counties under 10,000",9023,14,0,14,4,0,4,18,0,18,1.99,"WEST CARROLL PARISH SHERIFF'S OFFICE              ","West Carroll Parish Sheriff's Office"
"1853",2010,"LA0030000","Ascension",NA,"LA","West South Central","South","ASCENSION","County","MSA counties from 25,000 thru 99,999",96033,196,6,202,43,34,77,239,40,279,2.91,"ASCENSION PARISH SHERIFF'S OFFICE                 ","Ascension Parish Sheriff's Office"
"1854",2010,"LA0361700","Louisiana State University:","Health Sciences Center, New Orleans","LA","West South Central","South","ORLEANS","University or College","Cities under 2,500",0,20,0,20,8,0,8,28,0,28,NA,"LSU HEALTH SCIENCES CENTER POLICE DEPARTMENT      ","Lsu Health Sciences Center Police Department"
"1855",2010,"LA0050600","Moreauville",NA,"LA","West South Central","South","AVOYELLES","City","Cities under 2,500",929,3,0,3,0,0,0,3,0,3,3.23,"MOREAUVILLE POLICE DEPARTMENT                     ","Moreauville Police Department"
"1856",2010,"LA0320100","Denham Springs",NA,"LA","West South Central","South","LIVINGSTON","City","Cities from 10,000 thru 24,999",10215,34,0,34,1,8,9,35,8,43,4.21,"DENHAM SPRINGS POLICE DEPARTMENT                  ","Denham Springs Police Department"
"1857",2010,"LA0320600","Port Vincent",NA,"LA","West South Central","South","LIVINGSTON","City","Cities under 2,500",741,3,0,3,0,1,1,3,1,4,5.4,"PORT VINCENT POLICE DEPT.                         ","Port Vincent Police Police Department"
"1858",2010,"LA0401300","McNary",NA,"LA","West South Central","South","RAPIDES","City","Cities under 2,500",211,1,0,1,0,1,1,1,1,2,9.48,"MCNARY POLICE DEPARTMENT                          ","Mcnary Police Department"
"1859",2010,"LA0470000","St. James",NA,"LA","West South Central","South","ST JAMES","County","Non-MSA counties from 10,000 thru 24,999",14930,49,17,66,28,5,33,77,22,99,6.63,"ST. JAMES PARISH SHERIFF'S OFFICE                 ","St. James Parish Sheriff's Office"
"1860",2010,"LA0100400","Vinton",NA,"LA","West South Central","South","CALCASIEU","City","Cities from 2,500 thru 9,999",3212,7,0,7,1,3,4,8,3,11,3.42,"VINTON POLICE DEPARTMENT                          ","Vinton Police Department"
"1861",2010,"LA0370000","Ouachita",NA,"LA","West South Central","South","OUACHITA","County","MSA counties from 25,000 thru 99,999",86854,222,38,260,68,63,131,290,101,391,4.5,"OUACHITA PARISH SHERIFF'S OFFICE                  ","Ouachita Parish Sheriff's Office"
"1862",2010,"LA0300100","Jena",NA,"LA","West South Central","South","LA SALLE","City","Cities from 2,500 thru 9,999",3398,6,0,6,0,1,1,6,1,7,2.06,"JENA POLICE DEPARTMENT                            ","Jena Police Department"
"1863",2010,"LA0550000","Terrebonne",NA,"LA","West South Central","South","TERREBONNE","County","MSA counties from 25,000 thru 99,999",78133,131,108,239,29,105,134,160,213,373,4.77,"TERREBONNE PARISH SHERIFF'S OFFICE                ","Terrebonne Parish Sheriff's Office"
"1864",2010,"LA0560400","Marion",NA,"LA","West South Central","South","UNION","City","Cities under 2,500",765,2,0,2,0,0,0,2,0,2,2.61,"MARION POLICE DEPARTMENT                          ","Marion Police Department"
"1865",2010,"LA0530300","Ponchatoula",NA,"LA","West South Central","South","TANGIPAHOA","City","Cities from 2,500 thru 9,999",6559,21,0,21,2,5,7,23,5,28,4.27,"PONCHATOULA POLICE DEPARTMENT                     ","Ponchatoula Police Department"
"1866",2010,"LA0520100","Covington",NA,"LA","West South Central","South","ST TAMMANY","City","Cities from 2,500 thru 9,999",8765,37,1,38,2,11,13,39,12,51,5.82,"COVINGTON POLICE DEPARTMENT                       ","Covington Police Department"
"1867",2010,"LA0400000","Rapides",NA,"LA","West South Central","South","RAPIDES","County","MSA counties from 25,000 thru 99,999",60834,320,26,346,40,72,112,360,98,458,7.53,"RAPIDES PARISH SHERIFF'S OFFICE                   ","Rapides Parish Sheriff's Office"
"1868",2010,"LA0430100","Many",NA,"LA","West South Central","South","SABINE","City","Cities from 2,500 thru 9,999",2853,6,2,8,3,0,3,9,2,11,3.86,"MANY POLICE DEPARTMENT                            ","Many Police Department"
"1869",2010,"LA0510300","Morgan City",NA,"LA","West South Central","South","ST MARY","City","Cities from 10,000 thru 24,999",12404,38,1,39,15,1,16,53,2,55,4.43,"MORGAN CITY POLICE DEPARTMENT                     ","Morgan City Police Department"
"1870",2010,"LA0080500","Louisiana State University:","Health Sciences Center, Shreveport","LA","West South Central","South","BOSSIER","University or College","Cities under 2,500",0,37,12,49,8,4,12,45,16,61,NA,"LOUISIANA STATE UNIVERSITY HEALTH SCIENCES CENTER ","Louisiana State University Health Sciences Center"
"1871",2010,"LA0050300","Simmesport",NA,"LA","West South Central","South","AVOYELLES","City","Cities under 2,500",2161,5,0,5,0,0,0,5,0,5,2.31,"SIMMESPORT POLICE DEPT.                           ","Simmesport Police Police Department"
"1872",2010,"LA0520300","Mandeville",NA,"LA","West South Central","South","ST TAMMANY","City","Cities from 10,000 thru 24,999",11560,35,4,39,3,10,13,38,14,52,4.5,"MANDEVILLE POLICE DEPARTMENT                      ","Mandeville Police Department"
"1873",2010,"LA0610200","Brusly",NA,"LA","West South Central","South","WEST BATON ROUGE","City","Cities from 2,500 thru 9,999",2589,8,0,8,0,1,1,8,1,9,3.48,"BRUSLY POLICE DEPARTMENT                          ","Brusly Police Department"
"1874",2010,"LA0570200","Kaplan",NA,"LA","West South Central","South","VERMILION","City","Cities from 2,500 thru 9,999",4600,17,6,23,0,0,0,17,6,23,5,"KAPLAN POLICE DEPARTMENT                          ","Kaplan Police Department"
"1875",2010,"LA0080400","Haughton",NA,"LA","West South Central","South","BOSSIER","City","Cities from 2,500 thru 9,999",3454,7,0,7,0,0,0,7,0,7,2.03,"HAUGHTON POLICE DEPARTMENT                        ","Haughton Police Department"
"1876",2010,"LA0400400","Lecompte",NA,"LA","West South Central","South","RAPIDES","City","Cities under 2,500",1227,5,0,5,0,0,0,5,0,5,4.07,"LECOMPTE POLICE DEPARTMENT                        ","Lecompte Police Department"
"1877",2010,"LA0050100","Bunkie",NA,"LA","West South Central","South","AVOYELLES","City","Cities from 2,500 thru 9,999",4171,7,0,7,2,3,5,9,3,12,2.88,"BUNKIE POLICE DEPARTMENT                          ","Bunkie Police Department"
"1878",2010,"LA0170100","Baker",NA,"LA","West South Central","South","EAST BATON ROUGE","City","Cities from 10,000 thru 24,999",13895,28,0,28,9,2,11,37,2,39,2.81,"BAKER POLICE DEPARTMENT                           ","Baker Police Department"
"1879",2010,"LA0110000","Caldwell",NA,"LA","West South Central","South","CALDWELL","County","Non-MSA counties from 10,000 thru 24,999",10132,17,0,17,9,1,10,26,1,27,2.66,"CALDWELL PARISH SHERIFF'S OFFICE                  ","Caldwell Parish Sheriff's Office"
"1880",2010,"LA0170300","Zachary",NA,"LA","West South Central","South","EAST BATON ROUGE","City","Cities from 10,000 thru 24,999",14960,32,0,32,12,1,13,44,1,45,3.01,"ZACHARY POLICE DEPARTMENT                         ","Zachary Police Department"
"1881",2010,"LA0100700","Iowa",NA,"LA","West South Central","South","CALCASIEU","City","Cities from 2,500 thru 9,999",2996,9,0,9,0,3,3,9,3,12,4.01,"IOWA POLICE DEPARTMENT                            ","Iowa Police Department"
"1882",2010,"LA0090300","Oil City",NA,"LA","West South Central","South","CADDO","City","Cities under 2,500",1008,4,0,4,0,0,0,4,0,4,3.97,"OIL CITY POLICE DEPARTMENT                        ","Oil City Police Department"
"1883",2010,"LA0230200","Jeanerette",NA,"LA","West South Central","South","IBERIA","City","Cities from 2,500 thru 9,999",5530,10,0,10,4,0,4,14,0,14,2.53,"JEANERETTE POLICE DEPARTMENT                      ","Jeanerette Police Department"
"1884",2010,"LA0020100","Kinder",NA,"LA","West South Central","South","ALLEN","City","Cities under 2,500",2477,12,0,12,0,5,5,12,5,17,6.86,"KINDER POLICE DEPARTMENT                          ","Kinder Police Department"
"1885",2010,"LA0190100","Clinton",NA,"LA","West South Central","South","EAST FELICIANA","City","Cities under 2,500",1653,7,0,7,1,1,2,8,1,9,5.44,"CLINTON POLICE DEPT.                              ","Clinton Police Police Department"
"1886",2010,"LA0560000","Union",NA,"LA","West South Central","South","UNION","County","MSA counties from 10,000 thru 24,999",16407,32,5,37,4,11,15,36,16,52,3.17,"UNION PARISH SHERIFF'S OFFICE                     ","Union Parish Sheriff's Office"
"1887",2010,"LA0600800","Dixie Inn",NA,"LA","West South Central","South","WEBSTER","City","Cities under 2,500",273,2,0,2,0,0,0,2,0,2,7.33,"DIXIE INN POLICE DEPARTMENT                       ","Dixie Inn Police Department"
"1888",2010,"LA0350000","Natchitoches",NA,"LA","West South Central","South","NATCHITOCHES","County","Non-MSA counties from 10,000 thru 24,999",20744,51,7,58,7,17,24,58,24,82,3.95,"NATCHITOCHES PARISH SHERIFF'S OFFICE              ","Natchitoches Parish Sheriff's Office"
"1889",2010,"LA0590100","Bogalusa",NA,"LA","West South Central","South","WASHINGTON","City","Cities from 10,000 thru 24,999",12232,32,8,40,4,13,17,36,21,57,4.66,"BOGALUSA POLICE DEPARTMENT                        ","Bogalusa Police Department"
"1890",2010,"LA0070000","Bienville",NA,"LA","West South Central","South","BIENVILLE","County","Non-MSA counties from 10,000 thru 24,999",14353,31,8,39,2,14,16,33,22,55,3.83,"BIENVILLE PARISH SHERIFF'S OFFICE                 ","Bienville Parish Sheriff's Office"
"1891",2010,"LA0400600","Glenmora",NA,"LA","West South Central","South","RAPIDES","City","Cities under 2,500",1342,3,0,3,0,0,0,3,0,3,2.24,"GLENMORA POLICE DEPARTMENT                        ","Glenmora Police Department"
"1892",2010,"LA0430000","Sabine",NA,"LA","West South Central","South","SABINE","County","Non-MSA counties from 10,000 thru 24,999",19621,48,0,48,26,0,26,74,0,74,3.77,"SABINE PARISH SHERIFF'S OFFICE                    ","Sabine Parish Sheriff's Office"
"1893",2010,"LA0410000","Red River",NA,"LA","West South Central","South","RED RIVER","County","Non-MSA counties under 10,000",7127,34,0,34,10,0,10,44,0,44,6.17,"RED RIVER PARISH SHERIFF'S OFFICE                 ","Red River Parish Sheriff's Office"
"1894",2010,"LA0370900","Tensas Basin Levee District",NA,"LA","West South Central","South","OUACHITA","Other State Agency","Cities under 2,500",0,2,0,2,0,1,1,2,1,3,NA,"TENSAS BASIN LEVEE DISTRICT POLICE                ","Tensas Basin Levee District Police"
"1895",2010,"LA0500000","St. Martin",NA,"LA","West South Central","South","ST MARTIN","County","MSA counties from 25,000 thru 99,999",37845,93,45,138,43,60,103,136,105,241,6.37,"ST. MARTIN PARISH SHERIFF'S OFFICE                ","St. Martin Parish Sheriff's Office"
"1896",2010,"LA0010000","Acadia",NA,"LA","West South Central","South","ACADIA","County","Non-MSA counties from 25,000 thru 99,999",34043,49,21,70,6,32,38,55,53,108,3.17,"ACADIA PARISH SHERIFF'S OFFICE                    ","Acadia Parish Sheriff's Office"
"1897",2010,"LADI00600","Coushatta Tribal",NA,"LA","West South Central","South","NOT SPECIFIED","Tribal","Cities under 2,500",0,14,0,14,4,2,6,18,2,20,NA,"COUSHATTA TRIBAL POLICE DEPARTMENT                ","Coushatta Tribal Police Department"
"1898",2010,"LA0100800","McNeese State University",NA,"LA","West South Central","South","CALCASIEU","University or College","Cities under 2,500",0,9,3,12,3,3,6,12,6,18,NA,"MCNEESE STATE UNIVERSITY POLICE                   ","Mcneese State University Police"
"1899",2010,"LA0300000","La Salle",NA,"LA","West South Central","South","LA SALLE","County","Non-MSA counties from 10,000 thru 24,999",10107,30,0,30,15,0,15,45,0,45,4.45,"LA SALLE PARISH SHERIFF'S OFFICE                  ","La Salle Parish Sheriff's Office"
"1900",2010,"LA0570100","Abbeville",NA,"LA","West South Central","South","VERMILION","City","Cities from 10,000 thru 24,999",12257,37,1,38,4,1,5,41,2,43,3.51,"ABBEVILLE POLICE DEPARTMENT                       ","Abbeville Police Department"
"1901",2010,"LA0280600","Scott",NA,"LA","West South Central","South","LAFAYETTE","City","Cities from 2,500 thru 9,999",8614,22,0,22,1,1,2,23,1,24,2.79,"SCOTT POLICE DEPARTMENT                           ","Scott Police Department"
"1902",2010,"LA0530100","Hammond",NA,"LA","West South Central","South","TANGIPAHOA","City","Cities from 10,000 thru 24,999",20019,72,10,82,8,14,22,80,24,104,5.2,"HAMMOND POLICE DEPARTMENT                         ","Hammond Police Department"
"1903",2010,"LA0170200","Baton Rouge",NA,"LA","West South Central","South","EAST BATON ROUGE","City","Cities from 100,000 thru 249,999",229493,581,12,593,147,92,239,728,104,832,3.63,"BATON ROUGE POLICE DEPARTMENT                     ","Baton Rouge Police Department"
"1904",2010,"LA0100300","Sulphur",NA,"LA","West South Central","South","CALCASIEU","City","Cities from 10,000 thru 24,999",20410,41,8,49,1,17,18,42,25,67,3.28,"SULPHUR POLICE DEPARTMENT                         ","Sulphur Police Department"
"1905",2010,"LA0490800","Krotz Springs",NA,"LA","West South Central","South","ST LANDRY","City","Cities under 2,500",1198,3,0,3,2,1,3,5,1,6,5.01,"KROTZ SPRINGS POLICE DEPARTMENT                   ","Krotz Springs Police Department"
"1906",2010,"LA0160000","De Soto",NA,"LA","West South Central","South","DE SOTO","County","MSA counties from 10,000 thru 24,999",19841,75,0,75,15,20,35,90,20,110,5.54,"DE SOTO PARISH SHERIFF'S OFFICE                   ","De Soto Parish Sheriff's Office"
"1907",2010,"LA0620200","Epps",NA,"LA","West South Central","South","WEST CARROLL","City","Cities under 2,500",854,3,0,3,0,2,2,3,2,5,5.85,"EPPS POLICE DEPARTMENT                            ","Epps Police Department"
"1908",2010,"LA0510000","St. Mary",NA,"LA","West South Central","South","ST MARY","County","Non-MSA counties from 10,000 thru 24,999",21092,111,1,112,92,0,92,203,1,204,9.67,"ST. MARY PARISH SHERIFF'S OFFICE                  ","St. Mary Parish Sheriff's Office"
"1909",2010,"LA0351000","Northwestern State University",NA,"LA","West South Central","South","NATCHITOCHES","University or College","Cities under 2,500",0,16,1,17,2,5,7,18,6,24,NA,"NORTHWESTERN STATE UNIVERSITY OF LOUISIANA POLICE ","Northwestern State University Of Louisiana Police"
"1910",2010,"LA0330100","Tallulah",NA,"LA","West South Central","South","MADISON","City","Cities from 2,500 thru 9,999",7335,10,0,10,1,5,6,11,5,16,2.18,"TALLULAH POLICE DEPT.                             ","Tallulah Police Police Department"
"1911",2010,"LA0350100","Natchitoches",NA,"LA","West South Central","South","NATCHITOCHES","City","Cities from 10,000 thru 24,999",18323,44,1,45,5,14,19,49,15,64,3.49,"NATCHITOCHES POLICE DEPARTMENT                    ","Natchitoches Police Department"
"1912",2010,"LA0050000","Avoyelles",NA,"LA","West South Central","South","AVOYELLES","County","Non-MSA counties from 25,000 thru 99,999",29110,201,0,201,197,0,197,398,0,398,13.67,"AVOYELLES PARISH SHERIFF'S OFFICE                 ","Avoyelles Parish Sheriff's Office"
"1913",2010,"LA0300200","Olla",NA,"LA","West South Central","South","LA SALLE","City","Cities under 2,500",1385,4,0,4,0,0,0,4,0,4,2.89,"OLLA POLICE DEPARTMENT                            ","Olla Police Department"
"1914",2010,"LA0310000","Lincoln",NA,"LA","West South Central","South","LINCOLN","County","Non-MSA counties from 10,000 thru 24,999",19927,43,7,50,4,9,13,47,16,63,3.16,"LINCOLN PARISH SHERIFF'S OFFICE                   ","Lincoln Parish Sheriff's Office"
"1915",2010,"LA0530000","Tangipahoa",NA,"LA","West South Central","South","TANGIPAHOA","County","Non-MSA counties from 25,000 thru 99,999",85821,99,98,197,5,61,66,104,159,263,3.06,"TANGIPAHOA PARISH SHERIFF'S OFFICE                ","Tangipahoa Parish Sheriff's Office"
"1916",2010,"LA0150200","Vidalia",NA,"LA","West South Central","South","CONCORDIA","City","Cities from 2,500 thru 9,999",4299,18,1,19,3,7,10,21,8,29,6.75,"VIDALIA POLICE DEPARTMENT                         ","Vidalia Police Department"
"1917",2010,"LA0200000","Evangeline",NA,"LA","West South Central","South","EVANGELINE","County","Non-MSA counties from 10,000 thru 24,999",21491,22,14,36,1,25,26,23,39,62,2.88,"EVANGELINE PARISH SHERIFF'S OFFICE                ","Evangeline Parish Sheriff's Office"
"1918",2010,"LA0630000","West Feliciana",NA,"LA","West South Central","South","WEST FELICIANA","County","MSA counties from 10,000 thru 24,999",13860,44,2,46,5,23,28,49,25,74,5.34,"WEST FELICIANA PARISH SHERIFF'S OFFICE            ","West Feliciana Parish Sheriff's Office"
"1919",2010,"LA0200300","Ville Platte",NA,"LA","West South Central","South","EVANGELINE","City","Cities from 2,500 thru 9,999",7430,22,3,25,4,2,6,26,5,31,4.17,"VILLE PLATTE POLICE DEPARTMENT                    ","Ville Platte Police Department"
"1920",2010,"LA0280200","Carencro",NA,"LA","West South Central","South","LAFAYETTE","City","Cities from 2,500 thru 9,999",7526,24,0,24,0,2,2,24,2,26,3.45,"CARENCRO POLICE DEPARTMENT                        ","Carencro Police Department"
"1921",2010,"LA0190000","East Feliciana",NA,"LA","West South Central","South","EAST FELICIANA","County","MSA counties from 10,000 thru 24,999",14450,40,0,40,19,0,19,59,0,59,4.08,"EAST FELICIANA PARISH SHERIFF'S OFFICE            ","East Feliciana Parish Sheriff's Office"
"1922",2010,"LA0280500","Youngsville",NA,"LA","West South Central","South","LAFAYETTE","City","Cities from 2,500 thru 9,999",8105,13,0,13,2,0,2,15,0,15,1.85,"YOUNGSVILLE POLICE DEPARTMENT                     ","Youngsville Police Department"
"1923",2010,"LA0240200","Plaquemine",NA,"LA","West South Central","South","IBERVILLE","City","Cities from 2,500 thru 9,999",7119,19,1,20,7,2,9,26,3,29,4.07,"PLAQUEMINE POLICE DEPARTMENT                      ","Plaquemine Police Department"
"1924",2010,"LA0080600","Louisiana State University:","Shreveport","LA","West South Central","South","BOSSIER","University or College","Cities under 2,500",0,8,0,8,1,0,1,9,0,9,NA,"LOUISIANA STATE UNIVERSITY - SHREVEPORT POLICE    ","Louisiana State University - Shreveport Police"
"1925",2010,"LA0440000","St. Bernard",NA,"LA","West South Central","South","ST BERNARD","County","MSA counties from 25,000 thru 99,999",35897,196,15,211,41,19,60,237,34,271,7.55,"ST. BERNARD PARISH SHERIFF'S OFFICE               ","St. Bernard Parish Sheriff's Office"
"1926",2010,"LA0260400","Westwego",NA,"LA","West South Central","South","JEFFERSON","City","Cities from 2,500 thru 9,999",8534,33,1,34,6,0,6,39,1,40,4.69,"WESTWEGO POLICE DEPARTMENT                        ","Westwego Police Department"
"1927",2010,"LA0170000","East Baton Rouge",NA,"LA","West South Central","South","EAST BATON ROUGE","County","MSA counties 100,000 or over",181823,541,25,566,162,110,272,703,135,838,4.61,"EAST BATON ROUGE PARISH SHERIFF'S OFFICE          ","East Baton Rouge Parish Sheriff's Office"
"1928",2010,"LA0490000","St. Landry",NA,"LA","West South Central","South","ST LANDRY","County","Non-MSA counties from 25,000 thru 99,999",49526,85,56,141,12,68,80,97,124,221,4.46,"ST. LANDRY PARISH SHERIFF'S OFFICE                ","St. Landry Parish Sheriff's Office"
"1929",2010,"LA0610100","Port Allen",NA,"LA","West South Central","South","WEST BATON ROUGE","City","Cities from 2,500 thru 9,999",5180,17,0,17,2,1,3,19,1,20,3.86,"PORT ALLEN POLICE DEPARTMENT                      ","Port Allen Police Department"
"1930",2010,"LA0290100","Golden Meadow",NA,"LA","West South Central","South","LAFOURCHE","City","Cities under 2,500",2101,4,0,4,1,1,2,5,1,6,2.86,"GOLDEN MEADOW POLICE DEPARTMENT                   ","Golden Meadow Police Department"
"1931",2010,"LA0510500","Baldwin",NA,"LA","West South Central","South","ST MARY","City","Cities under 2,500",2436,6,0,6,2,1,3,8,1,9,3.69,"BALDWIN POLICE DEPARTMENT                         ","Baldwin Police Department"
"1932",2010,"LA0600200","Springhill",NA,"LA","West South Central","South","WEBSTER","City","Cities from 2,500 thru 9,999",5269,14,0,14,3,0,3,17,0,17,3.23,"SPRINGHILL POLICE DEPARTMENT                      ","Springhill Police Department"
"1933",2010,"LA0600100","Minden",NA,"LA","West South Central","South","WEBSTER","City","Cities from 10,000 thru 24,999",13082,29,0,29,5,0,5,34,0,34,2.6,"MINDEN POLICE DEPARTMENT                          ","Minden Police Department"
"1934",2010,"LA0260300","Kenner",NA,"LA","West South Central","South","JEFFERSON","City","Cities from 50,000 thru 99,999",66702,154,21,175,15,45,60,169,66,235,3.52,"KENNER POLICE DEPARTMENT                          ","Kenner Police Department"
"1935",2010,"LA0560100","Farmerville",NA,"LA","West South Central","South","UNION","City","Cities from 2,500 thru 9,999",3860,10,0,10,4,0,4,14,0,14,3.63,"FARMERVILLE POLICE DEPARTMENT                     ","Farmerville Police Department"
"1936",2010,"LA0530200","Kentwood",NA,"LA","West South Central","South","TANGIPAHOA","City","Cities under 2,500",2198,7,0,7,0,1,1,7,1,8,3.64,"KENTWOOD POLICE DEPARTMENT                        ","Kentwood Police Department"
"1937",2010,"LA0100000","Calcasieu",NA,"LA","West South Central","South","CALCASIEU","County","MSA counties from 25,000 thru 99,999",86354,320,260,580,108,154,262,428,414,842,9.75,"CALCASIEU PARISH SHERIFF'S OFFICE                 ","Calcasieu Parish Sheriff's Office"
"1938",2010,"LA0210000","Franklin",NA,"LA","West South Central","South","FRANKLIN","County","Non-MSA counties from 10,000 thru 24,999",19803,94,18,112,15,7,22,109,25,134,6.77,"FRANKLIN PARISH SHERIFF'S OFFICE                  ","Franklin Parish Sheriff's Office"
"1939",2010,"LA0280000","Lafayette",NA,"LA","West South Central","South","LAFAYETTE","County","MSA counties from 25,000 thru 99,999",68575,344,40,384,120,139,259,464,179,643,9.38,"LAFAYETTE PARISH SHERIFF'S OFFICE                 ","Lafayette Parish Sheriff's Office"
"1940",2010,"LA0320000","Livingston",NA,"LA","West South Central","South","LIVINGSTON","County","MSA counties 100,000 or over",109816,156,0,156,84,0,84,240,0,240,2.19,"LIVINGSTON PARISH SHERIFF'S OFFICE                ","Livingston Parish Sheriff's Office"
"1941",2010,"LA0370300","Sterlington",NA,"LA","West South Central","South","OUACHITA","City","Cities under 2,500",1594,6,0,6,0,0,0,6,0,6,3.76,"STERLINGTON POLICE DEPARTMENT                     ","Sterlington Police Department"
"1942",2010,"LA0610000","West Baton Rouge",NA,"LA","West South Central","South","WEST BATON ROUGE","County","MSA counties from 10,000 thru 24,999",12426,134,9,143,19,29,48,153,38,191,15.37,"WEST BATON ROUGE PARISH SHERIFF'S OFFICE          ","West Baton Rouge Parish Sheriff's Office"
"1943",2010,"LA036209E","Tulane University",NA,"LA","West South Central","South","ORLEANS","University or College","Cities under 2,500",0,37,4,41,6,9,15,43,13,56,NA,NA,"Tulane University"
"1944",2010,"LA0460000","St. Helena",NA,"LA","West South Central","South","ST HELENA","County","MSA counties from 10,000 thru 24,999",11203,21,14,35,3,15,18,24,29,53,4.73,"ST. HELENA PARISH SHERIFF'S OFFICE                ","St. Helena Parish Sheriff's Office"
"1945",2010,"LA0590200","Franklinton",NA,"LA","West South Central","South","WASHINGTON","City","Cities from 2,500 thru 9,999",3857,16,0,16,1,6,7,17,6,23,5.96,"FRANKLINTON POLICE DEPARTMENT                     ","Franklinton Police Department"
"1946",2010,"LA0220400","Georgetown",NA,"LA","West South Central","South","GRANT","City","Cities under 2,500",327,2,0,2,0,1,1,2,1,3,9.17,"GEORGETOWN POLICE DEPARTMENT                      ","Georgetown Police Department"
"1947",2010,"LA0170400","Louisiana State University:","Baton Rouge","LA","West South Central","South","EAST BATON ROUGE","University or College","Cities under 2,500",0,54,0,54,8,3,11,62,3,65,NA,"LOUISIANA STATE UNIVERSITY POLICE DEPARTMENT      ","Louisiana State University Police Department"
"1948",2010,"LA0220000","Grant",NA,"LA","West South Central","South","GRANT","County","MSA counties from 10,000 thru 24,999",21513,43,4,47,6,14,20,49,18,67,3.11,"GRANT PARISH SHERIFF'S OFFICE                     ","Grant Parish Sheriff's Office"
"1949",2010,"LA0080100","Bossier City",NA,"LA","West South Central","South","BOSSIER","City","Cities from 50,000 thru 99,999",61315,158,4,162,15,37,52,173,41,214,3.49,"BOSSIER CITY POLICE DEPT                          ","Bossier City Police Police Department"
"1950",2010,"LA0050200","Marksville",NA,"LA","West South Central","South","AVOYELLES","City","Cities from 2,500 thru 9,999",5702,18,0,18,3,4,7,21,4,25,4.38,"MARKSVILLE POLICE DEPARTMENT                      ","Marksville Police Department"
"1951",2010,"LA0171100","Department of Public Safety State Capitol Detail",NA,"LA","West South Central","South","EAST BATON ROUGE","Other State Agency","Cities under 2,500",0,32,0,32,3,6,9,35,6,41,NA,"DEPT PUB SFTY ST CAP DTL                          ","Police Department Pub Sfty St Cap Dtl"
"1952",2010,"LA0260100","Gretna",NA,"LA","West South Central","South","JEFFERSON","City","Cities from 10,000 thru 24,999",17736,84,8,92,15,22,37,99,30,129,7.27,"GRETNA POLICE DEPARTMENT                          ","Gretna Police Department"
"1953",2010,"LA0360200","Delgado Community College",NA,"LA","West South Central","South","ORLEANS","University or College","Cities under 2,500",0,20,3,23,5,9,14,25,12,37,NA,"DELGADO COMMUNITY COLLEGE POLICE                  ","Delgado Community College Police"
"1954",2010,"LA0530800","Tickfaw",NA,"LA","West South Central","South","TANGIPAHOA","City","Cities under 2,500",694,5,0,5,1,0,1,6,0,6,8.65,"TICKFAW POLICE DEPARTMENT                         ","Tickfaw Police Department"
"1955",2010,"LA0620100","Oak Grove",NA,"LA","West South Central","South","WEST CARROLL","City","Cities under 2,500",1727,6,0,6,0,0,0,6,0,6,3.47,"OAK GROVE POLICE DEPARTMENT                       ","Oak Grove Police Department"
"1956",2010,"LA0570000","Vermilion",NA,"LA","West South Central","South","VERMILION","County","Non-MSA counties from 25,000 thru 99,999",39028,94,3,97,15,17,32,109,20,129,3.31,"VERMILION PARISH SHERIFF'S OFFICE                 ","Vermilion Parish Sheriff's Office"
"1957",2010,"LA0010100","Crowley",NA,"LA","West South Central","South","ACADIA","City","Cities from 10,000 thru 24,999",13265,32,0,32,5,6,11,37,6,43,3.24,"CROWLEY POLICE DEPARTMENT                         ","Crowley Police Department"
"1958",2010,"LA0500100","Breaux Bridge",NA,"LA","West South Central","South","ST MARTIN","City","Cities from 2,500 thru 9,999",8139,13,0,13,5,5,10,18,5,23,2.83,"BREAUX BRIDGE POLICE DEPARTMENT                   ","Breaux Bridge Police Department"
"1959",2010,"LA0610300","Addis",NA,"LA","West South Central","South","WEST BATON ROUGE","City","Cities from 2,500 thru 9,999",3593,11,0,11,0,1,1,11,1,12,3.34,"ADDIS POLICE DEPARTMENT                           ","Addis Police Department"
"1960",2010,"LA0280300","Lafayette",NA,"LA","West South Central","South","LAFAYETTE","City","Cities from 100,000 thru 249,999",120623,238,4,242,21,58,79,259,62,321,2.66,"LAFAYETTE POLICE DEPARTMENT                       ","Lafayette Police Department"
"1961",2010,"LA0560200","Bernice",NA,"LA","West South Central","South","UNION","City","Cities under 2,500",1689,7,0,7,0,0,0,7,0,7,4.14,"BERNICE POLICE DEPARTMENT                         ","Bernice Police Department"
"1962",2010,"LA0130200","Sicily Island",NA,"LA","West South Central","South","CATAHOULA","City","Cities under 2,500",526,2,0,2,0,0,0,2,0,2,3.8,"SICILY ISLAND POLICE DEPARTMENT                   ","Sicily Island Police Department"
"1963",2010,"LA0570400","Erath",NA,"LA","West South Central","South","VERMILION","City","Cities under 2,500",2114,6,0,6,1,3,4,7,3,10,4.73,"ERATH POLICE DEPARTMENT                           ","Erath Police Department"
"1964",2010,"LA0310200","Ruston",NA,"LA","West South Central","South","LINCOLN","City","Cities from 10,000 thru 24,999",21859,39,2,41,3,7,10,42,9,51,2.33,"RUSTON POLICE DEPARTMENT                          ","Ruston Police Department"
"1965",2010,"LA0400100","Alexandria",NA,"LA","West South Central","South","RAPIDES","City","Cities from 25,000 thru 49,999",47723,142,1,143,13,32,45,155,33,188,3.94,"ALEXANDRIA POLICE DEPARTMENT                      ","Alexandria Police Department"
"1966",2010,"LA0130000","Catahoula",NA,"LA","West South Central","South","CATAHOULA","County","Non-MSA counties under 10,000",9881,16,67,83,0,23,23,16,90,106,10.73,"CATAHOULA PARISH SHERIFF'S OFFICE                 ","Catahoula Parish Sheriff's Office"
"1967",2010,"LA0350400","Clarence",NA,"LA","West South Central","South","NATCHITOCHES","City","Cities under 2,500",499,3,0,3,0,0,0,3,0,3,6.01,"CLARENCE POLICE DEPARTMENT                        ","Clarence Police Department"
"1968",2009,"LA0060000","Beauregard",NA,"LA","West South Central","South","BEAUREGARD","County","Non-MSA counties from 25,000 thru 99,999",25693,45,5,50,8,14,22,53,19,72,2.8,"BEAUREGARD PARISH SHERIFF'S OFFICE                ","Beauregard Parish Sheriff's Office"
"1969",2009,"LA0320100","Denham Springs",NA,"LA","West South Central","South","LIVINGSTON","City","Cities from 10,000 thru 24,999",10398,32,0,32,1,8,9,33,8,41,3.94,"DENHAM SPRINGS POLICE DEPARTMENT                  ","Denham Springs Police Department"
"1970",2009,"LA0320600","Port Vincent",NA,"LA","West South Central","South","LIVINGSTON","City","Cities under 2,500",534,2,0,2,0,0,0,2,0,2,3.75,"PORT VINCENT POLICE DEPT.                         ","Port Vincent Police Police Department"
"1971",2009,"LA0050600","Moreauville",NA,"LA","West South Central","South","AVOYELLES","City","Cities under 2,500",930,2,0,2,0,0,0,2,0,2,2.15,"MOREAUVILLE POLICE DEPARTMENT                     ","Moreauville Police Department"
"1972",2009,"LA0600400","Cullen",NA,"LA","West South Central","South","WEBSTER","City","Cities under 2,500",1365,3,0,3,1,0,1,4,0,4,2.93,"CULLEN POLICE DEPARTMENT                          ","Cullen Police Department"
"1973",2009,"LA0010200","Rayne",NA,"LA","West South Central","South","ACADIA","City","Cities from 2,500 thru 9,999",8608,23,1,24,1,3,4,24,4,28,3.25,"RAYNE POLICE DEPARTMENT                           ","Rayne Police Department"
"1974",2009,"LA0550000","Terrebonne",NA,"LA","West South Central","South","TERREBONNE","County","MSA counties from 25,000 thru 99,999",77253,197,16,213,61,60,121,258,76,334,4.32,"TERREBONNE PARISH SHERIFF'S OFFICE                ","Terrebonne Parish Sheriff's Office"
"1975",2009,"LA0530300","Ponchatoula",NA,"LA","West South Central","South","TANGIPAHOA","City","Cities from 2,500 thru 9,999",6449,22,0,22,1,6,7,23,6,29,4.5,"PONCHATOULA POLICE DEPARTMENT                     ","Ponchatoula Police Department"
"1976",2009,"LA0401300","McNary",NA,"LA","West South Central","South","RAPIDES","City","Cities under 2,500",199,1,0,1,0,0,0,1,0,1,5.03,"MCNARY POLICE DEPARTMENT                          ","Mcnary Police Department"
"1977",2009,"LA0430100","Many",NA,"LA","West South Central","South","SABINE","City","Cities from 2,500 thru 9,999",2739,7,0,7,3,0,3,10,0,10,3.65,"MANY POLICE DEPARTMENT                            ","Many Police Department"
"1978",2009,"LA0400700","Woodworth",NA,"LA","West South Central","South","RAPIDES","City","Cities under 2,500",1135,5,0,5,0,2,2,5,2,7,6.17,"WOODWORTH POLICE DEPARTMENT                       ","Woodworth Police Department"
"1979",2009,"LA0520100","Covington",NA,"LA","West South Central","South","ST TAMMANY","City","Cities from 2,500 thru 9,999",9218,37,0,37,2,12,14,39,12,51,5.53,"COVINGTON POLICE DEPARTMENT                       ","Covington Police Department"
"1980",2009,"LA0180100","Lake Providence",NA,"LA","West South Central","South","EAST CARROLL","City","Cities from 2,500 thru 9,999",4151,9,1,10,1,1,2,10,2,12,2.89,"LAKE PROVIDENCE POLICE DEPARTMENT                 ","Lake Providence Police Department"
"1981",2009,"LA0050300","Simmesport",NA,"LA","West South Central","South","AVOYELLES","City","Cities under 2,500",2204,8,0,8,0,0,0,8,0,8,3.63,"SIMMESPORT POLICE DEPT.                           ","Simmesport Police Police Department"
"1982",2009,"LA0080500","Louisiana State University:","Health Sciences Center, Shreveport","LA","West South Central","South","BOSSIER","University or College","Cities under 2,500",0,39,6,45,8,12,20,47,18,65,NA,"LOUISIANA STATE UNIVERSITY HEALTH SCIENCES CENTER ","Louisiana State University Health Sciences Center"
"1983",2009,"LA0320300","Walker",NA,"LA","West South Central","South","LIVINGSTON","City","Cities from 2,500 thru 9,999",6427,16,0,16,1,4,5,17,4,21,3.27,"WALKER POLICE DEPARTMENT                          ","Walker Police Department"
"1984",2009,"LA0290500","Thibodaux",NA,"LA","West South Central","South","LAFOURCHE","City","Cities from 10,000 thru 24,999",14012,47,2,49,9,6,15,56,8,64,4.57,"THIBODAUX POLICE DEPARTMENT                       ","Thibodaux Police Department"
"1985",2009,"LA0320700","French Settlement",NA,"LA","West South Central","South","LIVINGSTON","City","Cities under 2,500",1070,2,0,2,0,0,0,2,0,2,1.87,"FRENCH SETTLEMENT POLICE DEPARTMENT               ","French Settlement Police Department"
"1986",2009,"LA0100400","Vinton",NA,"LA","West South Central","South","CALCASIEU","City","Cities from 2,500 thru 9,999",3247,8,0,8,1,3,4,9,3,12,3.7,"VINTON POLICE DEPARTMENT                          ","Vinton Police Department"
"1987",2009,"LA0370000","Ouachita",NA,"LA","West South Central","South","OUACHITA","County","MSA counties from 25,000 thru 99,999",83924,267,0,267,140,0,140,407,0,407,4.85,"OUACHITA PARISH SHERIFF'S OFFICE                  ","Ouachita Parish Sheriff's Office"
"1988",2009,"LA0610200","Brusly",NA,"LA","West South Central","South","WEST BATON ROUGE","City","Cities under 2,500",2176,6,0,6,0,1,1,6,1,7,3.22,"BRUSLY POLICE DEPARTMENT                          ","Brusly Police Department"
"1989",2009,"LA0570200","Kaplan",NA,"LA","West South Central","South","VERMILION","City","Cities from 2,500 thru 9,999",5035,15,0,15,6,0,6,21,0,21,4.17,"KAPLAN POLICE DEPARTMENT                          ","Kaplan Police Department"
"1990",2009,"LA0520300","Mandeville",NA,"LA","West South Central","South","ST TAMMANY","City","Cities from 10,000 thru 24,999",12645,31,4,35,5,11,16,36,15,51,4.03,"MANDEVILLE POLICE DEPARTMENT                      ","Mandeville Police Department"
"1991",2009,"LA0080400","Haughton",NA,"LA","West South Central","South","BOSSIER","City","Cities from 2,500 thru 9,999",3015,7,0,7,0,2,2,7,2,9,2.99,"HAUGHTON POLICE DEPARTMENT                        ","Haughton Police Department"
"1992",2009,"LALSP0000","State Police",NA,"LA","West South Central","South","UNMAPPED COUNTY","State Police","Non-MSA counties under 10,000",0,1154,126,1280,50,362,412,1204,488,1692,NA,"LOUISIANA STATE POLICE                            ","Louisiana State Police"
"1993",2009,"LA0510200","Franklin",NA,"LA","West South Central","South","ST MARY","City","Cities from 2,500 thru 9,999",7613,11,1,12,12,2,14,23,3,26,3.42,"FRANKLIN POLICE DEPARTMENT                        ","Franklin Police Department"
"1994",2009,"LA0490600","Port Barre",NA,"LA","West South Central","South","ST LANDRY","City","Cities under 2,500",2408,10,1,11,1,4,5,11,5,16,6.64,"PORT BARRE POLICE DEPT                            ","Port Barre Police Police Department"
"1995",2009,"LA0340000","Morehouse",NA,"LA","West South Central","South","MOREHOUSE","County","Non-MSA counties from 10,000 thru 24,999",16843,33,75,108,5,45,50,38,120,158,9.38,"MOREHOUSE PARISH SHERIFF'S OFFICE                 ","Morehouse Parish Sheriff's Office"
"1996",2009,"LA0120000","Cameron",NA,"LA","West South Central","South","CAMERON","County","MSA counties under 10,000",7045,53,0,53,5,14,19,58,14,72,10.22,"CAMERON PARISH SHERIFF'S OFFICE                   ","Cameron Parish Sheriff's Office"
"1997",2009,"LA0280100","Broussard",NA,"LA","West South Central","South","LAFAYETTE, ST MARTIN","City","Cities from 2,500 thru 9,999",7973,25,0,25,0,4,4,25,4,29,3.64,"BROUSSARD POLICE DEPARTMENT                       ","Broussard Police Department"
"1998",2009,"LA0160800","Stonewall",NA,"LA","West South Central","South","DE SOTO","City","Cities under 2,500",1937,4,0,4,0,0,0,4,0,4,2.07,"STONEWALL POLICE DEPARTMENT                       ","Stonewall Police Department"
"1999",2009,"LA0360300","University of New Orleans",NA,"LA","West South Central","South","ORLEANS","University or College","Cities under 2,500",0,24,0,24,1,0,1,25,0,25,NA,"UNIVERSITY OF NEW ORLEANS POLICE DEPT.            ","University Of New Orleans Police Police Department"
"2000",2009,"LA0090000","Caddo",NA,"LA","West South Central","South","CADDO","County","MSA counties from 25,000 thru 99,999",45532,349,33,382,91,175,266,440,208,648,14.23,"CADDO PARISH SHERIFF'S OFFICE                     ","Caddo Parish Sheriff's Office"
"2001",2009,"LA0060100","De Ridder",NA,"LA","West South Central","South","BEAUREGARD, VERNON","City","Cities from 10,000 thru 24,999",10043,22,0,22,1,6,7,23,6,29,2.89,"DERIDDER POLICE DEPARTMENT                        ","Deridder Police Department"
"2002",2009,"LA0250000","Jackson",NA,"LA","West South Central","South","JACKSON","County","Non-MSA counties from 10,000 thru 24,999",11087,134,0,134,42,0,42,176,0,176,15.87,"JACKSON PARISH SHERIFF'S OFFICE                   ","Jackson Parish Sheriff's Office"
"2003",2009,"LA0370200","West Monroe",NA,"LA","West South Central","South","OUACHITA","City","Cities from 10,000 thru 24,999",12863,59,1,60,17,2,19,76,3,79,6.14,"WEST MONROE POLICE DEPARTMENT                     ","West Monroe Police Department"
"2004",2009,"LA0030200","Gonzales",NA,"LA","West South Central","South","ASCENSION","City","Cities from 2,500 thru 9,999",9531,39,0,39,5,0,5,44,0,44,4.62,"GONZALES POLICE DEPARTMENT                        ","Gonzales Police Department"
"2005",2009,"LA0310300","Grambling",NA,"LA","West South Central","South","LINCOLN","City","Cities from 2,500 thru 9,999",4479,8,0,8,2,5,7,10,5,15,3.35,"GRAMBLING POLICE DEPARTMENT                       ","Grambling Police Department"
"2006",2009,"LA0270000","Jefferson Davis",NA,"LA","West South Central","South","JEFFERSON DAVIS","County","Non-MSA counties from 10,000 thru 24,999",13592,44,4,48,3,10,13,47,14,61,4.49,"JEFFERSON DAVIS PARISH SHERIFF'S OFFICE           ","Jefferson Davis Parish Sheriff's Office"
"2007",2009,"LA0240600","St. Gabriel",NA,"LA","West South Central","South","IBERVILLE","City","Cities from 2,500 thru 9,999",5555,10,1,11,0,6,6,10,7,17,3.06,"ST. GABRIEL POLICE DEPARTMENT                     ","St. Gabriel Police Department"
"2008",2009,"LA0600000","Webster",NA,"LA","West South Central","South","WEBSTER","County","Non-MSA counties from 10,000 thru 24,999",21188,31,63,94,2,42,44,33,105,138,6.51,"WEBSTER PARISH SHERIFF'S OFFICE                   ","Webster Parish Sheriff's Office"
"2009",2009,"LA0580000","Vernon",NA,"LA","West South Central","South","VERNON","County","Non-MSA counties from 25,000 thru 99,999",37332,108,9,117,16,29,45,124,38,162,4.34,"VERNON PARISH SHERIFF'S OFFICE                    ","Vernon Parish Sheriff's Office"
"2010",2009,"LA0400200","Pineville",NA,"LA","West South Central","South","RAPIDES","City","Cities from 10,000 thru 24,999",14885,50,2,52,6,5,11,56,7,63,4.23,"PINEVILLE POLICE DEPARTMENT                       ","Pineville Police Department"
"2011",2009,"LA0510600","Chitimacha Tribal",NA,"LA","West South Central","South","NOT SPECIFIED","Tribal","Cities under 2,500",0,7,0,7,2,5,7,9,5,14,NA,"CHITIMACHA TRIBAL POLICE DEPARTMENT               ","Chitimacha Tribal Police Department"
"2012",2009,"LA0530900","Southeastern Louisiana University",NA,"LA","West South Central","South","TANGIPAHOA","University or College","Cities under 2,500",0,22,5,27,2,9,11,24,14,38,NA,"SOUTHEASTERN LOUISIANA UNIVERSITY POLICE          ","Southeastern Louisiana University Police"
"2013",2009,"LA0270200","Jennings",NA,"LA","West South Central","South","JEFFERSON DAVIS","City","Cities from 10,000 thru 24,999",10483,22,3,25,3,7,10,25,10,35,3.34,"JENNINGS POLICE DEPARTMENT                        ","Jennings Police Department"
"2014",2009,"LA0450000","St. Charles",NA,"LA","West South Central","South","ST CHARLES","County","MSA counties from 25,000 thru 99,999",52267,231,20,251,42,100,142,273,120,393,7.52,"ST. CHARLES PARISH SHERIFF'S OFFICE               ","St. Charles Parish Sheriff's Office"
"2015",2009,"LA0510100","Berwick",NA,"LA","West South Central","South","ST MARY","City","Cities from 2,500 thru 9,999",4268,10,0,10,2,1,3,12,1,13,3.05,"BERWICK POLICE DEPARTMENT                         ","Berwick Police Department"
"2016",2009,"LA0620000","West Carroll",NA,"LA","West South Central","South","WEST CARROLL","County","Non-MSA counties from 10,000 thru 24,999",11483,15,0,15,4,0,4,19,0,19,1.65,"WEST CARROLL PARISH SHERIFF'S OFFICE              ","West Carroll Parish Sheriff's Office"
"2017",2009,"LA0540000","Tensas",NA,"LA","West South Central","South","TENSAS","County","Non-MSA counties under 10,000",2663,16,1,17,1,12,13,17,13,30,11.27,"TENSAS PARISH SHERIFF'S OFFICE                    ","Tensas Parish Sheriff's Office"
"2018",2009,"LA0260200","Harahan",NA,"LA","West South Central","South","JEFFERSON","City","Cities from 2,500 thru 9,999",9249,18,1,19,2,6,8,20,7,27,2.92,"HARAHAN POLICE DEPARTMENT                         ","Harahan Police Department"
"2019",2009,"LA0361700","Louisiana State University:","Health Sciences Center, New Orleans","LA","West South Central","South","ORLEANS","University or College","Cities under 2,500",0,21,0,21,9,0,9,30,0,30,NA,"LSU HEALTH SCIENCES CENTER POLICE DEPARTMENT      ","Lsu Health Sciences Center Police Department"
"2020",2009,"LA0290600","Nicholls State University",NA,"LA","West South Central","South","LAFOURCHE","University or College","Cities under 2,500",0,5,0,5,6,2,8,11,2,13,NA,"NICHOLLS STATE UNIVERSITY POLICE                  ","Nicholls State University Police"
"2021",2009,"LA0520000","St. Tammany",NA,"LA","West South Central","South","ST TAMMANY","County","MSA counties 100,000 or over",182231,337,150,487,63,125,188,400,275,675,3.7,"ST. TAMMANY PARISH SHERIFF'S OFFICE               ","St. Tammany Parish Sheriff's Office"
"2022",2009,"LA0030000","Ascension",NA,"LA","West South Central","South","ASCENSION","County","MSA counties from 25,000 thru 99,999",94644,198,1,199,43,33,76,241,34,275,2.91,"ASCENSION PARISH SHERIFF'S OFFICE                 ","Ascension Parish Sheriff's Office"
"2023",2009,"LA0080000","Bossier",NA,"LA","West South Central","South","BOSSIER","County","MSA counties from 25,000 thru 99,999",45162,287,11,298,47,39,86,334,50,384,8.5,"BOSSIER PARISH SHERIFF'S OFFICE                   ","Bossier Parish Sheriff's Office"
"2024",2009,"LA0140000","Claiborne",NA,"LA","West South Central","South","CLAIBORNE","County","Non-MSA counties from 10,000 thru 24,999",10424,19,31,50,17,29,46,36,60,96,9.21,"CLAIBORNE PARISH SHERIFF'S OFFICE                 ","Claiborne Parish Sheriff's Office"
"2025",2009,"LA0090400","Blanchard",NA,"LA","West South Central","South","CADDO","City","Cities from 2,500 thru 9,999",2655,5,0,5,0,1,1,5,1,6,2.26,"BLANCHARD POLICE DEPARTMENT                       ","Blanchard Police Department"
"2026",2009,"LA0550100","Houma",NA,"LA","West South Central","South","TERREBONNE","City","Cities from 25,000 thru 49,999",32477,69,2,71,11,17,28,80,19,99,3.05,"HOUMA POLICE DEPARTMENT                           ","Houma Police Department"
"2027",2009,"LA0400100","Alexandria",NA,"LA","West South Central","South","RAPIDES","City","Cities from 25,000 thru 49,999",48886,148,1,149,14,34,48,162,35,197,4.03,"ALEXANDRIA POLICE DEPARTMENT                      ","Alexandria Police Department"
"2028",2009,"LA0350400","Clarence",NA,"LA","West South Central","South","NATCHITOCHES","City","Cities under 2,500",498,2,0,2,0,0,0,2,0,2,4.02,"CLARENCE POLICE DEPARTMENT                        ","Clarence Police Department"
"2029",2009,"LA0310200","Ruston",NA,"LA","West South Central","South","LINCOLN","City","Cities from 10,000 thru 24,999",21181,39,2,41,3,5,8,42,7,49,2.31,"RUSTON POLICE DEPARTMENT                          ","Ruston Police Department"
"2030",2009,"LA0130000","Catahoula",NA,"LA","West South Central","South","CATAHOULA","County","Non-MSA counties from 10,000 thru 24,999",10102,15,76,91,0,26,26,15,102,117,11.58,"CATAHOULA PARISH SHERIFF'S OFFICE                 ","Catahoula Parish Sheriff's Office"
"2031",2009,"LA0410100","Coushatta",NA,"LA","West South Central","South","RED RIVER","City","Cities under 2,500",2067,5,0,5,2,0,2,7,0,7,3.39,"COUSHATTA POLICE DEPARTMENT                       ","Coushatta Police Department"
"2032",2009,"LA0100500","Westlake",NA,"LA","West South Central","South","CALCASIEU","City","Cities from 2,500 thru 9,999",4566,19,0,19,3,0,3,22,0,22,4.82,"WESTLAKE POLICE DEPARTMENT                        ","Westlake Police Department"
"2033",2009,"LA0160100","Mansfield",NA,"LA","West South Central","South","DE SOTO","City","Cities from 2,500 thru 9,999",5386,12,0,12,2,5,7,14,5,19,3.53,"MANSFIELD POLICE DEPARTMENT                       ","Mansfield Police Department"
"2034",2009,"LA0310600","Grambling State University",NA,"LA","West South Central","South","LINCOLN","University or College","Cities under 2,500",0,6,6,12,3,9,12,9,15,24,NA,"GRAMBLING STATE UNIVERSITY POLICE DEPT.           ","Grambling State University Police Police Department"
"2035",2009,"LA0380000","Plaquemines",NA,"LA","West South Central","South","PLAQUEMINES","County","MSA counties from 10,000 thru 24,999",20953,147,0,147,64,1,65,211,1,212,10.12,"PLAQUEMINES PARISH SHERIFF'S OFFICE               ","Plaquemines Parish Sheriff's Office"
"2036",2009,"LA0200300","Ville Platte",NA,"LA","West South Central","South","EVANGELINE","City","Cities from 2,500 thru 9,999",8149,19,0,19,8,0,8,27,0,27,3.31,"VILLE PLATTE POLICE DEPARTMENT                    ","Ville Platte Police Department"
"2037",2009,"LA0320000","Livingston",NA,"LA","West South Central","South","LIVINGSTON","County","MSA counties 100,000 or over",106167,157,0,157,83,0,83,240,0,240,2.26,"LIVINGSTON PARISH SHERIFF'S OFFICE                ","Livingston Parish Sheriff's Office"
"2038",2009,"LA0280000","Lafayette",NA,"LA","West South Central","South","LAFAYETTE","County","MSA counties from 25,000 thru 99,999",65351,234,146,380,55,183,238,289,329,618,9.46,"LAFAYETTE PARISH SHERIFF'S OFFICE                 ","Lafayette Parish Sheriff's Office"
"2039",2009,"LA0100000","Calcasieu",NA,"LA","West South Central","South","CALCASIEU","County","MSA counties from 25,000 thru 99,999",83070,318,258,576,106,152,258,424,410,834,10.04,"CALCASIEU PARISH SHERIFF'S OFFICE                 ","Calcasieu Parish Sheriff's Office"
"2040",2009,"LA0640000","Winn",NA,"LA","West South Central","South","WINN","County","Non-MSA counties from 10,000 thru 24,999",10323,13,4,17,1,9,10,14,13,27,2.62,"WINN PARISH SHERIFF'S OFFICE                      ","Winn Parish Sheriff's Office"
"2041",2009,"LA0610100","Port Allen",NA,"LA","West South Central","South","WEST BATON ROUGE","City","Cities from 2,500 thru 9,999",4955,16,0,16,2,0,2,18,0,18,3.63,"PORT ALLEN POLICE DEPARTMENT                      ","Port Allen Police Department"
"2042",2009,"LA0490200","Opelousas",NA,"LA","West South Central","South","ST LANDRY","City","Cities from 10,000 thru 24,999",23267,52,2,54,10,14,24,62,16,78,3.35,"OPELOUSAS POLICE DEPARTMENT                       ","Opelousas Police Department"
"2043",2009,"LA0290100","Golden Meadow",NA,"LA","West South Central","South","LAFOURCHE","City","Cities under 2,500",2102,4,0,4,1,1,2,5,1,6,2.85,"GOLDEN MEADOW POLICE DEPARTMENT                   ","Golden Meadow Police Department"
"2044",2009,"LA0510500","Baldwin",NA,"LA","West South Central","South","ST MARY","City","Cities from 2,500 thru 9,999",2601,4,0,4,2,1,3,6,1,7,2.69,"BALDWIN POLICE DEPARTMENT                         ","Baldwin Police Department"
"2045",2009,"LA0570000","Vermilion",NA,"LA","West South Central","South","VERMILION","County","Non-MSA counties from 25,000 thru 99,999",37359,59,44,103,5,30,35,64,74,138,3.69,"VERMILION PARISH SHERIFF'S OFFICE                 ","Vermilion Parish Sheriff's Office"
"2046",2009,"LA0530800","Tickfaw",NA,"LA","West South Central","South","TANGIPAHOA","City","Cities under 2,500",694,6,0,6,1,0,1,7,0,7,10.09,"TICKFAW POLICE DEPARTMENT                         ","Tickfaw Police Department"
"2047",2009,"LA0580100","Leesville",NA,"LA","West South Central","South","VERNON","City","Cities from 2,500 thru 9,999",5600,20,2,22,8,13,21,28,15,43,7.68,"LEESVILLE POLICE DEPARTMENT                       ","Leesville Police Department"
"2048",2009,"LA0460000","St. Helena",NA,"LA","West South Central","South","ST HELENA","County","MSA counties from 10,000 thru 24,999",10618,32,2,34,4,16,20,36,18,54,5.09,"ST. HELENA PARISH SHERIFF'S OFFICE                ","St. Helena Parish Sheriff's Office"
"2049",2009,"LA0590200","Franklinton",NA,"LA","West South Central","South","WASHINGTON","City","Cities from 2,500 thru 9,999",3759,15,0,15,1,5,6,16,5,21,5.59,"FRANKLINTON POLICE DEPARTMENT                     ","Franklinton Police Department"
"2050",2009,"LA036209E","Tulane University",NA,"LA","West South Central","South","ORLEANS","University or College","Cities under 2,500",0,37,4,41,6,10,16,43,14,57,NA,NA,"Tulane University"
"2051",2009,"LA0170400","Louisiana State University:","Baton Rouge","LA","West South Central","South","EAST BATON ROUGE","University or College","Cities under 2,500",0,56,0,56,8,3,11,64,3,67,NA,"LOUISIANA STATE UNIVERSITY POLICE DEPARTMENT      ","Louisiana State University Police Department"
"2052",2009,"LA0010100","Crowley",NA,"LA","West South Central","South","ACADIA","City","Cities from 10,000 thru 24,999",13865,33,0,33,5,6,11,38,6,44,3.17,"CROWLEY POLICE DEPARTMENT                         ","Crowley Police Department"
"2053",2009,"LA0610300","Addis",NA,"LA","West South Central","South","WEST BATON ROUGE","City","Cities from 2,500 thru 9,999",3652,14,0,14,0,1,1,14,1,15,4.11,"ADDIS POLICE DEPARTMENT                           ","Addis Police Department"
"2054",2009,"LA0171100","Department of Public Safety State Capitol Detail",NA,"LA","West South Central","South","EAST BATON ROUGE","Other State Agency","Cities under 2,500",0,35,0,35,3,6,9,38,6,44,NA,"DEPT PUB SFTY ST CAP DTL                          ","Police Department Pub Sfty St Cap Dtl"
"2055",2009,"LA0080100","Bossier City",NA,"LA","West South Central","South","BOSSIER","City","Cities from 50,000 thru 99,999",63077,183,3,186,18,38,56,201,41,242,3.84,"BOSSIER CITY POLICE DEPT                          ","Bossier City Police Police Department"
"2056",2009,"LA0220000","Grant",NA,"LA","West South Central","South","GRANT","County","MSA counties from 10,000 thru 24,999",19547,30,19,49,2,21,23,32,40,72,3.68,"GRANT PARISH SHERIFF'S OFFICE                     ","Grant Parish Sheriff's Office"
"2057",2009,"LA0260100","Gretna",NA,"LA","West South Central","South","JEFFERSON","City","Cities from 10,000 thru 24,999",16299,84,5,89,13,23,36,97,28,125,7.67,"GRETNA POLICE DEPARTMENT                          ","Gretna Police Department"
"2058",2009,"LA0360200","Delgado Community College",NA,"LA","West South Central","South","ORLEANS","University or College","Cities under 2,500",0,21,0,21,2,7,9,23,7,30,NA,"DELGADO COMMUNITY COLLEGE POLICE                  ","Delgado Community College Police"
"2059",2009,"LA0610000","West Baton Rouge",NA,"LA","West South Central","South","WEST BATON ROUGE","County","MSA counties from 10,000 thru 24,999",12026,131,14,145,18,29,47,149,43,192,15.97,"WEST BATON ROUGE PARISH SHERIFF'S OFFICE          ","West Baton Rouge Parish Sheriff's Office"
"2060",2009,"LA0280300","Lafayette",NA,"LA","West South Central","South","LAFAYETTE","City","Cities from 100,000 thru 249,999",113868,230,3,233,23,52,75,253,55,308,2.7,"LAFAYETTE POLICE DEPARTMENT                       ","Lafayette Police Department"
"2061",2009,"LA0270300","Lake Arthur",NA,"LA","West South Central","South","JEFFERSON DAVIS","City","Cities from 2,500 thru 9,999",2866,4,0,4,5,0,5,9,0,9,3.14,"LAKE ARTHUR POLICE DEPARTMENT                     ","Lake Arthur Police Department"
"2062",2009,"LA0480000","St. John the Baptist",NA,"LA","West South Central","South","ST JOHN THE BAPTIST","County","MSA counties from 25,000 thru 99,999",47745,178,15,193,46,19,65,224,34,258,5.4,"ST. JOHN THE BAPTIST PARISH SHERIFF'S OFFICE      ","St. John The Baptist Parish Sheriff's Office"
"2063",2009,"LA0570400","Erath",NA,"LA","West South Central","South","VERMILION","City","Cities under 2,500",2173,7,0,7,1,0,1,8,0,8,3.68,"ERATH POLICE DEPARTMENT                           ","Erath Police Department"
"2064",2009,"LA0280500","Youngsville",NA,"LA","West South Central","South","LAFAYETTE","City","Cities from 2,500 thru 9,999",7420,14,0,14,1,1,2,15,1,16,2.16,"YOUNGSVILLE POLICE DEPARTMENT                     ","Youngsville Police Department"
"2065",2009,"LA0190000","East Feliciana",NA,"LA","West South Central","South","EAST FELICIANA","County","MSA counties from 10,000 thru 24,999",15159,42,0,42,20,0,20,62,0,62,4.09,"EAST FELICIANA PARISH SHERIFF'S OFFICE            ","East Feliciana Parish Sheriff's Office"
"2066",2009,"LA0240200","Plaquemine",NA,"LA","West South Central","South","IBERVILLE","City","Cities from 2,500 thru 9,999",6718,20,2,22,2,8,10,22,10,32,4.76,"PLAQUEMINE POLICE DEPARTMENT                      ","Plaquemine Police Department"
"2067",2009,"LA0170600","Southern University and A&M College:","Baton Rouge","LA","West South Central","South","EAST BATON ROUGE","University or College","Cities under 2,500",0,19,2,21,4,5,9,23,7,30,NA,"SOUTHERN UNIVERSITY AND A & M COLLEGE POLICE      ","Southern University And A & M College Police"
"2068",2009,"LA0340100","Bastrop",NA,"LA","West South Central","South","MOREHOUSE","City","Cities from 10,000 thru 24,999",11687,23,0,23,14,0,14,37,0,37,3.17,"BASTROP POLICE DEPARTMENT                         ","Bastrop Police Department"
"2069",2009,"LA0560200","Bernice",NA,"LA","West South Central","South","UNION","City","Cities under 2,500",1626,5,0,5,0,0,0,5,0,5,3.08,"BERNICE POLICE DEPARTMENT                         ","Bernice Police Department"
"2070",2009,"LA0130200","Sicily Island",NA,"LA","West South Central","South","CATAHOULA","City","Cities under 2,500",445,4,0,4,0,1,1,4,1,5,11.24,"SICILY ISLAND POLICE DEPARTMENT                   ","Sicily Island Police Department"
"2071",2009,"LA0440000","St. Bernard",NA,"LA","West South Central","South","ST BERNARD","County","MSA counties from 25,000 thru 99,999",40964,196,15,211,41,19,60,237,34,271,6.62,"ST. BERNARD PARISH SHERIFF'S OFFICE               ","St. Bernard Parish Sheriff's Office"
"2072",2009,"LA0080600","Louisiana State University:","Shreveport","LA","West South Central","South","BOSSIER","University or College","Cities under 2,500",0,8,0,8,1,0,1,9,0,9,NA,"LOUISIANA STATE UNIVERSITY - SHREVEPORT POLICE    ","Louisiana State University - Shreveport Police"
"2073",2009,"LA0230000","Iberia",NA,"LA","West South Central","South","IBERIA","County","Non-MSA counties from 25,000 thru 99,999",69910,162,24,186,65,65,130,227,89,316,4.52,"IBERIA PARISH SHERIFF'S OFFICE                    ","Iberia Parish Sheriff's Office"
"2074",2009,"LA0170000","East Baton Rouge",NA,"LA","West South Central","South","EAST BATON ROUGE","County","MSA counties 100,000 or over",181734,521,33,554,154,110,264,675,143,818,4.5,"EAST BATON ROUGE PARISH SHERIFF'S OFFICE          ","East Baton Rouge Parish Sheriff's Office"
"2075",2009,"LA0260400","Westwego",NA,"LA","West South Central","South","JEFFERSON","City","Cities from 10,000 thru 24,999",10033,35,1,36,6,0,6,41,1,42,4.19,"WESTWEGO POLICE DEPARTMENT                        ","Westwego Police Department"
"2076",2009,"LA0600100","Minden",NA,"LA","West South Central","South","WEBSTER","City","Cities from 10,000 thru 24,999",12926,30,0,30,5,0,5,35,0,35,2.71,"MINDEN POLICE DEPARTMENT                          ","Minden Police Department"
"2077",2009,"LA0600200","Springhill",NA,"LA","West South Central","South","WEBSTER","City","Cities from 2,500 thru 9,999",5082,14,0,14,3,0,3,17,0,17,3.35,"SPRINGHILL POLICE DEPARTMENT                      ","Springhill Police Department"
"2078",2009,"LA0530200","Kentwood",NA,"LA","West South Central","South","TANGIPAHOA","City","Cities under 2,500",2283,6,0,6,1,0,1,7,0,7,3.07,"KENTWOOD POLICE DEPARTMENT                        ","Kentwood Police Department"
"2079",2009,"LA0260300","Kenner",NA,"LA","West South Central","South","JEFFERSON","City","Cities from 50,000 thru 99,999",66592,146,22,168,17,46,63,163,68,231,3.47,"KENNER POLICE DEPARTMENT                          ","Kenner Police Department"
"2080",2009,"LA0040000","Assumption",NA,"LA","West South Central","South","ASSUMPTION","County","Non-MSA counties from 10,000 thru 24,999",22316,12,35,47,23,11,34,35,46,81,3.63,"ASSUMPTION PARISH SHERIFF'S OFFICE                ","Assumption Parish Sheriff's Office"
"2081",2009,"LA0630000","West Feliciana",NA,"LA","West South Central","South","WEST FELICIANA","County","MSA counties from 10,000 thru 24,999",13605,31,11,42,15,16,31,46,27,73,5.37,"WEST FELICIANA PARISH SHERIFF'S OFFICE            ","West Feliciana Parish Sheriff's Office"
"2082",2009,"LA0490500","Washington",NA,"LA","West South Central","South","ST LANDRY","City","Cities under 2,500",1050,6,0,6,0,2,2,6,2,8,7.62,"WASHINGTON POLICE DEPARTMENT                      ","Washington Police Department"
"2083",2009,"LA0530000","Tangipahoa",NA,"LA","West South Central","South","TANGIPAHOA","County","Non-MSA counties from 25,000 thru 99,999",84088,106,87,193,5,61,66,111,148,259,3.08,"TANGIPAHOA PARISH SHERIFF'S OFFICE                ","Tangipahoa Parish Sheriff's Office"
"2084",2009,"LA0200000","Evangeline",NA,"LA","West South Central","South","EVANGELINE","County","Non-MSA counties from 10,000 thru 24,999",21954,18,13,31,1,25,26,19,38,57,2.6,"EVANGELINE PARISH SHERIFF'S OFFICE                ","Evangeline Parish Sheriff's Office"
"2085",2009,"LA0351000","Northwestern State University",NA,"LA","West South Central","South","NATCHITOCHES","University or College","Cities under 2,500",0,16,1,17,3,3,6,19,4,23,NA,"NORTHWESTERN STATE UNIVERSITY OF LOUISIANA POLICE ","Northwestern State University Of Louisiana Police"
"2086",2009,"LA0510000","St. Mary",NA,"LA","West South Central","South","ST MARY","County","Non-MSA counties from 10,000 thru 24,999",19900,99,6,105,61,30,91,160,36,196,9.85,"ST. MARY PARISH SHERIFF'S OFFICE                  ","St. Mary Parish Sheriff's Office"
"2087",2009,"LA0110000","Caldwell",NA,"LA","West South Central","South","CALDWELL","County","Non-MSA counties from 10,000 thru 24,999",10393,19,0,19,10,0,10,29,0,29,2.79,"CALDWELL PARISH SHERIFF'S OFFICE                  ","Caldwell Parish Sheriff's Office"
"2088",2009,"LA0170100","Baker",NA,"LA","West South Central","South","EAST BATON ROUGE","City","Cities from 10,000 thru 24,999",13315,30,0,30,8,2,10,38,2,40,3,"BAKER POLICE DEPARTMENT                           ","Baker Police Department"
"2089",2009,"LA0590000","Washington",NA,"LA","West South Central","South","WASHINGTON","County","Non-MSA counties from 25,000 thru 99,999",29601,47,22,69,2,35,37,49,57,106,3.58,"WASHINGTON PARISH SHERIFF'S OFFICE                ","Washington Parish Sheriff's Office"
"2090",2009,"LA0370400","University of Louisiana:","Monroe","LA","West South Central","South","OUACHITA","University or College","Cities under 2,500",0,18,2,20,1,6,7,19,8,27,NA,"UNIVERSITY OF LOUISIANA - MONROE POLICE           ","University Of Louisiana - Monroe Police"
"2091",2009,"LA0600800","Dixie Inn",NA,"LA","West South Central","South","WEBSTER","City","Cities under 2,500",343,2,0,2,0,0,0,2,0,2,5.83,"DIXIE INN POLICE DEPARTMENT                       ","Dixie Inn Police Department"
"2092",2009,"LA0350000","Natchitoches",NA,"LA","West South Central","South","NATCHITOCHES","County","Non-MSA counties from 10,000 thru 24,999",21118,50,5,55,12,14,26,62,19,81,3.84,"NATCHITOCHES PARISH SHERIFF'S OFFICE              ","Natchitoches Parish Sheriff's Office"
"2093",2009,"LA0590100","Bogalusa",NA,"LA","West South Central","South","WASHINGTON","City","Cities from 10,000 thru 24,999",12531,35,8,43,4,14,18,39,22,61,4.87,"BOGALUSA POLICE DEPARTMENT                        ","Bogalusa Police Department"
"2094",2009,"LA0190100","Clinton",NA,"LA","West South Central","South","EAST FELICIANA","City","Cities under 2,500",1880,7,0,7,0,1,1,7,1,8,4.26,"CLINTON POLICE DEPT.                              ","Clinton Police Police Department"
"2095",2009,"LA0020100","Kinder",NA,"LA","West South Central","South","ALLEN","City","Cities under 2,500",2399,13,0,13,3,1,4,16,1,17,7.09,"KINDER POLICE DEPARTMENT                          ","Kinder Police Department"
"2096",2009,"LA0230200","Jeanerette",NA,"LA","West South Central","South","IBERIA","City","Cities from 2,500 thru 9,999",5871,8,1,9,2,6,8,10,7,17,2.9,"JEANERETTE POLICE DEPARTMENT                      ","Jeanerette Police Department"
"2097",2009,"LA0520200","Slidell",NA,"LA","West South Central","South","ST TAMMANY","City","Cities from 25,000 thru 49,999",27355,74,18,92,2,38,40,76,56,132,4.83,"SLIDELL POLICE DEPARTMENT                         ","Slidell Police Department"
"2098",2009,"LA0560000","Union",NA,"LA","West South Central","South","UNION","County","MSA counties from 10,000 thru 24,999",16840,29,7,36,3,10,13,32,17,49,2.91,"UNION PARISH SHERIFF'S OFFICE                     ","Union Parish Sheriff's Office"
"2099",2009,"LA0100700","Iowa",NA,"LA","West South Central","South","CALCASIEU","City","Cities from 2,500 thru 9,999",2616,11,1,12,0,4,4,11,5,16,6.12,"IOWA POLICE DEPARTMENT                            ","Iowa Police Department"
"2100",2009,"LA0370100","Monroe",NA,"LA","West South Central","South","OUACHITA","City","Cities from 50,000 thru 99,999",51020,157,8,165,20,43,63,177,51,228,4.47,"MONROE POLICE DEPARTMENT                          ","Monroe Police Department"
"2101",2009,"LA0520500","Pearl River",NA,"LA","West South Central","South","ST TAMMANY","City","Cities under 2,500",2230,10,0,10,0,4,4,10,4,14,6.28,"PEARL RIVER POLICE DEPARTMENT                     ","Pearl River Police Department"
"2102",2009,"LA0400400","Lecompte",NA,"LA","West South Central","South","RAPIDES","City","Cities under 2,500",1312,5,0,5,0,0,0,5,0,5,3.81,"LECOMPTE POLICE DEPARTMENT                        ","Lecompte Police Department"
"2103",2009,"LA0330100","Tallulah",NA,"LA","West South Central","South","MADISON","City","Cities from 2,500 thru 9,999",7504,11,0,11,1,5,6,12,5,17,2.27,"TALLULAH POLICE DEPT.                             ","Tallulah Police Police Department"
"2104",2009,"LA0310000","Lincoln",NA,"LA","West South Central","South","LINCOLN","County","Non-MSA counties from 10,000 thru 24,999",17174,42,8,50,4,9,13,46,17,63,3.67,"LINCOLN PARISH SHERIFF'S OFFICE                   ","Lincoln Parish Sheriff's Office"
"2105",2009,"LA0350100","Natchitoches",NA,"LA","West South Central","South","NATCHITOCHES","City","Cities from 10,000 thru 24,999",18264,46,1,47,6,15,21,52,16,68,3.72,"NATCHITOCHES POLICE DEPARTMENT                    ","Natchitoches Police Department"
"2106",2009,"LA0300200","Olla",NA,"LA","West South Central","South","LA SALLE","City","Cities under 2,500",1348,4,0,4,0,0,0,4,0,4,2.97,"OLLA POLICE DEPARTMENT                            ","Olla Police Department"
"2107",2009,"LA0280600","Scott",NA,"LA","West South Central","South","LAFAYETTE","City","Cities from 2,500 thru 9,999",9096,22,0,22,1,1,2,23,1,24,2.64,"SCOTT POLICE DEPARTMENT                           ","Scott Police Department"
"2108",2009,"LA0570100","Abbeville",NA,"LA","West South Central","South","VERMILION","City","Cities from 10,000 thru 24,999",12125,36,1,37,2,2,4,38,3,41,3.38,"ABBEVILLE POLICE DEPARTMENT                       ","Abbeville Police Department"
"2109",2009,"LA0640100","Winnfield",NA,"LA","West South Central","South","WINN","City","Cities from 2,500 thru 9,999",5031,16,0,16,5,0,5,21,0,21,4.17,"WINNFIELD POLICE DEPT                             ","Winnfield Police Police Department"
"2110",2009,"LA0300000","La Salle",NA,"LA","West South Central","South","LA SALLE","County","Non-MSA counties under 10,000",9924,31,0,31,14,0,14,45,0,45,4.53,"LA SALLE PARISH SHERIFF'S OFFICE                  ","La Salle Parish Sheriff's Office"
"2111",2009,"LA0470200","Gramercy",NA,"LA","West South Central","South","ST JAMES","City","Cities from 2,500 thru 9,999",3278,4,0,4,1,0,1,5,0,5,1.53,"GRAMERCY POLICE DEPARTMENT                        ","Gramercy Police Department"
"2112",2009,"LA0140200","Homer",NA,"LA","West South Central","South","CLAIBORNE","City","Cities from 2,500 thru 9,999",3345,11,0,11,0,1,1,11,1,12,3.59,"HOMER POLICE DEPARTMENT                           ","Homer Police Department"
"2113",2009,"LA0400600","Glenmora",NA,"LA","West South Central","South","RAPIDES","City","Cities under 2,500",1554,6,0,6,2,0,2,8,0,8,5.15,"GLENMORA POLICE DEPARTMENT                        ","Glenmora Police Department"
"2114",2009,"LA0070000","Bienville",NA,"LA","West South Central","South","BIENVILLE","County","Non-MSA counties from 10,000 thru 24,999",14713,30,7,37,2,12,14,32,19,51,3.47,"BIENVILLE PARISH SHERIFF'S OFFICE                 ","Bienville Parish Sheriff's Office"
"2115",2009,"LA0010000","Acadia",NA,"LA","West South Central","South","ACADIA","County","Non-MSA counties from 25,000 thru 99,999",31750,56,19,75,5,33,38,61,52,113,3.56,"ACADIA PARISH SHERIFF'S OFFICE                    ","Acadia Parish Sheriff's Office"
"2116",2009,"LA0020000","Allen",NA,"LA","West South Central","South","ALLEN","County","Non-MSA counties from 10,000 thru 24,999",15279,61,0,61,20,0,20,81,0,81,5.3,"ALLEN PARISH SHERIFF'S OFFICE                     ","Allen Parish Sheriff's Office"
"2117",2009,"LA0500000","St. Martin",NA,"LA","West South Central","South","ST MARTIN","County","MSA counties from 25,000 thru 99,999",37501,82,57,139,37,71,108,119,128,247,6.59,"ST. MARTIN PARISH SHERIFF'S OFFICE                ","St. Martin Parish Sheriff's Office"
"2118",2009,"LA0100300","Sulphur",NA,"LA","West South Central","South","CALCASIEU","City","Cities from 10,000 thru 24,999",19341,43,5,48,6,10,16,49,15,64,3.31,"SULPHUR POLICE DEPARTMENT                         ","Sulphur Police Department"
"2119",2009,"LA0010300","Church Point",NA,"LA","West South Central","South","ACADIA","City","Cities from 2,500 thru 9,999",4652,12,0,12,7,0,7,19,0,19,4.08,"CHURCH POINT POLICE DEPARTMENT                    ","Church Point Police Department"
"2120",2009,"LA0530400","Amite",NA,"LA","West South Central","South","TANGIPAHOA","City","Cities from 2,500 thru 9,999",4343,22,0,22,5,0,5,27,0,27,6.22,"AMITE POLICE DEPARTMENT                           ","Amite Police Department"
"2121",2009,"LA0160000","De Soto",NA,"LA","West South Central","South","DE SOTO","County","MSA counties from 10,000 thru 24,999",19330,71,1,72,21,12,33,92,13,105,5.43,"DE SOTO PARISH SHERIFF'S OFFICE                   ","De Soto Parish Sheriff's Office"
"2122",2009,"LA0410000","Red River",NA,"LA","West South Central","South","RED RIVER","County","Non-MSA counties under 10,000",7056,16,12,28,2,7,9,18,19,37,5.24,"RED RIVER PARISH SHERIFF'S OFFICE                 ","Red River Parish Sheriff's Office"
"2123",2009,"LA0490100","Eunice",NA,"LA","West South Central","South","ACADIA, ST LANDRY","City","Cities from 10,000 thru 24,999",11501,28,3,31,3,7,10,31,10,41,3.56,"EUNICE POLICE DEPARTMENT                          ","Eunice Police Department"
"2124",2009,"LA0430000","Sabine",NA,"LA","West South Central","South","SABINE","County","Non-MSA counties from 10,000 thru 24,999",21120,47,0,47,23,0,23,70,0,70,3.31,"SABINE PARISH SHERIFF'S OFFICE                    ","Sabine Parish Sheriff's Office"
"2125",2008,"LA0400400","Lecompte",NA,"LA","West South Central","South","RAPIDES","City","Cities under 2,500",1321,4,0,4,0,1,1,4,1,5,3.79,"LECOMPTE POLICE DEPARTMENT                        ","Lecompte Police Department"
"2126",2008,"LA0420200","Rayville",NA,"LA","West South Central","South","RICHLAND","City","Cities from 2,500 thru 9,999",4017,8,0,8,1,1,2,9,1,10,2.49,"RAYVILLE POLICE DEPARTMENT                        ","Rayville Police Department"
"2127",2008,"LA0370100","Monroe",NA,"LA","West South Central","South","OUACHITA","City","Cities from 50,000 thru 99,999",50988,152,8,160,19,40,59,171,48,219,4.3,"MONROE POLICE DEPARTMENT                          ","Monroe Police Department"
"2128",2008,"LA0070000","Bienville",NA,"LA","West South Central","South","BIENVILLE","County","Non-MSA counties from 10,000 thru 24,999",14892,24,5,29,2,13,15,26,18,44,2.95,"BIENVILLE PARISH SHERIFF'S OFFICE                 ","Bienville Parish Sheriff's Office"
"2129",2008,"LA0140200","Homer",NA,"LA","West South Central","South","CLAIBORNE","City","Cities from 2,500 thru 9,999",3387,11,0,11,0,1,1,11,1,12,3.54,"HOMER POLICE DEPARTMENT                           ","Homer Police Department"
"2130",2008,"LA0630000","West Feliciana",NA,"LA","West South Central","South","WEST FELICIANA","County","MSA counties from 10,000 thru 24,999",13660,50,2,52,8,20,28,58,22,80,5.86,"WEST FELICIANA PARISH SHERIFF'S OFFICE            ","West Feliciana Parish Sheriff's Office"
"2131",2008,"LA0490500","Washington",NA,"LA","West South Central","South","ST LANDRY","City","Cities under 2,500",1049,6,0,6,1,1,2,7,1,8,7.63,"WASHINGTON POLICE DEPARTMENT                      ","Washington Police Department"
"2132",2008,"LA0530000","Tangipahoa",NA,"LA","West South Central","South","TANGIPAHOA","County","Non-MSA counties from 25,000 thru 99,999",82662,100,77,177,5,63,68,105,140,245,2.96,"TANGIPAHOA PARISH SHERIFF'S OFFICE                ","Tangipahoa Parish Sheriff's Office"
"2133",2008,"LA0200200","Mamou",NA,"LA","West South Central","South","EVANGELINE","City","Cities from 2,500 thru 9,999",3438,10,2,12,2,4,6,12,6,18,5.24,"MAMOU POLICE DEPARTMENT                           ","Mamou Police Department"
"2134",2008,"LA0270200","Jennings",NA,"LA","West South Central","South","JEFFERSON DAVIS","City","Cities from 10,000 thru 24,999",10496,20,4,24,3,8,11,23,12,35,3.33,"JENNINGS POLICE DEPARTMENT                        ","Jennings Police Department"
"2135",2008,"LA0400200","Pineville",NA,"LA","West South Central","South","RAPIDES","City","Cities from 10,000 thru 24,999",14725,52,2,54,3,5,8,55,7,62,4.21,"PINEVILLE POLICE DEPARTMENT                       ","Pineville Police Department"
"2136",2008,"LA0450000","St. Charles",NA,"LA","West South Central","South","ST CHARLES","County","MSA counties from 25,000 thru 99,999",52852,233,5,238,46,90,136,279,95,374,7.08,"ST. CHARLES PARISH SHERIFF'S OFFICE               ","St. Charles Parish Sheriff's Office"
"2137",2008,"LA0490000","St. Landry",NA,"LA","West South Central","South","ST LANDRY","County","Non-MSA counties from 25,000 thru 99,999",50803,85,38,123,11,63,74,96,101,197,3.88,"ST. LANDRY PARISH SHERIFF'S OFFICE                ","St. Landry Parish Sheriff's Office"
"2138",2008,"LA0290100","Golden Meadow",NA,"LA","West South Central","South","LAFOURCHE","City","Cities under 2,500",2122,2,0,2,1,1,2,3,1,4,1.89,"GOLDEN MEADOW POLICE DEPARTMENT                   ","Golden Meadow Police Department"
"2139",2008,"LA0100000","Calcasieu",NA,"LA","West South Central","South","CALCASIEU","County","MSA counties from 25,000 thru 99,999",82695,520,19,539,177,81,258,697,100,797,9.64,"CALCASIEU PARISH SHERIFF'S OFFICE                 ","Calcasieu Parish Sheriff's Office"
"2140",2008,"LA0440000","St. Bernard",NA,"LA","West South Central","South","ST BERNARD","County","MSA counties from 25,000 thru 99,999",36108,183,12,195,33,18,51,216,30,246,6.81,"ST. BERNARD PARISH SHERIFF'S OFFICE               ","St. Bernard Parish Sheriff's Office"
"2141",2008,"LA0260400","Westwego",NA,"LA","West South Central","South","JEFFERSON","City","Cities from 2,500 thru 9,999",9711,34,1,35,4,1,5,38,2,40,4.12,"WESTWEGO POLICE DEPARTMENT                        ","Westwego Police Department"
"2142",2008,"LA0580100","Leesville",NA,"LA","West South Central","South","VERNON","City","Cities from 2,500 thru 9,999",5867,19,2,21,9,0,9,28,2,30,5.11,"LEESVILLE POLICE DEPARTMENT                       ","Leesville Police Department"
"2143",2008,"LA0590200","Franklinton",NA,"LA","West South Central","South","WASHINGTON","City","Cities from 2,500 thru 9,999",3719,15,1,16,1,5,6,16,6,22,5.92,"FRANKLINTON POLICE DEPARTMENT                     ","Franklinton Police Department"
"2144",2008,"LA0610300","Addis",NA,"LA","West South Central","South","WEST BATON ROUGE","City","Cities from 2,500 thru 9,999",3590,8,0,8,0,1,1,8,1,9,2.51,"ADDIS POLICE DEPARTMENT                           ","Addis Police Department"
"2145",2008,"LA0010100","Crowley",NA,"LA","West South Central","South","ACADIA","City","Cities from 10,000 thru 24,999",13958,32,0,32,6,6,12,38,6,44,3.15,"CROWLEY POLICE DEPARTMENT                         ","Crowley Police Department"
"2146",2008,"LA0460000","St. Helena",NA,"LA","West South Central","South","ST HELENA","County","MSA counties from 10,000 thru 24,999",10697,17,12,29,2,15,17,19,27,46,4.3,"ST. HELENA PARISH SHERIFF'S OFFICE                ","St. Helena Parish Sheriff's Office"
"2147",2008,"LA0500100","Breaux Bridge",NA,"LA","West South Central","South","ST MARTIN","City","Cities from 2,500 thru 9,999",8059,11,0,11,9,0,9,20,0,20,2.48,"BREAUX BRIDGE POLICE DEPARTMENT                   ","Breaux Bridge Police Department"
"2148",2008,"LA036209E","Tulane University",NA,"LA","West South Central","South","ORLEANS","University or College","Cities under 2,500",0,28,6,34,6,9,15,34,15,49,NA,NA,"Tulane University"
"2149",2008,"LA0230000","Iberia",NA,"LA","West South Central","South","IBERIA","County","Non-MSA counties from 25,000 thru 99,999",69718,118,65,183,16,111,127,134,176,310,4.45,"IBERIA PARISH SHERIFF'S OFFICE                    ","Iberia Parish Sheriff's Office"
"2150",2008,"LA0170000","East Baton Rouge",NA,"LA","West South Central","South","EAST BATON ROUGE","County","MSA counties 100,000 or over",180143,558,0,558,263,0,263,821,0,821,4.56,"EAST BATON ROUGE PARISH SHERIFF'S OFFICE          ","East Baton Rouge Parish Sheriff's Office"
"2151",2008,"LA0080600","Louisiana State University:","Shreveport","LA","West South Central","South","BOSSIER","University or College","Cities under 2,500",0,9,0,9,1,0,1,10,0,10,NA,"LOUISIANA STATE UNIVERSITY - SHREVEPORT POLICE    ","Louisiana State University - Shreveport Police"
"2152",2008,"LA0270300","Lake Arthur",NA,"LA","West South Central","South","JEFFERSON DAVIS","City","Cities from 2,500 thru 9,999",2860,4,0,4,1,4,5,5,4,9,3.15,"LAKE ARTHUR POLICE DEPARTMENT                     ","Lake Arthur Police Department"
"2153",2008,"LA0220500","Pollock",NA,"LA","West South Central","South","GRANT","City","Cities under 2,500",381,2,0,2,0,1,1,2,1,3,7.87,"POLLOCK POLICE DEPARTMENT                         ","Pollock Police Department"
"2154",2008,"LA0280300","Lafayette",NA,"LA","West South Central","South","LAFAYETTE","City","Cities from 100,000 thru 249,999",113770,224,2,226,22,57,79,246,59,305,2.68,"LAFAYETTE POLICE DEPARTMENT                       ","Lafayette Police Department"
"2155",2008,"LA0130000","Catahoula",NA,"LA","West South Central","South","CATAHOULA","County","Non-MSA counties from 10,000 thru 24,999",10015,13,71,84,0,26,26,13,97,110,10.98,"CATAHOULA PARISH SHERIFF'S OFFICE                 ","Catahoula Parish Sheriff's Office"
"2156",2008,"LA0350400","Clarence",NA,"LA","West South Central","South","NATCHITOCHES","City","Cities under 2,500",500,1,0,1,0,0,0,1,0,1,2,"CLARENCE POLICE DEPARTMENT                        ","Clarence Police Department"
"2157",2008,"LA0410100","Coushatta",NA,"LA","West South Central","South","RED RIVER","City","Cities under 2,500",2095,5,0,5,1,0,1,6,0,6,2.86,"COUSHATTA POLICE DEPARTMENT                       ","Coushatta Police Department"
"2158",2008,"LA0400100","Alexandria",NA,"LA","West South Central","South","RAPIDES","City","Cities from 25,000 thru 49,999",48393,151,2,153,15,33,48,166,35,201,4.15,"ALEXANDRIA POLICE DEPARTMENT                      ","Alexandria Police Department"
"2159",2008,"LA0310200","Ruston",NA,"LA","West South Central","South","LINCOLN","City","Cities from 10,000 thru 24,999",21056,34,2,36,2,6,8,36,8,44,2.09,"RUSTON POLICE DEPARTMENT                          ","Ruston Police Department"
"2160",2008,"LA0401000","Ball",NA,"LA","West South Central","South","RAPIDES","City","Cities from 2,500 thru 9,999",3763,6,0,6,0,2,2,6,2,8,2.13,"BALL POLICE DEPARTMENT                            ","Ball Police Department"
"2161",2008,"LA0320600","Port Vincent",NA,"LA","West South Central","South","LIVINGSTON","City","Cities under 2,500",535,2,0,2,0,0,0,2,0,2,3.74,"PORT VINCENT POLICE DEPT.                         ","Port Vincent Police Police Department"
"2162",2008,"LA0320100","Denham Springs",NA,"LA","West South Central","South","LIVINGSTON","City","Cities from 10,000 thru 24,999",10269,30,0,30,1,8,9,31,8,39,3.8,"DENHAM SPRINGS POLICE DEPARTMENT                  ","Denham Springs Police Department"
"2163",2008,"LA0280700","University of Louisiana:","Lafayette","LA","West South Central","South","LAFAYETTE","University or College","Cities under 2,500",0,18,0,18,3,6,9,21,6,27,NA,"UNIVERSITY OF LOUISIANA AT LAFAYETTE POLICE       ","University Of Louisiana At Lafayette Police"
"2164",2008,"LA0010200","Rayne",NA,"LA","West South Central","South","ACADIA","City","Cities from 2,500 thru 9,999",8523,21,0,21,4,0,4,25,0,25,2.93,"RAYNE POLICE DEPARTMENT                           ","Rayne Police Department"
"2165",2008,"LA0530300","Ponchatoula",NA,"LA","West South Central","South","TANGIPAHOA","City","Cities from 2,500 thru 9,999",6482,20,0,20,1,5,6,21,5,26,4.01,"PONCHATOULA POLICE DEPARTMENT                     ","Ponchatoula Police Department"
"2166",2008,"LA0550000","Terrebonne",NA,"LA","West South Central","South","TERREBONNE","County","MSA counties from 25,000 thru 99,999",76960,165,13,178,58,46,104,223,59,282,3.66,"TERREBONNE PARISH SHERIFF'S OFFICE                ","Terrebonne Parish Sheriff's Office"
"2167",2008,"LA0150000","Concordia",NA,"LA","West South Central","South","CONCORDIA","County","Non-MSA counties from 10,000 thru 24,999",11387,175,0,175,83,0,83,258,0,258,22.66,"CONCORDIA PARISH SHERIFF'S OFFICE                 ","Concordia Parish Sheriff's Office"
"2168",2008,"LA0060000","Beauregard",NA,"LA","West South Central","South","BEAUREGARD","County","Non-MSA counties from 25,000 thru 99,999",25394,45,5,50,9,13,22,54,18,72,2.84,"BEAUREGARD PARISH SHERIFF'S OFFICE                ","Beauregard Parish Sheriff's Office"
"2169",2008,"LA0050600","Moreauville",NA,"LA","West South Central","South","AVOYELLES","City","Cities under 2,500",927,2,0,2,0,0,0,2,0,2,2.16,"MOREAUVILLE POLICE DEPARTMENT                     ","Moreauville Police Department"
"2170",2008,"LA0380000","Plaquemines",NA,"LA","West South Central","South","PLAQUEMINES","County","MSA counties from 10,000 thru 24,999",21176,126,0,126,59,3,62,185,3,188,8.88,"PLAQUEMINES PARISH SHERIFF'S OFFICE               ","Plaquemines Parish Sheriff's Office"
"2171",2008,"LA0190200","Jackson",NA,"LA","West South Central","South","EAST FELICIANA","City","Cities from 2,500 thru 9,999",3905,5,0,5,0,0,0,5,0,5,1.28,"JACKSON POLICE DEPARTMENT                         ","Jackson Police Department"
"2172",2008,"LA0420100","Delhi",NA,"LA","West South Central","South","RICHLAND","City","Cities from 2,500 thru 9,999",2977,5,0,5,0,4,4,5,4,9,3.02,"DELHI POLICE DEPARTMENT                           ","Delhi Police Department"
"2173",2008,"LA0200300","Ville Platte",NA,"LA","West South Central","South","EVANGELINE","City","Cities from 2,500 thru 9,999",8247,15,0,15,7,2,9,22,2,24,2.91,"VILLE PLATTE POLICE DEPARTMENT                    ","Ville Platte Police Department"
"2174",2008,"LA0100500","Westlake",NA,"LA","West South Central","South","CALCASIEU","City","Cities from 2,500 thru 9,999",4565,16,0,16,6,0,6,22,0,22,4.82,"WESTLAKE POLICE DEPARTMENT                        ","Westlake Police Department"
"2175",2008,"LA0310600","Grambling State University",NA,"LA","West South Central","South","LINCOLN","University or College","Cities under 2,500",0,6,4,10,4,5,9,10,9,19,NA,"GRAMBLING STATE UNIVERSITY POLICE DEPT.           ","Grambling State University Police Police Department"
"2176",2008,"LA0160100","Mansfield",NA,"LA","West South Central","South","DE SOTO","City","Cities from 2,500 thru 9,999",5395,13,3,16,2,2,4,15,5,20,3.71,"MANSFIELD POLICE DEPARTMENT                       ","Mansfield Police Department"
"2177",2008,"LA0610000","West Baton Rouge",NA,"LA","West South Central","South","WEST BATON ROUGE","County","MSA counties from 10,000 thru 24,999",12118,104,23,127,15,32,47,119,55,174,14.36,"WEST BATON ROUGE PARISH SHERIFF'S OFFICE          ","West Baton Rouge Parish Sheriff's Office"
"2178",2008,"LA0510400","Patterson",NA,"LA","West South Central","South","ST MARY","City","Cities from 2,500 thru 9,999",5202,17,0,17,4,0,4,21,0,21,4.04,"PATTERSON POLICE DEPARTMENT                       ","Patterson Police Department"
"2179",2008,"LA0580000","Vernon",NA,"LA","West South Central","South","VERNON","County","Non-MSA counties from 25,000 thru 99,999",38774,94,13,107,12,29,41,106,42,148,3.82,"VERNON PARISH SHERIFF'S OFFICE                    ","Vernon Parish Sheriff's Office"
"2180",2008,"LA0510100","Berwick",NA,"LA","West South Central","South","ST MARY","City","Cities from 2,500 thru 9,999",4286,9,0,9,2,0,2,11,0,11,2.57,"BERWICK POLICE DEPARTMENT                         ","Berwick Police Department"
"2181",2008,"LA0530900","Southeastern Louisiana University",NA,"LA","West South Central","South","TANGIPAHOA","University or College","Cities under 2,500",0,23,0,23,2,7,9,25,7,32,NA,"SOUTHEASTERN LOUISIANA UNIVERSITY POLICE          ","Southeastern Louisiana University Police"
"2182",2008,"LA0600200","Springhill",NA,"LA","West South Central","South","WEBSTER","City","Cities from 2,500 thru 9,999",5083,10,2,12,3,0,3,13,2,15,2.95,"SPRINGHILL POLICE DEPARTMENT                      ","Springhill Police Department"
"2183",2008,"LA0560100","Farmerville",NA,"LA","West South Central","South","UNION","City","Cities from 2,500 thru 9,999",3637,10,0,10,3,0,3,13,0,13,3.57,"FARMERVILLE POLICE DEPARTMENT                     ","Farmerville Police Department"
"2184",2008,"LA0530200","Kentwood",NA,"LA","West South Central","South","TANGIPAHOA","City","Cities under 2,500",2259,9,0,9,0,1,1,9,1,10,4.43,"KENTWOOD POLICE DEPARTMENT                        ","Kentwood Police Department"
"2185",2008,"LA0600100","Minden",NA,"LA","West South Central","South","WEBSTER","City","Cities from 10,000 thru 24,999",13019,24,0,24,4,1,5,28,1,29,2.23,"MINDEN POLICE DEPARTMENT                          ","Minden Police Department"
"2186",2008,"LA0040000","Assumption",NA,"LA","West South Central","South","ASSUMPTION","County","Non-MSA counties from 10,000 thru 24,999",22410,39,11,50,13,15,28,52,26,78,3.48,"ASSUMPTION PARISH SHERIFF'S OFFICE                ","Assumption Parish Sheriff's Office"
"2187",2008,"LA0150200","Vidalia",NA,"LA","West South Central","South","CONCORDIA","City","Cities from 2,500 thru 9,999",4096,15,4,19,3,6,9,18,10,28,6.84,"VIDALIA POLICE DEPARTMENT                         ","Vidalia Police Department"
"2188",2008,"LA0260300","Kenner",NA,"LA","West South Central","South","JEFFERSON","City","Cities from 50,000 thru 99,999",64597,145,17,162,18,43,61,163,60,223,3.45,"KENNER POLICE DEPARTMENT                          ","Kenner Police Department"
"2189",2008,"LA0200000","Evangeline",NA,"LA","West South Central","South","EVANGELINE","County","Non-MSA counties from 10,000 thru 24,999",22099,17,10,27,1,25,26,18,35,53,2.4,"EVANGELINE PARISH SHERIFF'S OFFICE                ","Evangeline Parish Sheriff's Office"
"2190",2008,"LA0370300","Sterlington",NA,"LA","West South Central","South","OUACHITA","City","Cities under 2,500",1341,7,0,7,0,0,0,7,0,7,5.22,"STERLINGTON POLICE DEPARTMENT                     ","Sterlington Police Department"
"2191",2008,"LA0540100","Newellton",NA,"LA","West South Central","South","TENSAS","City","Cities under 2,500",1268,3,0,3,0,0,0,3,0,3,2.37,"NEWELLTON POLICE DEPARTMENT                       ","Newellton Police Department"
"2192",2008,"LA0510500","Baldwin",NA,"LA","West South Central","South","ST MARY","City","Cities from 2,500 thru 9,999",2607,4,0,4,2,1,3,6,1,7,2.69,"BALDWIN POLICE DEPARTMENT                         ","Baldwin Police Department"
"2193",2008,"LA0280000","Lafayette",NA,"LA","West South Central","South","LAFAYETTE","County","MSA counties from 25,000 thru 99,999",70936,329,44,373,96,176,272,425,220,645,9.09,"LAFAYETTE PARISH SHERIFF'S OFFICE                 ","Lafayette Parish Sheriff's Office"
"2194",2008,"LA0320000","Livingston",NA,"LA","West South Central","South","LIVINGSTON","County","MSA counties 100,000 or over",102563,225,0,225,77,0,77,302,0,302,2.94,"LIVINGSTON PARISH SHERIFF'S OFFICE                ","Livingston Parish Sheriff's Office"
"2195",2008,"LA0390100","New Roads",NA,"LA","West South Central","South","POINTE COUPEE","City","Cities from 2,500 thru 9,999",4739,16,0,16,3,1,4,19,1,20,4.22,"NEW ROADS POLICE DEPARTMENT                       ","New Roads Police Department"
"2196",2008,"LA0490200","Opelousas",NA,"LA","West South Central","South","ST LANDRY","City","Cities from 10,000 thru 24,999",23090,52,1,53,10,13,23,62,14,76,3.29,"OPELOUSAS POLICE DEPARTMENT                       ","Opelousas Police Department"
"2197",2008,"LA0640000","Winn",NA,"LA","West South Central","South","WINN","County","Non-MSA counties from 10,000 thru 24,999",10379,21,0,21,11,0,11,32,0,32,3.08,"WINN PARISH SHERIFF'S OFFICE                      ","Winn Parish Sheriff's Office"
"2198",2008,"LA0600000","Webster",NA,"LA","West South Central","South","WEBSTER","County","Non-MSA counties from 10,000 thru 24,999",21233,41,56,97,3,35,38,44,91,135,6.36,"WEBSTER PARISH SHERIFF'S OFFICE                   ","Webster Parish Sheriff's Office"
"2199",2008,"LA0520500","Pearl River",NA,"LA","West South Central","South","ST TAMMANY","City","Cities under 2,500",2220,10,0,10,0,4,4,10,4,14,6.31,"PEARL RIVER POLICE DEPARTMENT                     ","Pearl River Police Department"
"2200",2008,"LA0030200","Gonzales",NA,"LA","West South Central","South","ASCENSION","City","Cities from 2,500 thru 9,999",9252,31,0,31,4,0,4,35,0,35,3.78,"GONZALES POLICE DEPARTMENT                        ","Gonzales Police Department"
"2201",2008,"LA0270000","Jefferson Davis",NA,"LA","West South Central","South","JEFFERSON DAVIS","County","Non-MSA counties from 10,000 thru 24,999",13475,39,2,41,4,11,15,43,13,56,4.16,"JEFFERSON DAVIS PARISH SHERIFF'S OFFICE           ","Jefferson Davis Parish Sheriff's Office"
"2202",2008,"LA0310300","Grambling",NA,"LA","West South Central","South","LINCOLN","City","Cities from 2,500 thru 9,999",4501,9,0,9,1,5,6,10,5,15,3.33,"GRAMBLING POLICE DEPARTMENT                       ","Grambling Police Department"
"2203",2008,"LA0330000","Madison",NA,"LA","West South Central","South","MADISON","County","Non-MSA counties under 10,000",4173,56,0,56,12,0,12,68,0,68,16.3,"MADISON PARISH SHERIFF'S OFFICE                   ","Madison Parish Sheriff's Office"
"2204",2008,"LA0100200","Lake Charles",NA,"LA","West South Central","South","CALCASIEU","City","Cities from 50,000 thru 99,999",70075,138,0,138,40,7,47,178,7,185,2.64,"LAKE CHARLES POLICE DEPARTMENT                    ","Lake Charles Police Department"
"2205",2008,"LA0240600","St. Gabriel",NA,"LA","West South Central","South","IBERVILLE","City","Cities from 2,500 thru 9,999",5552,10,1,11,0,5,5,10,6,16,2.88,"ST. GABRIEL POLICE DEPARTMENT                     ","St. Gabriel Police Department"
"2206",2008,"LA0530400","Amite",NA,"LA","West South Central","South","TANGIPAHOA","City","Cities from 2,500 thru 9,999",4322,23,0,23,5,0,5,28,0,28,6.48,"AMITE POLICE DEPARTMENT                           ","Amite Police Department"
"2207",2008,"LA0490800","Krotz Springs",NA,"LA","West South Central","South","ST LANDRY","City","Cities under 2,500",1263,3,0,3,1,2,3,4,2,6,4.75,"KROTZ SPRINGS POLICE DEPARTMENT                   ","Krotz Springs Police Department"
"2208",2008,"LA0100300","Sulphur",NA,"LA","West South Central","South","CALCASIEU","City","Cities from 10,000 thru 24,999",19400,41,3,44,1,15,16,42,18,60,3.09,"SULPHUR POLICE DEPARTMENT                         ","Sulphur Police Department"
"2209",2008,"LA0160000","De Soto",NA,"LA","West South Central","South","DE SOTO","County","MSA counties from 10,000 thru 24,999",19207,67,2,69,16,14,30,83,16,99,5.15,"DE SOTO PARISH SHERIFF'S OFFICE                   ","De Soto Parish Sheriff's Office"
"2210",2008,"LA0010300","Church Point",NA,"LA","West South Central","South","ACADIA","City","Cities from 2,500 thru 9,999",4666,11,0,11,6,0,6,17,0,17,3.64,"CHURCH POINT POLICE DEPARTMENT                    ","Church Point Police Department"
"2211",2008,"LA0320700","French Settlement",NA,"LA","West South Central","South","LIVINGSTON","City","Cities under 2,500",1071,2,0,2,0,0,0,2,0,2,1.87,"FRENCH SETTLEMENT POLICE DEPARTMENT               ","French Settlement Police Department"
"2212",2008,"LA0520100","Covington",NA,"LA","West South Central","South","ST TAMMANY","City","Cities from 2,500 thru 9,999",9553,36,1,37,2,11,13,38,12,50,5.23,"COVINGTON POLICE DEPARTMENT                       ","Covington Police Department"
"2213",2008,"LA0290500","Thibodaux",NA,"LA","West South Central","South","LAFOURCHE","City","Cities from 10,000 thru 24,999",14126,40,3,43,9,7,16,49,10,59,4.18,"THIBODAUX POLICE DEPARTMENT                       ","Thibodaux Police Department"
"2214",2008,"LA0500200","St. Martinville",NA,"LA","West South Central","South","ST MARTIN","City","Cities from 2,500 thru 9,999",7024,11,0,11,4,5,9,15,5,20,2.85,"ST. MARTINVILLE POLICE DEPARTMENT                 ","St. Martinville Police Department"
"2215",2008,"LA0560000","Union",NA,"LA","West South Central","South","UNION","County","MSA counties from 10,000 thru 24,999",16883,28,6,34,3,11,14,31,17,48,2.84,"UNION PARISH SHERIFF'S OFFICE                     ","Union Parish Sheriff's Office"
"2216",2008,"LA0020100","Kinder",NA,"LA","West South Central","South","ALLEN","City","Cities under 2,500",2394,13,0,13,4,0,4,17,0,17,7.1,"KINDER POLICE DEPARTMENT                          ","Kinder Police Department"
"2217",2008,"LA0520200","Slidell",NA,"LA","West South Central","South","ST TAMMANY","City","Cities from 25,000 thru 49,999",27379,69,6,75,2,30,32,71,36,107,3.91,"SLIDELL POLICE DEPARTMENT                         ","Slidell Police Department"
"2218",2008,"LA0600400","Cullen",NA,"LA","West South Central","South","WEBSTER","City","Cities under 2,500",1379,2,0,2,1,0,1,3,0,3,2.18,"CULLEN POLICE DEPARTMENT                          ","Cullen Police Department"
"2219",2008,"LA0170200","Baton Rouge",NA,"LA","West South Central","South","EAST BATON ROUGE","City","Cities from 100,000 thru 249,999",226920,565,49,614,63,225,288,628,274,902,3.97,"BATON ROUGE POLICE DEPARTMENT                     ","Baton Rouge Police Department"
"2220",2008,"LA0100100","De Quincy",NA,"LA","West South Central","South","CALCASIEU","City","Cities from 2,500 thru 9,999",3214,11,0,11,3,0,3,14,0,14,4.36,"DEQUINCY POLICE DEPARTMENT                        ","Dequincy Police Department"
"2221",2008,"LA0290600","Nicholls State University",NA,"LA","West South Central","South","LAFOURCHE","University or College","Cities under 2,500",0,8,0,8,3,5,8,11,5,16,NA,"NICHOLLS STATE UNIVERSITY POLICE                  ","Nicholls State University Police"
"2222",2008,"LA0420000","Richland",NA,"LA","West South Central","South","RICHLAND","County","Non-MSA counties from 10,000 thru 24,999",13534,75,2,77,54,18,72,129,20,149,11.01,"RICHLAND PARISH SHERIFF'S OFFICE                  ","Richland Parish Sheriff's Office"
"2223",2008,"LA0361700","Louisiana State University:","Health Sciences Center, New Orleans","LA","West South Central","South","ORLEANS","University or College","Cities under 2,500",0,24,0,24,9,0,9,33,0,33,NA,"LSU HEALTH SCIENCES CENTER POLICE DEPARTMENT      ","Lsu Health Sciences Center Police Department"
"2224",2008,"LA0260200","Harahan",NA,"LA","West South Central","South","JEFFERSON","City","Cities from 2,500 thru 9,999",8976,19,0,19,6,3,9,25,3,28,3.12,"HARAHAN POLICE DEPARTMENT                         ","Harahan Police Department"
"2225",2008,"LA0030000","Ascension",NA,"LA","West South Central","South","ASCENSION","County","MSA counties from 25,000 thru 99,999",92114,185,2,187,41,32,73,226,34,260,2.82,"ASCENSION PARISH SHERIFF'S OFFICE                 ","Ascension Parish Sheriff's Office"
"2226",2008,"LA0540000","Tensas",NA,"LA","West South Central","South","TENSAS","County","Non-MSA counties under 10,000",2737,19,5,24,13,0,13,32,5,37,13.52,"TENSAS PARISH SHERIFF'S OFFICE                    ","Tensas Parish Sheriff's Office"
"2227",2008,"LA0620000","West Carroll",NA,"LA","West South Central","South","WEST CARROLL","County","Non-MSA counties from 10,000 thru 24,999",11530,12,0,12,5,0,5,17,0,17,1.47,"WEST CARROLL PARISH SHERIFF'S OFFICE              ","West Carroll Parish Sheriff's Office"
"2228",2008,"LA0520000","St. Tammany",NA,"LA","West South Central","South","ST TAMMANY","County","MSA counties 100,000 or over",180775,270,220,490,27,183,210,297,403,700,3.87,"ST. TAMMANY PARISH SHERIFF'S OFFICE               ","St. Tammany Parish Sheriff's Office"
"2229",2008,"LA0080700","Southern University and A&M College:","Shreveport","LA","West South Central","South","BOSSIER","University or College","Cities under 2,500",0,9,0,9,2,1,3,11,1,12,NA,"SOUTHERN UNIVERSITY AND A & M COLLEGE - SHREVEPORT","Southern University And A & M College - Shreveport"
"2230",2008,"LA0260000","Jefferson",NA,"LA","West South Central","South","JEFFERSON","County","MSA counties 100,000 or over",342141,777,115,892,228,329,557,1005,444,1449,4.24,"JEFFERSON PARISH SHERIFF'S OFFICE                 ","Jefferson Parish Sheriff's Office"
"2231",2008,"LA0170100","Baker",NA,"LA","West South Central","South","EAST BATON ROUGE","City","Cities from 10,000 thru 24,999",13550,26,0,26,6,2,8,32,2,34,2.51,"BAKER POLICE DEPARTMENT                           ","Baker Police Department"
"2232",2008,"LA0110000","Caldwell",NA,"LA","West South Central","South","CALDWELL","County","Non-MSA counties from 10,000 thru 24,999",10332,20,0,20,9,0,9,29,0,29,2.81,"CALDWELL PARISH SHERIFF'S OFFICE                  ","Caldwell Parish Sheriff's Office"
"2233",2008,"LA0390000","Pointe Coupee",NA,"LA","West South Central","South","POINTE COUPEE","County","MSA counties from 10,000 thru 24,999",17736,59,0,59,35,0,35,94,0,94,5.3,"POINTE COUPEE PARISH SHERIFF'S OFFICE             ","Pointe Coupee Parish Sheriff's Office"
"2234",2008,"LA0240000","Iberville",NA,"LA","West South Central","South","IBERVILLE","County","MSA counties from 10,000 thru 24,999",18518,70,15,85,7,38,45,77,53,130,7.02,"IBERVILLE PARISH SHERIFF'S OFFICE                 ","Iberville Parish Sheriff's Office"
"2235",2008,"LA0550100","Houma",NA,"LA","West South Central","South","TERREBONNE","City","Cities from 25,000 thru 49,999",32592,64,2,66,11,12,23,75,14,89,2.73,"HOUMA POLICE DEPARTMENT                           ","Houma Police Department"
"2236",2008,"LA0020000","Allen",NA,"LA","West South Central","South","ALLEN","County","Non-MSA counties from 10,000 thru 24,999",15176,26,14,40,3,11,14,29,25,54,3.56,"ALLEN PARISH SHERIFF'S OFFICE                     ","Allen Parish Sheriff's Office"
"2237",2008,"LA0500000","St. Martin",NA,"LA","West South Central","South","ST MARTIN","County","MSA counties from 25,000 thru 99,999",37062,85,8,93,32,39,71,117,47,164,4.43,"ST. MARTIN PARISH SHERIFF'S OFFICE                ","St. Martin Parish Sheriff's Office"
"2238",2008,"LA0010000","Acadia",NA,"LA","West South Central","South","ACADIA","County","Non-MSA counties from 25,000 thru 99,999",31588,68,0,68,40,0,40,108,0,108,3.42,"ACADIA PARISH SHERIFF'S OFFICE                    ","Acadia Parish Sheriff's Office"
"2239",2008,"LA0490400","Sunset",NA,"LA","West South Central","South","ST LANDRY","City","Cities from 2,500 thru 9,999",2647,8,0,8,5,0,5,13,0,13,4.91,"SUNSET POLICE DEPARTMENT                          ","Sunset Police Department"
"2240",2008,"LANPD0000","New Orleans",NA,"LA","West South Central","South","ORLEANS","City","Cities from 250,000 thru 499,999",281440,1171,44,1215,277,233,510,1448,277,1725,6.13,"NEW ORLEANS POLICE DEPARTMENT                     ","New Orleans Police Department"
"2241",2008,"LA0080400","Haughton",NA,"LA","West South Central","South","BOSSIER","City","Cities from 2,500 thru 9,999",2994,7,0,7,0,2,2,7,2,9,3.01,"HAUGHTON POLICE DEPARTMENT                        ","Haughton Police Department"
"2242",2008,"LA0401300","McNary",NA,"LA","West South Central","South","RAPIDES","City","Cities under 2,500",199,1,0,1,0,1,1,1,1,2,10.05,"MCNARY POLICE DEPARTMENT                          ","Mcnary Police Department"
"2243",2008,"LA0060100","De Ridder",NA,"LA","West South Central","South","BEAUREGARD, VERNON","City","Cities from 10,000 thru 24,999",10134,22,0,22,2,6,8,24,6,30,2.96,"DERIDDER POLICE DEPARTMENT                        ","Deridder Police Department"
"2244",2008,"LA0370200","West Monroe",NA,"LA","West South Central","South","OUACHITA","City","Cities from 10,000 thru 24,999",12916,61,2,63,18,2,20,79,4,83,6.43,"WEST MONROE POLICE DEPARTMENT                     ","West Monroe Police Department"
"2245",2008,"LA0090000","Caddo",NA,"LA","West South Central","South","CADDO","County","MSA counties from 25,000 thru 99,999",48155,348,30,378,89,175,264,437,205,642,13.33,"CADDO PARISH SHERIFF'S OFFICE                     ","Caddo Parish Sheriff's Office"
"2246",2008,"LA0250000","Jackson",NA,"LA","West South Central","South","JACKSON","County","Non-MSA counties from 10,000 thru 24,999",11018,81,0,81,21,0,21,102,0,102,9.26,"JACKSON PARISH SHERIFF'S OFFICE                   ","Jackson Parish Sheriff's Office"
"2247",2008,"LA0020200","Oakdale",NA,"LA","West South Central","South","ALLEN","City","Cities from 2,500 thru 9,999",8115,14,0,14,6,0,6,20,0,20,2.46,"OAKDALE POLICE DEPARTMENT                         ","Oakdale Police Department"
"2248",2008,"LA0510300","Morgan City",NA,"LA","West South Central","South","ST MARY","City","Cities from 10,000 thru 24,999",11626,26,0,26,16,2,18,42,2,44,3.78,"MORGAN CITY POLICE DEPARTMENT                     ","Morgan City Police Department"
"2249",2008,"LA0140000","Claiborne",NA,"LA","West South Central","South","CLAIBORNE","County","Non-MSA counties from 10,000 thru 24,999",10495,29,33,62,12,29,41,41,62,103,9.81,"CLAIBORNE PARISH SHERIFF'S OFFICE                 ","Claiborne Parish Sheriff's Office"
"2250",2008,"LA0090100","Shreveport",NA,"LA","West South Central","South","BOSSIER, CADDO","City","Cities from 100,000 thru 249,999",199434,440,11,451,149,81,230,589,92,681,3.41,"SHREVEPORT POLICE DEPARTMENT                      ","Shreveport Police Department"
"2251",2008,"LA0090400","Blanchard",NA,"LA","West South Central","South","CADDO","City","Cities from 2,500 thru 9,999",2590,5,0,5,0,1,1,5,1,6,2.32,"BLANCHARD POLICE DEPARTMENT                       ","Blanchard Police Department"
"2252",2008,"LA0080000","Bossier",NA,"LA","West South Central","South","BOSSIER","County","MSA counties from 25,000 thru 99,999",44102,269,24,293,31,45,76,300,69,369,8.37,"BOSSIER PARISH SHERIFF'S OFFICE                   ","Bossier Parish Sheriff's Office"
"2253",2008,"LA0400000","Rapides",NA,"LA","West South Central","South","RAPIDES","County","MSA counties from 25,000 thru 99,999",59318,349,35,384,40,74,114,389,109,498,8.4,"RAPIDES PARISH SHERIFF'S OFFICE                   ","Rapides Parish Sheriff's Office"
"2254",2008,"LA0080500","Louisiana State University:","Health Sciences Center, Shreveport","LA","West South Central","South","BOSSIER","University or College","Cities under 2,500",0,36,5,41,9,13,22,45,18,63,NA,"LOUISIANA STATE UNIVERSITY HEALTH SCIENCES CENTER ","Louisiana State University Health Sciences Center"
"2255",2008,"LA0180100","Lake Providence",NA,"LA","West South Central","South","EAST CARROLL","City","Cities from 2,500 thru 9,999",4232,6,0,6,1,1,2,7,1,8,1.89,"LAKE PROVIDENCE POLICE DEPARTMENT                 ","Lake Providence Police Department"
"2256",2008,"LA0430100","Many",NA,"LA","West South Central","South","SABINE","City","Cities from 2,500 thru 9,999",2741,10,0,10,1,1,2,11,1,12,4.38,"MANY POLICE DEPARTMENT                            ","Many Police Department"
"2257",2008,"LA0400700","Woodworth",NA,"LA","West South Central","South","RAPIDES","City","Cities under 2,500",1137,5,0,5,0,2,2,5,2,7,6.16,"WOODWORTH POLICE DEPARTMENT                       ","Woodworth Police Department"
"2258",2008,"LA0050300","Simmesport",NA,"LA","West South Central","South","AVOYELLES","City","Cities under 2,500",2195,8,0,8,0,0,0,8,0,8,3.64,"SIMMESPORT POLICE DEPT.                           ","Simmesport Police Police Department"
"2259",2008,"LA0340000","Morehouse",NA,"LA","West South Central","South","MOREHOUSE","County","Non-MSA counties from 10,000 thru 24,999",16908,36,72,108,4,46,50,40,118,158,9.34,"MOREHOUSE PARISH SHERIFF'S OFFICE                 ","Morehouse Parish Sheriff's Office"
"2260",2008,"LA0360300","University of New Orleans",NA,"LA","West South Central","South","ORLEANS","University or College","Cities under 2,500",0,27,0,27,1,0,1,28,0,28,NA,"UNIVERSITY OF NEW ORLEANS POLICE DEPT.            ","University Of New Orleans Police Police Department"
"2261",2008,"LA0280100","Broussard",NA,"LA","West South Central","South","LAFAYETTE, ST MARTIN","City","Cities from 2,500 thru 9,999",7854,22,0,22,0,4,4,22,4,26,3.31,"BROUSSARD POLICE DEPARTMENT                       ","Broussard Police Department"
"2262",2008,"LA0290000","Lafourche",NA,"LA","West South Central","South","LAFOURCHE","County","MSA counties from 25,000 thru 99,999",77344,157,45,202,76,58,134,233,103,336,4.34,"LAFOURCHE PARISH SHERIFF'S OFFICE                 ","Lafourche Parish Sheriff's Office"
"2263",2008,"LA0160800","Stonewall",NA,"LA","West South Central","South","DE SOTO","City","Cities under 2,500",1913,3,0,3,0,0,0,3,0,3,1.57,"STONEWALL POLICE DEPARTMENT                       ","Stonewall Police Department"
"2264",2008,"LA0120000","Cameron",NA,"LA","West South Central","South","CAMERON","County","MSA counties under 10,000",7203,46,5,51,1,20,21,47,25,72,10,"CAMERON PARISH SHERIFF'S OFFICE                   ","Cameron Parish Sheriff's Office"
"2265",2008,"LA0230200","Jeanerette",NA,"LA","West South Central","South","IBERIA","City","Cities from 2,500 thru 9,999",5895,5,0,5,2,5,7,7,5,12,2.04,"JEANERETTE POLICE DEPARTMENT                      ","Jeanerette Police Department"
"2266",2008,"LA0190100","Clinton",NA,"LA","West South Central","South","EAST FELICIANA","City","Cities under 2,500",1878,7,0,7,1,1,2,8,1,9,4.79,"CLINTON POLICE DEPT.                              ","Clinton Police Police Department"
"2267",2008,"LA0470200","Gramercy",NA,"LA","West South Central","South","ST JAMES","City","Cities from 2,500 thru 9,999",3309,6,0,6,1,0,1,7,0,7,2.12,"GRAMERCY POLICE DEPARTMENT                        ","Gramercy Police Department"
"2268",2008,"LA0610200","Brusly",NA,"LA","West South Central","South","WEST BATON ROUGE","City","Cities under 2,500",2151,7,0,7,0,1,1,7,1,8,3.72,"BRUSLY POLICE DEPARTMENT                          ","Brusly Police Department"
"2269",2008,"LA0520300","Mandeville",NA,"LA","West South Central","South","ST TAMMANY","City","Cities from 10,000 thru 24,999",12047,30,4,34,7,11,18,37,15,52,4.32,"MANDEVILLE POLICE DEPARTMENT                      ","Mandeville Police Department"
"2270",2008,"LA0570200","Kaplan",NA,"LA","West South Central","South","VERMILION","City","Cities from 2,500 thru 9,999",5089,11,1,12,1,3,4,12,4,16,3.14,"KAPLAN POLICE DEPARTMENT                          ","Kaplan Police Department"
"2271",2008,"LA0030300","Sorrento",NA,"LA","West South Central","South","ASCENSION","City","Cities under 2,500",1437,5,0,5,0,1,1,5,1,6,4.18,"SORRENTO POLICE DEPARTMENT                        ","Sorrento Police Department"
"2272",2008,"LA0050000","Avoyelles",NA,"LA","West South Central","South","AVOYELLES","County","Non-MSA counties from 25,000 thru 99,999",29267,180,0,180,197,0,197,377,0,377,12.88,"AVOYELLES PARISH SHERIFF'S OFFICE                 ","Avoyelles Parish Sheriff's Office"
"2273",2008,"LA0510000","St. Mary",NA,"LA","West South Central","South","ST MARY","County","Non-MSA counties from 10,000 thru 24,999",19950,95,4,99,70,15,85,165,19,184,9.22,"ST. MARY PARISH SHERIFF'S OFFICE                  ","St. Mary Parish Sheriff's Office"
"2274",2008,"LA0360200","Delgado Community College",NA,"LA","West South Central","South","ORLEANS","University or College","Cities under 2,500",0,22,1,23,3,7,10,25,8,33,NA,"DELGADO COMMUNITY COLLEGE POLICE                  ","Delgado Community College Police"
"2275",2008,"LA0260100","Gretna",NA,"LA","West South Central","South","JEFFERSON","City","Cities from 10,000 thru 24,999",15821,75,8,83,14,12,26,89,20,109,6.89,"GRETNA POLICE DEPARTMENT                          ","Gretna Police Department"
"2276",2008,"LA0570000","Vermilion",NA,"LA","West South Central","South","VERMILION","County","Non-MSA counties from 25,000 thru 99,999",37322,62,36,98,4,32,36,66,68,134,3.59,"VERMILION PARISH SHERIFF'S OFFICE                 ","Vermilion Parish Sheriff's Office"
"2277",2008,"LA0530800","Tickfaw",NA,"LA","West South Central","South","TANGIPAHOA","City","Cities under 2,500",694,7,0,7,0,0,0,7,0,7,10.09,"TICKFAW POLICE DEPARTMENT                         ","Tickfaw Police Department"
"2278",2008,"LA0080100","Bossier City",NA,"LA","West South Central","South","BOSSIER","City","Cities from 50,000 thru 99,999",62500,182,3,185,16,36,52,198,39,237,3.79,"BOSSIER CITY POLICE DEPT                          ","Bossier City Police Police Department"
"2279",2008,"LA0171100","Department of Public Safety State Capitol Detail",NA,"LA","West South Central","South","EAST BATON ROUGE","Other State Agency","Cities under 2,500",0,40,0,40,3,8,11,43,8,51,NA,"DEPT PUB SFTY ST CAP DTL                          ","Police Department Pub Sfty St Cap Dtl"
"2280",2008,"LA0220000","Grant",NA,"LA","West South Central","South","GRANT","County","MSA counties from 10,000 thru 24,999",19629,43,3,46,8,10,18,51,13,64,3.26,"GRANT PARISH SHERIFF'S OFFICE                     ","Grant Parish Sheriff's Office"
"2281",2008,"LA0050200","Marksville",NA,"LA","West South Central","South","AVOYELLES","City","Cities from 2,500 thru 9,999",5676,16,0,16,3,4,7,19,4,23,4.05,"MARKSVILLE POLICE DEPARTMENT                      ","Marksville Police Department"
"2282",2008,"LA0340100","Bastrop",NA,"LA","West South Central","South","MOREHOUSE","City","Cities from 10,000 thru 24,999",11776,21,0,21,6,12,18,27,12,39,3.31,"BASTROP POLICE DEPARTMENT                         ","Bastrop Police Department"
"2283",2008,"LA0100400","Vinton",NA,"LA","West South Central","South","CALCASIEU","City","Cities from 2,500 thru 9,999",3140,10,0,10,1,2,3,11,2,13,4.14,"VINTON POLICE DEPARTMENT                          ","Vinton Police Department"
"2284",2008,"LA0280500","Youngsville",NA,"LA","West South Central","South","LAFAYETTE","City","Cities from 2,500 thru 9,999",6818,10,0,10,1,1,2,11,1,12,1.76,"YOUNGSVILLE POLICE DEPARTMENT                     ","Youngsville Police Department"
"2285",2008,"LA0510200","Franklin",NA,"LA","West South Central","South","ST MARY","City","Cities from 2,500 thru 9,999",7694,9,0,9,14,1,15,23,1,24,3.12,"FRANKLIN POLICE DEPARTMENT                        ","Franklin Police Department"
"2286",2008,"LA0470000","St. James",NA,"LA","West South Central","South","ST JAMES","County","Non-MSA counties from 10,000 thru 24,999",14926,42,19,61,10,24,34,52,43,95,6.36,"ST. JAMES PARISH SHERIFF'S OFFICE                 ","St. James Parish Sheriff's Office"
"2287",2008,"LA0490600","Port Barre",NA,"LA","West South Central","South","ST LANDRY","City","Cities under 2,500",2337,10,0,10,0,6,6,10,6,16,6.85,"PORT BARRE POLICE DEPT                            ","Port Barre Police Police Department"
"2288",2008,"LA0300100","Jena",NA,"LA","West South Central","South","LA SALLE","City","Cities from 2,500 thru 9,999",2852,6,0,6,0,1,1,6,1,7,2.45,"JENA POLICE DEPARTMENT                            ","Jena Police Department"
"2289",2008,"LA0370000","Ouachita",NA,"LA","West South Central","South","OUACHITA","County","MSA counties from 25,000 thru 99,999",83307,254,0,254,139,0,139,393,0,393,4.72,"OUACHITA PARISH SHERIFF'S OFFICE                  ","Ouachita Parish Sheriff's Office"
"2290",2008,"LALSP0000","State Police",NA,"LA","West South Central","South","UNMAPPED COUNTY","State Police","Non-MSA counties under 10,000",0,1224,113,1337,51,374,425,1275,487,1762,NA,"LOUISIANA STATE POLICE                            ","Louisiana State Police"
"2291",2008,"LA0370900","Tensas Basin Levee District",NA,"LA","West South Central","South","OUACHITA","Other State Agency","Cities under 2,500",0,3,0,3,0,1,1,3,1,4,NA,"TENSAS BASIN LEVEE DISTRICT POLICE                ","Tensas Basin Levee District Police"
"2292",2008,"LA0361200","Southern University and A&M College:","New Orleans","LA","West South Central","South","ORLEANS","University or College","Cities under 2,500",0,8,0,8,2,1,3,10,1,11,NA,"SOUTHERN UNIV PD NEW ORLEANS                      ","Southern Univ Police Department New Orleans"
"2293",2008,"LA0490100","Eunice",NA,"LA","West South Central","South","ACADIA, ST LANDRY","City","Cities from 10,000 thru 24,999",11473,25,3,28,2,8,10,27,11,38,3.31,"EUNICE POLICE DEPARTMENT                          ","Eunice Police Department"
"2294",2008,"LA0430000","Sabine",NA,"LA","West South Central","South","SABINE","County","Non-MSA counties from 10,000 thru 24,999",21101,48,0,48,23,0,23,71,0,71,3.36,"SABINE PARISH SHERIFF'S OFFICE                    ","Sabine Parish Sheriff's Office"
"2295",2008,"LA0410000","Red River",NA,"LA","West South Central","South","RED RIVER","County","Non-MSA counties under 10,000",7103,17,9,26,2,8,10,19,17,36,5.07,"RED RIVER PARISH SHERIFF'S OFFICE                 ","Red River Parish Sheriff's Office"
"2296",2008,"LA0130200","Sicily Island",NA,"LA","West South Central","South","CATAHOULA","City","Cities under 2,500",441,1,0,1,0,1,1,1,1,2,4.54,"SICILY ISLAND POLICE DEPARTMENT                   ","Sicily Island Police Department"
"2297",2008,"LA0560200","Bernice",NA,"LA","West South Central","South","UNION","City","Cities under 2,500",1635,5,0,5,0,0,0,5,0,5,3.06,"BERNICE POLICE DEPARTMENT                         ","Bernice Police Department"
"2298",2008,"LA0170400","Louisiana State University:","Baton Rouge","LA","West South Central","South","EAST BATON ROUGE","University or College","Cities under 2,500",0,52,0,52,7,2,9,59,2,61,NA,"LOUISIANA STATE UNIVERSITY POLICE DEPARTMENT      ","Louisiana State University Police Department"
"2299",2008,"LA0150100","Ferriday",NA,"LA","West South Central","South","CONCORDIA","City","Cities from 2,500 thru 9,999",3544,10,3,13,2,2,4,12,5,17,4.8,"FERRIDAY POLICE DEPARTMENT                        ","Ferriday Police Department"
"2300",2008,"LA0350000","Natchitoches",NA,"LA","West South Central","South","NATCHITOCHES","County","Non-MSA counties from 10,000 thru 24,999",21073,47,11,58,5,20,25,52,31,83,3.94,"NATCHITOCHES PARISH SHERIFF'S OFFICE              ","Natchitoches Parish Sheriff's Office"
"2301",2008,"LA0100800","McNeese State University",NA,"LA","West South Central","South","CALCASIEU","University or College","Cities under 2,500",0,13,2,15,3,4,7,16,6,22,NA,"MCNEESE STATE UNIVERSITY POLICE                   ","Mcneese State University Police"
"2302",2008,"LA0370400","University of Louisiana:","Monroe","LA","West South Central","South","OUACHITA","University or College","Cities under 2,500",0,18,2,20,2,5,7,20,7,27,NA,"UNIVERSITY OF LOUISIANA - MONROE POLICE           ","University Of Louisiana - Monroe Police"
"2303",2008,"LA0200100","Basile",NA,"LA","West South Central","South","EVANGELINE","City","Cities under 2,500",2390,6,0,6,2,5,7,8,5,13,5.44,"BASILE POLICE DEPARTMENT                          ","Basile Police Department"
"2304",2008,"LA0100700","Iowa",NA,"LA","West South Central","South","CALCASIEU","City","Cities from 2,500 thru 9,999",2599,10,0,10,0,3,3,10,3,13,5,"IOWA POLICE DEPARTMENT                            ","Iowa Police Department"
"2305",2008,"LA0351000","Northwestern State University",NA,"LA","West South Central","South","NATCHITOCHES","University or College","Cities under 2,500",0,19,0,19,1,6,7,20,6,26,NA,"NORTHWESTERN STATE UNIVERSITY OF LOUISIANA POLICE ","Northwestern State University Of Louisiana Police"
"2306",2008,"LA0600800","Dixie Inn",NA,"LA","West South Central","South","WEBSTER","City","Cities under 2,500",345,2,0,2,0,0,0,2,0,2,5.8,"DIXIE INN POLICE DEPARTMENT                       ","Dixie Inn Police Department"
"2307",2008,"LA0590100","Bogalusa",NA,"LA","West South Central","South","WASHINGTON","City","Cities from 10,000 thru 24,999",12607,34,8,42,5,14,19,39,22,61,4.84,"BOGALUSA POLICE DEPARTMENT                        ","Bogalusa Police Department"
"2308",2008,"LA0590000","Washington",NA,"LA","West South Central","South","WASHINGTON","County","Non-MSA counties from 25,000 thru 99,999",28982,52,18,70,9,31,40,61,49,110,3.8,"WASHINGTON PARISH SHERIFF'S OFFICE                ","Washington Parish Sheriff's Office"
"2309",2008,"LA0580200","New Llano",NA,"LA","West South Central","South","VERNON","City","Cities under 2,500",2072,8,4,12,0,2,2,8,6,14,6.76,"NEW LLANO POLICE DEPARTMENT                       ","New Llano Police Department"
"2310",2008,"LA0270100","Elton",NA,"LA","West South Central","South","JEFFERSON DAVIS","City","Cities under 2,500",1232,7,1,8,0,3,3,7,4,11,8.93,"ELTON POLICE DEPARTMENT                           ","Elton Police Department"
"2311",2008,"LA0530100","Hammond",NA,"LA","West South Central","South","TANGIPAHOA","City","Cities from 10,000 thru 24,999",19825,70,11,81,7,15,22,77,26,103,5.2,"HAMMOND POLICE DEPARTMENT                         ","Hammond Police Department"
"2312",2008,"LA0640100","Winnfield",NA,"LA","West South Central","South","WINN","City","Cities from 2,500 thru 9,999",5073,13,2,15,1,6,7,14,8,22,4.34,"WINNFIELD POLICE DEPT                             ","Winnfield Police Police Department"
"2313",2008,"LA0300000","La Salle",NA,"LA","West South Central","South","LA SALLE","County","Non-MSA counties under 10,000",9897,29,0,29,14,0,14,43,0,43,4.34,"LA SALLE PARISH SHERIFF'S OFFICE                  ","La Salle Parish Sheriff's Office"
"2314",2008,"LA0350100","Natchitoches",NA,"LA","West South Central","South","NATCHITOCHES","City","Cities from 10,000 thru 24,999",18188,40,1,41,5,11,16,45,12,57,3.13,"NATCHITOCHES POLICE DEPARTMENT                    ","Natchitoches Police Department"
"2315",2008,"LA0330100","Tallulah",NA,"LA","West South Central","South","MADISON","City","Cities from 2,500 thru 9,999",7539,11,0,11,1,5,6,12,5,17,2.25,"TALLULAH POLICE DEPT.                             ","Tallulah Police Police Department"
"2316",2008,"LA0570100","Abbeville",NA,"LA","West South Central","South","VERMILION","City","Cities from 10,000 thru 24,999",11636,31,1,32,5,1,6,36,2,38,3.27,"ABBEVILLE POLICE DEPARTMENT                       ","Abbeville Police Department"
"2317",2008,"LA0310000","Lincoln",NA,"LA","West South Central","South","LINCOLN","County","Non-MSA counties from 10,000 thru 24,999",17254,40,8,48,5,8,13,45,16,61,3.54,"LINCOLN PARISH SHERIFF'S OFFICE                   ","Lincoln Parish Sheriff's Office"
"2318",2008,"LA0280600","Scott",NA,"LA","West South Central","South","LAFAYETTE","City","Cities from 2,500 thru 9,999",8713,21,0,21,1,1,2,22,1,23,2.64,"SCOTT POLICE DEPARTMENT                           ","Scott Police Department"
"2319",2008,"LA0300200","Olla",NA,"LA","West South Central","South","LA SALLE","City","Cities under 2,500",1345,4,0,4,0,0,0,4,0,4,2.97,"OLLA POLICE DEPARTMENT                            ","Olla Police Department"
"2320",2008,"LA0170600","Southern University and A&M College:","Baton Rouge","LA","West South Central","South","EAST BATON ROUGE","University or College","Cities under 2,500",0,17,2,19,6,5,11,23,7,30,NA,"SOUTHERN UNIVERSITY AND A & M COLLEGE POLICE      ","Southern University And A & M College Police"
"2321",2008,"LA0190000","East Feliciana",NA,"LA","West South Central","South","EAST FELICIANA","County","MSA counties from 10,000 thru 24,999",15103,45,0,45,18,0,18,63,0,63,4.17,"EAST FELICIANA PARISH SHERIFF'S OFFICE            ","East Feliciana Parish Sheriff's Office"
"2322",2008,"LA0240200","Plaquemine",NA,"LA","West South Central","South","IBERVILLE","City","Cities from 2,500 thru 9,999",6688,21,1,22,5,3,8,26,4,30,4.49,"PLAQUEMINE POLICE DEPARTMENT                      ","Plaquemine Police Department"
"2323",2008,"LA0250100","Jonesboro",NA,"LA","West South Central","South","JACKSON","City","Cities from 2,500 thru 9,999",3703,8,1,9,0,3,3,8,4,12,3.24,"JONESBORO POLICE DEPARTMENT                       ","Jonesboro Police Department"
"2324",2008,"LA0040100","Napoleonville",NA,"LA","West South Central","South","ASSUMPTION","City","Cities under 2,500",664,1,0,1,1,1,2,2,1,3,4.52,"NAPOLEONVILLE POLICE DEPARTMENT                   ","Napoleonville Police Department"
"2325",2007,"LA0170000","East Baton Rouge",NA,"LA","West South Central","South","EAST BATON ROUGE","County","MSA counties 100,000 or over",172514,551,4,555,158,139,297,709,143,852,4.94,"EAST BATON ROUGE PARISH SHERIFF'S OFFICE          ","East Baton Rouge Parish Sheriff's Office"
"2326",2007,"LA0080600","Louisiana State University:","Shreveport","LA","West South Central","South","BOSSIER","University or College","Cities under 2,500",0,9,0,9,1,1,2,10,1,11,NA,"LOUISIANA STATE UNIVERSITY - SHREVEPORT POLICE    ","Louisiana State University - Shreveport Police"
"2327",2007,"LA0180000","East Carroll",NA,"LA","West South Central","South","EAST CARROLL","County","Non-MSA counties under 10,000",4121,17,107,124,1,90,91,18,197,215,52.17,"EAST CARROLL PARISH SHERIFF'S OFFICE              ","East Carroll Parish Sheriff's Office"
"2328",2007,"LA0410100","Coushatta",NA,"LA","West South Central","South","RED RIVER","City","Cities under 2,500",2166,5,0,5,1,0,1,6,0,6,2.77,"COUSHATTA POLICE DEPARTMENT                       ","Coushatta Police Department"
"2329",2007,"LA0400100","Alexandria",NA,"LA","West South Central","South","RAPIDES","City","Cities from 25,000 thru 49,999",45720,148,2,150,14,31,45,162,33,195,4.27,"ALEXANDRIA POLICE DEPARTMENT                      ","Alexandria Police Department"
"2330",2007,"LA0350400","Clarence",NA,"LA","West South Central","South","NATCHITOCHES","City","Cities under 2,500",493,1,0,1,1,0,1,2,0,2,4.06,"CLARENCE POLICE DEPARTMENT                        ","Clarence Police Department"
"2331",2007,"LA0310200","Ruston",NA,"LA","West South Central","South","LINCOLN","City","Cities from 10,000 thru 24,999",20532,37,3,40,2,6,8,39,9,48,2.34,"RUSTON POLICE DEPARTMENT                          ","Ruston Police Department"
"2332",2007,"LA0401300","McNary",NA,"LA","West South Central","South","RAPIDES","City","Cities under 2,500",199,1,0,1,0,1,1,1,1,2,10.05,"MCNARY POLICE DEPARTMENT                          ","Mcnary Police Department"
"2333",2007,"LA0020200","Oakdale",NA,"LA","West South Central","South","ALLEN","City","Cities from 2,500 thru 9,999",7997,9,0,9,8,0,8,17,0,17,2.13,"OAKDALE POLICE DEPARTMENT                         ","Oakdale Police Department"
"2334",2007,"LA0080400","Haughton",NA,"LA","West South Central","South","BOSSIER","City","Cities from 2,500 thru 9,999",2997,7,0,7,0,2,2,7,2,9,3,"HAUGHTON POLICE DEPARTMENT                        ","Haughton Police Department"
"2335",2007,"LA0260100","Gretna",NA,"LA","West South Central","South","JEFFERSON","City","Cities from 10,000 thru 24,999",16240,78,8,86,11,17,28,89,25,114,7.02,"GRETNA POLICE DEPARTMENT                          ","Gretna Police Department"
"2336",2007,"LA0360200","Delgado Community College",NA,"LA","West South Central","South","ORLEANS","University or College","Cities under 2,500",0,19,2,21,2,9,11,21,11,32,NA,"DELGADO COMMUNITY COLLEGE POLICE                  ","Delgado Community College Police"
"2337",2007,"LA0530000","Tangipahoa",NA,"LA","West South Central","South","TANGIPAHOA","County","Non-MSA counties from 25,000 thru 99,999",79433,180,12,192,18,52,70,198,64,262,3.3,"TANGIPAHOA PARISH SHERIFF'S OFFICE                ","Tangipahoa Parish Sheriff's Office"
"2338",2007,"LA0630000","West Feliciana",NA,"LA","West South Central","South","WEST FELICIANA","County","MSA counties from 10,000 thru 24,999",13884,73,4,77,8,20,28,81,24,105,7.56,"WEST FELICIANA PARISH SHERIFF'S OFFICE            ","West Feliciana Parish Sheriff's Office"
"2339",2007,"LA0260300","Kenner",NA,"LA","West South Central","South","JEFFERSON","City","Cities from 50,000 thru 99,999",66473,155,17,172,16,37,53,171,54,225,3.38,"KENNER POLICE DEPARTMENT                          ","Kenner Police Department"
"2340",2007,"LA0490500","Washington",NA,"LA","West South Central","South","ST LANDRY","City","Cities under 2,500",1064,6,0,6,1,0,1,7,0,7,6.58,"WASHINGTON POLICE DEPARTMENT                      ","Washington Police Department"
"2341",2007,"LA0260000","Jefferson",NA,"LA","West South Central","South","JEFFERSON","County","MSA counties 100,000 or over",328313,729,127,856,171,366,537,900,493,1393,4.24,"JEFFERSON PARISH SHERIFF'S OFFICE                 ","Jefferson Parish Sheriff's Office"
"2342",2007,"LA0390000","Pointe Coupee",NA,"LA","West South Central","South","POINTE COUPEE","County","MSA counties from 10,000 thru 24,999",17732,35,20,55,1,28,29,36,48,84,4.74,"POINTE COUPEE PARISH SHERIFF'S OFFICE             ","Pointe Coupee Parish Sheriff's Office"
"2343",2007,"LA0500000","St. Martin",NA,"LA","West South Central","South","ST MARTIN","County","MSA counties from 25,000 thru 99,999",36324,82,43,125,32,74,106,114,117,231,6.36,"ST. MARTIN PARISH SHERIFF'S OFFICE                ","St. Martin Parish Sheriff's Office"
"2344",2007,"LA0490400","Sunset",NA,"LA","West South Central","South","ST LANDRY","City","Cities from 2,500 thru 9,999",2580,7,0,7,5,0,5,12,0,12,4.65,"SUNSET POLICE DEPARTMENT                          ","Sunset Police Department"
"2345",2007,"LA0010000","Acadia",NA,"LA","West South Central","South","ACADIA","County","Non-MSA counties from 25,000 thru 99,999",31357,74,0,74,37,0,37,111,0,111,3.54,"ACADIA PARISH SHERIFF'S OFFICE                    ","Acadia Parish Sheriff's Office"
"2346",2007,"LA0050200","Marksville",NA,"LA","West South Central","South","AVOYELLES","City","Cities from 2,500 thru 9,999",5787,15,0,15,2,5,7,17,5,22,3.8,"MARKSVILLE POLICE DEPARTMENT                      ","Marksville Police Department"
"2347",2007,"LA0570000","Vermilion",NA,"LA","West South Central","South","VERMILION","County","Non-MSA counties from 25,000 thru 99,999",36971,63,30,93,4,27,31,67,57,124,3.35,"VERMILION PARISH SHERIFF'S OFFICE                 ","Vermilion Parish Sheriff's Office"
"2348",2007,"LA0080100","Bossier City",NA,"LA","West South Central","South","BOSSIER","City","Cities from 50,000 thru 99,999",61993,182,2,184,14,39,53,196,41,237,3.82,"BOSSIER CITY POLICE DEPT                          ","Bossier City Police Police Department"
"2349",2007,"LA0530800","Tickfaw",NA,"LA","West South Central","South","TANGIPAHOA","City","Cities under 2,500",687,8,0,8,0,0,0,8,0,8,11.64,"TICKFAW POLICE DEPARTMENT                         ","Tickfaw Police Department"
"2350",2007,"LA0171100","Department of Public Safety State Capitol Detail",NA,"LA","West South Central","South","EAST BATON ROUGE","Other State Agency","Cities under 2,500",0,38,0,38,3,10,13,41,10,51,NA,"DEPT PUB SFTY ST CAP DTL                          ","Police Department Pub Sfty St Cap Dtl"
"2351",2007,"LA0220000","Grant",NA,"LA","West South Central","South","GRANT","County","MSA counties from 10,000 thru 24,999",19595,23,20,43,0,22,22,23,42,65,3.32,"GRANT PARISH SHERIFF'S OFFICE                     ","Grant Parish Sheriff's Office"
"2352",2007,"LA0510000","St. Mary",NA,"LA","West South Central","South","ST MARY","County","Non-MSA counties from 10,000 thru 24,999",19697,95,5,100,70,15,85,165,20,185,9.39,"ST. MARY PARISH SHERIFF'S OFFICE                  ","St. Mary Parish Sheriff's Office"
"2353",2007,"LA0351000","Northwestern State University",NA,"LA","West South Central","South","NATCHITOCHES","University or College","Cities under 2,500",0,14,0,14,1,4,5,15,4,19,NA,"NORTHWESTERN STATE UNIVERSITY OF LOUISIANA POLICE ","Northwestern State University Of Louisiana Police"
"2354",2007,"LA0490200","Opelousas",NA,"LA","West South Central","South","ST LANDRY","City","Cities from 10,000 thru 24,999",23223,42,1,43,8,14,22,50,15,65,2.8,"OPELOUSAS POLICE DEPARTMENT                       ","Opelousas Police Department"
"2355",2007,"LA0610100","Port Allen",NA,"LA","West South Central","South","WEST BATON ROUGE","City","Cities from 2,500 thru 9,999",5136,19,1,20,1,3,4,20,4,24,4.67,"PORT ALLEN POLICE DEPARTMENT                      ","Port Allen Police Department"
"2356",2007,"LA0640000","Winn",NA,"LA","West South Central","South","WINN","County","Non-MSA counties from 10,000 thru 24,999",10484,16,17,33,0,7,7,16,24,40,3.82,"WINN PARISH SHERIFF'S OFFICE                      ","Winn Parish Sheriff's Office"
"2357",2007,"LA0510500","Baldwin",NA,"LA","West South Central","South","ST MARY","City","Cities from 2,500 thru 9,999",2618,5,0,5,2,1,3,7,1,8,3.06,"BALDWIN POLICE DEPARTMENT                         ","Baldwin Police Department"
"2358",2007,"LA0150200","Vidalia",NA,"LA","West South Central","South","CONCORDIA","City","Cities from 2,500 thru 9,999",4189,17,0,17,3,6,9,20,6,26,6.21,"VIDALIA POLICE DEPARTMENT                         ","Vidalia Police Department"
"2359",2007,"LA0200000","Evangeline",NA,"LA","West South Central","South","EVANGELINE","County","Non-MSA counties from 10,000 thru 24,999",21777,17,13,30,0,23,23,17,36,53,2.43,"EVANGELINE PARISH SHERIFF'S OFFICE                ","Evangeline Parish Sheriff's Office"
"2360",2007,"LA0040000","Assumption",NA,"LA","West South Central","South","ASSUMPTION","County","Non-MSA counties from 10,000 thru 24,999",22709,34,10,44,11,21,32,45,31,76,3.35,"ASSUMPTION PARISH SHERIFF'S OFFICE                ","Assumption Parish Sheriff's Office"
"2361",2007,"LA0320000","Livingston",NA,"LA","West South Central","South","LIVINGSTON","County","MSA counties from 25,000 thru 99,999",99334,138,0,138,69,0,69,207,0,207,2.08,"LIVINGSTON PARISH SHERIFF'S OFFICE                ","Livingston Parish Sheriff's Office"
"2362",2007,"LA0370300","Sterlington",NA,"LA","West South Central","South","OUACHITA","City","Cities under 2,500",1240,9,0,9,0,0,0,9,0,9,7.26,"STERLINGTON POLICE DEPARTMENT                     ","Sterlington Police Department"
"2363",2007,"LA0260400","Westwego",NA,"LA","West South Central","South","JEFFERSON","City","Cities from 2,500 thru 9,999",9957,35,1,36,6,2,8,41,3,44,4.42,"WESTWEGO POLICE DEPARTMENT                        ","Westwego Police Department"
"2364",2007,"LA0570400","Erath",NA,"LA","West South Central","South","VERMILION","City","Cities under 2,500",2205,8,0,8,2,4,6,10,4,14,6.35,"ERATH POLICE DEPARTMENT                           ","Erath Police Department"
"2365",2007,"LA0170100","Baker",NA,"LA","West South Central","South","EAST BATON ROUGE","City","Cities from 10,000 thru 24,999",13600,29,0,29,5,2,7,34,2,36,2.65,"BAKER POLICE DEPARTMENT                           ","Baker Police Department"
"2366",2007,"LA0440000","St. Bernard",NA,"LA","West South Central","South","ST BERNARD","County","MSA counties from 10,000 thru 24,999",15420,169,15,184,25,10,35,194,25,219,14.2,"ST. BERNARD PARISH SHERIFF'S OFFICE               ","St. Bernard Parish Sheriff's Office"
"2367",2007,"LA0110000","Caldwell",NA,"LA","West South Central","South","CALDWELL","County","Non-MSA counties from 10,000 thru 24,999",10609,30,0,30,5,0,5,35,0,35,3.3,"CALDWELL PARISH SHERIFF'S OFFICE                  ","Caldwell Parish Sheriff's Office"
"2368",2007,"LA0130000","Catahoula",NA,"LA","West South Central","South","CATAHOULA","County","Non-MSA counties from 10,000 thru 24,999",10032,16,69,85,0,27,27,16,96,112,11.16,"CATAHOULA PARISH SHERIFF'S OFFICE                 ","Catahoula Parish Sheriff's Office"
"2369",2007,"LA0610200","Brusly",NA,"LA","West South Central","South","WEST BATON ROUGE","City","Cities under 2,500",2130,6,0,6,0,1,1,6,1,7,3.29,"BRUSLY POLICE DEPARTMENT                          ","Brusly Police Department"
"2370",2007,"LA0520300","Mandeville",NA,"LA","West South Central","South","ST TAMMANY","City","Cities from 10,000 thru 24,999",12346,29,3,32,8,12,20,37,15,52,4.21,"MANDEVILLE POLICE DEPARTMENT                      ","Mandeville Police Department"
"2371",2007,"LA0570200","Kaplan",NA,"LA","West South Central","South","VERMILION","City","Cities from 2,500 thru 9,999",5192,12,1,13,3,5,8,15,6,21,4.04,"KAPLAN POLICE DEPARTMENT                          ","Kaplan Police Department"
"2372",2007,"LA0450000","St. Charles",NA,"LA","West South Central","South","ST CHARLES","County","MSA counties from 25,000 thru 99,999",53112,210,5,215,43,94,137,253,99,352,6.63,"ST. CHARLES PARISH SHERIFF'S OFFICE               ","St. Charles Parish Sheriff's Office"
"2373",2007,"LA0530500","Independence",NA,"LA","West South Central","South","TANGIPAHOA","City","Cities under 2,500",1826,16,0,16,0,0,0,16,0,16,8.76,"INDEPENDENCE POLICE DEPARTMENT                    ","Independence Police Department"
"2374",2007,"LA0270200","Jennings",NA,"LA","West South Central","South","JEFFERSON DAVIS","City","Cities from 10,000 thru 24,999",10577,23,0,23,11,2,13,34,2,36,3.4,"JENNINGS POLICE DEPARTMENT                        ","Jennings Police Department"
"2375",2007,"LA0580000","Vernon",NA,"LA","West South Central","South","VERNON","County","Non-MSA counties from 25,000 thru 99,999",37963,95,7,102,10,28,38,105,35,140,3.69,"VERNON PARISH SHERIFF'S OFFICE                    ","Vernon Parish Sheriff's Office"
"2376",2007,"LA0510100","Berwick",NA,"LA","West South Central","South","ST MARY","City","Cities from 2,500 thru 9,999",4312,10,0,10,1,0,1,11,0,11,2.55,"BERWICK POLICE DEPARTMENT                         ","Berwick Police Department"
"2377",2007,"LA0400200","Pineville",NA,"LA","West South Central","South","RAPIDES","City","Cities from 10,000 thru 24,999",14540,54,2,56,2,6,8,56,8,64,4.4,"PINEVILLE POLICE DEPARTMENT                       ","Pineville Police Department"
"2378",2007,"LA0530900","Southeastern Louisiana University",NA,"LA","West South Central","South","TANGIPAHOA","University or College","Cities under 2,500",0,23,1,24,3,8,11,26,9,35,NA,"SOUTHEASTERN LOUISIANA UNIVERSITY POLICE          ","Southeastern Louisiana University Police"
"2379",2007,"LA0510300","Morgan City",NA,"LA","West South Central","South","ST MARY","City","Cities from 10,000 thru 24,999",11810,29,3,32,5,15,20,34,18,52,4.4,"MORGAN CITY POLICE DEPARTMENT                     ","Morgan City Police Department"
"2380",2007,"LA0580200","New Llano",NA,"LA","West South Central","South","VERNON","City","Cities under 2,500",2031,6,3,9,0,2,2,6,5,11,5.42,"NEW LLANO POLICE DEPARTMENT                       ","New Llano Police Department"
"2381",2007,"LA0590000","Washington",NA,"LA","West South Central","South","WASHINGTON","County","Non-MSA counties from 25,000 thru 99,999",28103,85,0,85,52,0,52,137,0,137,4.87,"WASHINGTON PARISH SHERIFF'S OFFICE                ","Washington Parish Sheriff's Office"
"2382",2007,"LA0350000","Natchitoches",NA,"LA","West South Central","South","NATCHITOCHES","County","Non-MSA counties from 10,000 thru 24,999",20367,47,10,57,11,10,21,58,20,78,3.83,"NATCHITOCHES PARISH SHERIFF'S OFFICE              ","Natchitoches Parish Sheriff's Office"
"2383",2007,"LA0370400","University of Louisiana:","Monroe","LA","West South Central","South","OUACHITA","University or College","Cities under 2,500",0,19,2,21,2,5,7,21,7,28,NA,"UNIVERSITY OF LOUISIANA - MONROE POLICE           ","University Of Louisiana - Monroe Police"
"2384",2007,"LA0590100","Bogalusa",NA,"LA","West South Central","South","WASHINGTON","City","Cities from 10,000 thru 24,999",12927,32,8,40,5,14,19,37,22,59,4.56,"BOGALUSA POLICE DEPARTMENT                        ","Bogalusa Police Department"
"2385",2007,"LA0600800","Dixie Inn",NA,"LA","West South Central","South","WEBSTER","City","Cities under 2,500",348,3,0,3,0,0,0,3,0,3,8.62,"DIXIE INN POLICE DEPARTMENT                       ","Dixie Inn Police Department"
"2386",2007,"LA0270000","Jefferson Davis",NA,"LA","West South Central","South","JEFFERSON DAVIS","County","Non-MSA counties from 10,000 thru 24,999",13316,33,2,35,4,9,13,37,11,48,3.6,"JEFFERSON DAVIS PARISH SHERIFF'S OFFICE           ","Jefferson Davis Parish Sheriff's Office"
"2387",2007,"LANPD0000","New Orleans",NA,"LA","West South Central","South","ORLEANS","City","Cities from 100,000 thru 249,999",220614,1156,43,1199,260,207,467,1416,250,1666,7.55,"NEW ORLEANS POLICE DEPARTMENT                     ","New Orleans Police Department"
"2388",2007,"LA0310300","Grambling",NA,"LA","West South Central","South","LINCOLN","City","Cities from 2,500 thru 9,999",4474,7,0,7,2,5,7,9,5,14,3.13,"GRAMBLING POLICE DEPARTMENT                       ","Grambling Police Department"
"2389",2007,"LA0480000","St. John the Baptist",NA,"LA","West South Central","South","ST JOHN THE BAPTIST","County","MSA counties from 25,000 thru 99,999",49020,147,14,161,38,17,55,185,31,216,4.41,"ST. JOHN THE BAPTIST PARISH SHERIFF'S OFFICE      ","St. John The Baptist Parish Sheriff's Office"
"2390",2007,"LA0030300","Sorrento",NA,"LA","West South Central","South","ASCENSION","City","Cities under 2,500",1443,4,0,4,1,1,2,5,1,6,4.16,"SORRENTO POLICE DEPARTMENT                        ","Sorrento Police Department"
"2391",2007,"LA0320700","French Settlement",NA,"LA","West South Central","South","LIVINGSTON","City","Cities under 2,500",1100,2,0,2,0,0,0,2,0,2,1.82,"FRENCH SETTLEMENT POLICE DEPARTMENT               ","French Settlement Police Department"
"2392",2007,"LA0290500","Thibodaux",NA,"LA","West South Central","South","LAFOURCHE","City","Cities from 10,000 thru 24,999",14501,34,3,37,4,6,10,38,9,47,3.24,"THIBODAUX POLICE DEPARTMENT                       ","Thibodaux Police Department"
"2393",2007,"LA0240000","Iberville",NA,"LA","West South Central","South","IBERVILLE","County","MSA counties from 10,000 thru 24,999",18658,67,16,83,10,38,48,77,54,131,7.02,"IBERVILLE PARISH SHERIFF'S OFFICE                 ","Iberville Parish Sheriff's Office"
"2394",2007,"LA0550100","Houma",NA,"LA","West South Central","South","TERREBONNE","City","Cities from 25,000 thru 49,999",32597,58,1,59,10,14,24,68,15,83,2.55,"HOUMA POLICE DEPARTMENT                           ","Houma Police Department"
"2395",2007,"LA0290600","Nicholls State University",NA,"LA","West South Central","South","LAFOURCHE","University or College","Cities under 2,500",0,5,1,6,3,4,7,8,5,13,NA,"NICHOLLS STATE UNIVERSITY POLICE                  ","Nicholls State University Police"
"2396",2007,"LA0520000","St. Tammany",NA,"LA","West South Central","South","ST TAMMANY","County","MSA counties 100,000 or over",182264,244,193,437,21,209,230,265,402,667,3.66,"ST. TAMMANY PARISH SHERIFF'S OFFICE               ","St. Tammany Parish Sheriff's Office"
"2397",2007,"LA0620000","West Carroll",NA,"LA","West South Central","South","WEST CARROLL","County","Non-MSA counties from 10,000 thru 24,999",11639,16,0,16,4,0,4,20,0,20,1.72,"WEST CARROLL PARISH SHERIFF'S OFFICE              ","West Carroll Parish Sheriff's Office"
"2398",2007,"LA0260200","Harahan",NA,"LA","West South Central","South","JEFFERSON","City","Cities from 2,500 thru 9,999",9212,18,2,20,4,3,7,22,5,27,2.93,"HARAHAN POLICE DEPARTMENT                         ","Harahan Police Department"
"2399",2007,"LA0030000","Ascension",NA,"LA","West South Central","South","ASCENSION","County","MSA counties from 25,000 thru 99,999",89265,179,4,183,37,30,67,216,34,250,2.8,"ASCENSION PARISH SHERIFF'S OFFICE                 ","Ascension Parish Sheriff's Office"
"2400",2007,"LA0540000","Tensas",NA,"LA","West South Central","South","TENSAS","County","Non-MSA counties under 10,000",2812,17,40,57,14,70,84,31,110,141,50.14,"TENSAS PARISH SHERIFF'S OFFICE                    ","Tensas Parish Sheriff's Office"
"2401",2007,"LA0361700","Louisiana State University:","Health Sciences Center, New Orleans","LA","West South Central","South","ORLEANS","University or College","Cities under 2,500",0,22,0,22,8,0,8,30,0,30,NA,"LSU HEALTH SCIENCES CENTER POLICE DEPARTMENT      ","Lsu Health Sciences Center Police Department"
"2402",2007,"LA0170200","Baton Rouge",NA,"LA","West South Central","South","EAST BATON ROUGE","City","Cities from 100,000 thru 249,999",228446,564,54,618,68,223,291,632,277,909,3.98,"BATON ROUGE POLICE DEPARTMENT                     ","Baton Rouge Police Department"
"2403",2007,"LA0140100","Haynesville",NA,"LA","West South Central","South","CLAIBORNE","City","Cities under 2,500",2492,6,0,6,1,0,1,7,0,7,2.81,"HAYNESVILLE POLICE DEPT                           ","Haynesville Police Police Department"
"2404",2007,"LA0100100","De Quincy",NA,"LA","West South Central","South","CALCASIEU","City","Cities from 2,500 thru 9,999",3192,11,0,11,3,0,3,14,0,14,4.39,"DEQUINCY POLICE DEPARTMENT                        ","Dequincy Police Department"
"2405",2007,"LA0290000","Lafourche",NA,"LA","West South Central","South","LAFOURCHE","County","MSA counties from 25,000 thru 99,999",77100,166,12,178,89,49,138,255,61,316,4.1,"LAFOURCHE PARISH SHERIFF'S OFFICE                 ","Lafourche Parish Sheriff's Office"
"2406",2007,"LA0360300","University of New Orleans",NA,"LA","West South Central","South","ORLEANS","University or College","Cities under 2,500",0,22,2,24,1,1,2,23,3,26,NA,"UNIVERSITY OF NEW ORLEANS POLICE DEPT.            ","University Of New Orleans Police Police Department"
"2407",2007,"LA0340000","Morehouse",NA,"LA","West South Central","South","MOREHOUSE","County","Non-MSA counties from 10,000 thru 24,999",17300,32,75,107,5,46,51,37,121,158,9.13,"MOREHOUSE PARISH SHERIFF'S OFFICE                 ","Morehouse Parish Sheriff's Office"
"2408",2007,"LA0120000","Cameron",NA,"LA","West South Central","South","CAMERON","County","MSA counties under 10,000",7737,43,6,49,1,18,19,44,24,68,8.79,"CAMERON PARISH SHERIFF'S OFFICE                   ","Cameron Parish Sheriff's Office"
"2409",2007,"LA0280100","Broussard",NA,"LA","West South Central","South","LAFAYETTE, ST MARTIN","City","Cities from 2,500 thru 9,999",7466,21,0,21,0,3,3,21,3,24,3.21,"BROUSSARD POLICE DEPARTMENT                       ","Broussard Police Department"
"2410",2007,"LA0160800","Stonewall",NA,"LA","West South Central","South","DE SOTO","City","Cities under 2,500",1927,2,0,2,0,0,0,2,0,2,1.04,"STONEWALL POLICE DEPARTMENT                       ","Stonewall Police Department"
"2411",2007,"LA0240600","St. Gabriel",NA,"LA","West South Central","South","IBERVILLE","City","Cities from 2,500 thru 9,999",5592,8,0,8,0,5,5,8,5,13,2.32,"ST. GABRIEL POLICE DEPARTMENT                     ","St. Gabriel Police Department"
"2412",2007,"LA0100200","Lake Charles",NA,"LA","West South Central","South","CALCASIEU","City","Cities from 50,000 thru 99,999",69966,136,1,137,38,6,44,174,7,181,2.59,"LAKE CHARLES POLICE DEPARTMENT                    ","Lake Charles Police Department"
"2413",2007,"LA0580100","Leesville",NA,"LA","West South Central","South","VERNON","City","Cities from 2,500 thru 9,999",5763,23,2,25,6,3,9,29,5,34,5.9,"LEESVILLE POLICE DEPARTMENT                       ","Leesville Police Department"
"2414",2007,"LA0590200","Franklinton",NA,"LA","West South Central","South","WASHINGTON","City","Cities from 2,500 thru 9,999",3723,15,1,16,1,5,6,16,6,22,5.91,"FRANKLINTON POLICE DEPARTMENT                     ","Franklinton Police Department"
"2415",2007,"LA0030200","Gonzales",NA,"LA","West South Central","South","ASCENSION","City","Cities from 2,500 thru 9,999",9067,32,0,32,4,0,4,36,0,36,3.97,"GONZALES POLICE DEPARTMENT                        ","Gonzales Police Department"
"2416",2007,"LA0090400","Blanchard",NA,"LA","West South Central","South","CADDO","City","Cities under 2,500",2468,5,0,5,0,1,1,5,1,6,2.43,"BLANCHARD POLICE DEPARTMENT                       ","Blanchard Police Department"
"2417",2007,"LA0140000","Claiborne",NA,"LA","West South Central","South","CLAIBORNE","County","Non-MSA counties from 10,000 thru 24,999",10127,21,0,21,16,0,16,37,0,37,3.65,"CLAIBORNE PARISH SHERIFF'S OFFICE                 ","Claiborne Parish Sheriff's Office"
"2418",2007,"LA0080000","Bossier",NA,"LA","West South Central","South","BOSSIER","County","MSA counties from 25,000 thru 99,999",42493,256,19,275,32,39,71,288,58,346,8.14,"BOSSIER PARISH SHERIFF'S OFFICE                   ","Bossier Parish Sheriff's Office"
"2419",2007,"LA0090100","Shreveport",NA,"LA","West South Central","South","BOSSIER, CADDO","City","Cities from 100,000 thru 249,999",199811,451,8,459,144,76,220,595,84,679,3.4,"SHREVEPORT POLICE DEPARTMENT                      ","Shreveport Police Department"
"2420",2007,"LA0340100","Bastrop",NA,"LA","West South Central","South","MOREHOUSE","City","Cities from 10,000 thru 24,999",12249,21,0,21,15,2,17,36,2,38,3.1,"BASTROP POLICE DEPARTMENT                         ","Bastrop Police Department"
"2421",2007,"LA0280500","Youngsville",NA,"LA","West South Central","South","LAFAYETTE","City","Cities from 2,500 thru 9,999",6189,7,2,9,0,0,0,7,2,9,1.45,"YOUNGSVILLE POLICE DEPARTMENT                     ","Youngsville Police Department"
"2422",2007,"LA0170400","Louisiana State University:","Baton Rouge","LA","West South Central","South","EAST BATON ROUGE","University or College","Cities under 2,500",0,53,0,53,8,3,11,61,3,64,NA,"LOUISIANA STATE UNIVERSITY POLICE DEPARTMENT      ","Louisiana State University Police Department"
"2423",2007,"LA0530400","Amite",NA,"LA","West South Central","South","TANGIPAHOA","City","Cities from 2,500 thru 9,999",4278,23,0,23,5,0,5,28,0,28,6.55,"AMITE POLICE DEPARTMENT                           ","Amite Police Department"
"2424",2007,"LA0490800","Krotz Springs",NA,"LA","West South Central","South","ST LANDRY","City","Cities under 2,500",1268,2,0,2,1,2,3,3,2,5,3.94,"KROTZ SPRINGS POLICE DEPARTMENT                   ","Krotz Springs Police Department"
"2425",2007,"LA0010300","Church Point",NA,"LA","West South Central","South","ACADIA","City","Cities from 2,500 thru 9,999",4734,9,1,10,4,0,4,13,1,14,2.96,"CHURCH POINT POLICE DEPARTMENT                    ","Church Point Police Department"
"2426",2007,"LA0470000","St. James",NA,"LA","West South Central","South","ST JAMES","County","Non-MSA counties from 10,000 thru 24,999",11089,53,7,60,15,17,32,68,24,92,8.3,"ST. JAMES PARISH SHERIFF'S OFFICE                 ","St. James Parish Sheriff's Office"
"2427",2007,"LA0100400","Vinton",NA,"LA","West South Central","South","CALCASIEU","City","Cities from 2,500 thru 9,999",3131,10,0,10,1,2,3,11,2,13,4.15,"VINTON POLICE DEPARTMENT                          ","Vinton Police Department"
"2428",2007,"LA0300100","Jena",NA,"LA","West South Central","South","LA SALLE","City","Cities from 2,500 thru 9,999",2850,6,0,6,0,1,1,6,1,7,2.46,"JENA POLICE DEPARTMENT                            ","Jena Police Department"
"2429",2007,"LA0370000","Ouachita",NA,"LA","West South Central","South","OUACHITA","County","MSA counties from 25,000 thru 99,999",81475,228,0,228,130,0,130,358,0,358,4.39,"OUACHITA PARISH SHERIFF'S OFFICE                  ","Ouachita Parish Sheriff's Office"
"2430",2007,"LA0040100","Napoleonville",NA,"LA","West South Central","South","ASSUMPTION","City","Cities under 2,500",685,1,0,1,0,1,1,1,1,2,2.92,"NAPOLEONVILLE POLICE DEPARTMENT                   ","Napoleonville Police Department"
"2431",2007,"LA0510200","Franklin",NA,"LA","West South Central","South","ST MARY","City","Cities from 2,500 thru 9,999",7794,12,0,12,11,2,13,23,2,25,3.21,"FRANKLIN POLICE DEPARTMENT                        ","Franklin Police Department"
"2432",2007,"LA0240200","Plaquemine",NA,"LA","West South Central","South","IBERVILLE","City","Cities from 2,500 thru 9,999",6627,19,1,20,6,4,10,25,5,30,4.53,"PLAQUEMINE POLICE DEPARTMENT                      ","Plaquemine Police Department"
"2433",2007,"LA0190000","East Feliciana",NA,"LA","West South Central","South","EAST FELICIANA","County","MSA counties from 10,000 thru 24,999",15161,19,31,50,0,15,15,19,46,65,4.29,"EAST FELICIANA PARISH SHERIFF'S OFFICE            ","East Feliciana Parish Sheriff's Office"
"2434",2007,"LA0170600","Southern University and A&M College:","Baton Rouge","LA","West South Central","South","EAST BATON ROUGE","University or College","Cities under 2,500",0,21,6,27,10,14,24,31,20,51,NA,"SOUTHERN UNIVERSITY AND A & M COLLEGE POLICE      ","Southern University And A & M College Police"
"2435",2007,"LALSP0000","State Police",NA,"LA","West South Central","South","UNMAPPED COUNTY","State Police","Non-MSA counties under 10,000",0,1156,124,1280,49,379,428,1205,503,1708,NA,"LOUISIANA STATE POLICE                            ","Louisiana State Police"
"2436",2007,"LA0490600","Port Barre",NA,"LA","West South Central","South","ST LANDRY","City","Cities under 2,500",2353,7,0,7,1,7,8,8,7,15,6.37,"PORT BARRE POLICE DEPT                            ","Port Barre Police Police Department"
"2437",2007,"LA0090000","Caddo",NA,"LA","West South Central","South","CADDO","County","MSA counties from 25,000 thru 99,999",46037,343,33,376,89,175,264,432,208,640,13.9,"CADDO PARISH SHERIFF'S OFFICE                     ","Caddo Parish Sheriff's Office"
"2438",2007,"LA0060100","De Ridder",NA,"LA","West South Central","South","BEAUREGARD, VERNON","City","Cities from 10,000 thru 24,999",10143,22,0,22,0,6,6,22,6,28,2.76,"DERIDDER POLICE DEPARTMENT                        ","Deridder Police Department"
"2439",2007,"LA0600000","Webster",NA,"LA","West South Central","South","WEBSTER","County","Non-MSA counties from 10,000 thru 24,999",21185,47,59,106,3,36,39,50,95,145,6.84,"WEBSTER PARISH SHERIFF'S OFFICE                   ","Webster Parish Sheriff's Office"
"2440",2007,"LA0250000","Jackson",NA,"LA","West South Central","South","JACKSON","County","Non-MSA counties from 10,000 thru 24,999",10938,26,49,75,0,17,17,26,66,92,8.41,"JACKSON PARISH SHERIFF'S OFFICE                   ","Jackson Parish Sheriff's Office"
"2441",2007,"LA0100800","McNeese State University",NA,"LA","West South Central","South","CALCASIEU","University or College","Cities under 2,500",0,11,2,13,3,2,5,14,4,18,NA,"MCNEESE STATE UNIVERSITY POLICE                   ","Mcneese State University Police"
"2442",2007,"LA0150100","Ferriday",NA,"LA","West South Central","South","CONCORDIA","City","Cities from 2,500 thru 9,999",3588,11,3,14,2,4,6,13,7,20,5.57,"FERRIDAY POLICE DEPARTMENT                        ","Ferriday Police Department"
"2443",2007,"LA0370900","Tensas Basin Levee District",NA,"LA","West South Central","South","OUACHITA","Other State Agency","Cities under 2,500",0,5,0,5,0,1,1,5,1,6,NA,"TENSAS BASIN LEVEE DISTRICT POLICE                ","Tensas Basin Levee District Police"
"2444",2007,"LA0430000","Sabine",NA,"LA","West South Central","South","SABINE","County","Non-MSA counties from 10,000 thru 24,999",21162,47,0,47,24,0,24,71,0,71,3.36,"SABINE PARISH SHERIFF'S OFFICE                    ","Sabine Parish Sheriff's Office"
"2445",2007,"LA0361200","Southern University and A&M College:","New Orleans","LA","West South Central","South","ORLEANS","University or College","Cities under 2,500",0,5,0,5,3,1,4,8,1,9,NA,"SOUTHERN UNIV PD NEW ORLEANS                      ","Southern Univ Police Department New Orleans"
"2446",2007,"LA0410000","Red River",NA,"LA","West South Central","South","RED RIVER","County","Non-MSA counties under 10,000",7233,27,3,30,3,6,9,30,9,39,5.39,"RED RIVER PARISH SHERIFF'S OFFICE                 ","Red River Parish Sheriff's Office"
"2447",2007,"LA0490100","Eunice",NA,"LA","West South Central","South","ACADIA, ST LANDRY","City","Cities from 10,000 thru 24,999",11621,28,8,36,2,3,5,30,11,41,3.53,"EUNICE POLICE DEPARTMENT                          ","Eunice Police Department"
"2448",2007,"LA0550000","Terrebonne",NA,"LA","West South Central","South","TERREBONNE","County","MSA counties from 25,000 thru 99,999",77045,92,159,251,16,28,44,108,187,295,3.83,"TERREBONNE PARISH SHERIFF'S OFFICE                ","Terrebonne Parish Sheriff's Office"
"2449",2007,"LA0530300","Ponchatoula",NA,"LA","West South Central","South","TANGIPAHOA","City","Cities from 2,500 thru 9,999",6244,18,0,18,2,5,7,20,5,25,4,"PONCHATOULA POLICE DEPARTMENT                     ","Ponchatoula Police Department"
"2450",2007,"LA0010200","Rayne",NA,"LA","West South Central","South","ACADIA","City","Cities from 2,500 thru 9,999",8628,20,0,20,3,0,3,23,0,23,2.67,"RAYNE POLICE DEPARTMENT                           ","Rayne Police Department"
"2451",2007,"LA0280300","Lafayette",NA,"LA","West South Central","South","LAFAYETTE","City","Cities from 100,000 thru 249,999",114212,205,4,209,20,62,82,225,66,291,2.55,"LAFAYETTE POLICE DEPARTMENT                       ","Lafayette Police Department"
"2452",2007,"LA0270300","Lake Arthur",NA,"LA","West South Central","South","JEFFERSON DAVIS","City","Cities from 2,500 thru 9,999",2894,5,0,5,1,4,5,6,4,10,3.46,"LAKE ARTHUR POLICE DEPARTMENT                     ","Lake Arthur Police Department"
"2453",2007,"LA0510400","Patterson",NA,"LA","West South Central","South","ST MARY","City","Cities from 2,500 thru 9,999",5223,14,0,14,5,0,5,19,0,19,3.64,"PATTERSON POLICE DEPARTMENT                       ","Patterson Police Department"
"2454",2007,"LA0610000","West Baton Rouge",NA,"LA","West South Central","South","WEST BATON ROUGE","County","MSA counties from 10,000 thru 24,999",12034,106,14,120,16,29,45,122,43,165,13.71,"WEST BATON ROUGE PARISH SHERIFF'S OFFICE          ","West Baton Rouge Parish Sheriff's Office"
"2455",2007,"LA0401000","Ball",NA,"LA","West South Central","South","RAPIDES","City","Cities from 2,500 thru 9,999",3727,5,0,5,0,1,1,5,1,6,1.61,"BALL POLICE DEPARTMENT                            ","Ball Police Department"
"2456",2007,"LA0150000","Concordia",NA,"LA","West South Central","South","CONCORDIA","County","Non-MSA counties from 10,000 thru 24,999",11506,165,5,170,74,6,80,239,11,250,21.73,"CONCORDIA PARISH SHERIFF'S OFFICE                 ","Concordia Parish Sheriff's Office"
"2457",2007,"LA0060000","Beauregard",NA,"LA","West South Central","South","BEAUREGARD","County","Non-MSA counties from 25,000 thru 99,999",25517,41,6,47,8,15,23,49,21,70,2.74,"BEAUREGARD PARISH SHERIFF'S OFFICE                ","Beauregard Parish Sheriff's Office"
"2458",2007,"LA0050600","Moreauville",NA,"LA","West South Central","South","AVOYELLES","City","Cities under 2,500",944,2,0,2,0,0,0,2,0,2,2.12,"MOREAUVILLE POLICE DEPARTMENT                     ","Moreauville Police Department"
"2459",2007,"LA0320600","Port Vincent",NA,"LA","West South Central","South","LIVINGSTON","City","Cities under 2,500",552,2,0,2,0,0,0,2,0,2,3.62,"PORT VINCENT POLICE DEPT.                         ","Port Vincent Police Police Department"
"2460",2007,"LA0280700","University of Louisiana:","Lafayette","LA","West South Central","South","LAFAYETTE","University or College","Cities under 2,500",0,19,0,19,2,4,6,21,4,25,NA,"UNIVERSITY OF LOUISIANA AT LAFAYETTE POLICE       ","University Of Louisiana At Lafayette Police"
"2461",2007,"LA0320100","Denham Springs",NA,"LA","West South Central","South","LIVINGSTON","City","Cities from 10,000 thru 24,999",10552,31,0,31,1,7,8,32,7,39,3.7,"DENHAM SPRINGS POLICE DEPARTMENT                  ","Denham Springs Police Department"
"2462",2007,"LA0010100","Crowley",NA,"LA","West South Central","South","ACADIA","City","Cities from 10,000 thru 24,999",13992,27,0,27,5,7,12,32,7,39,2.79,"CROWLEY POLICE DEPARTMENT                         ","Crowley Police Department"
"2463",2007,"LA0500100","Breaux Bridge",NA,"LA","West South Central","South","ST MARTIN","City","Cities from 2,500 thru 9,999",8047,9,0,9,5,4,9,14,4,18,2.24,"BREAUX BRIDGE POLICE DEPARTMENT                   ","Breaux Bridge Police Department"
"2464",2007,"LA0610300","Addis",NA,"LA","West South Central","South","WEST BATON ROUGE","City","Cities from 2,500 thru 9,999",3145,8,0,8,0,1,1,8,1,9,2.86,"ADDIS POLICE DEPARTMENT                           ","Addis Police Department"
"2465",2007,"LA0230200","Jeanerette",NA,"LA","West South Central","South","IBERIA","City","Cities from 2,500 thru 9,999",6015,6,0,6,5,0,5,11,0,11,1.83,"JEANERETTE POLICE DEPARTMENT                      ","Jeanerette Police Department"
"2466",2007,"LA0470200","Gramercy",NA,"LA","West South Central","South","ST JAMES","City","Cities from 2,500 thru 9,999",6946,4,0,4,1,0,1,5,0,5,0.72,"GRAMERCY POLICE DEPARTMENT                        ","Gramercy Police Department"
"2467",2007,"LA0190100","Clinton",NA,"LA","West South Central","South","EAST FELICIANA","City","Cities under 2,500",1907,5,0,5,0,1,1,5,1,6,3.15,"CLINTON POLICE DEPT.                              ","Clinton Police Police Department"
"2468",2007,"LA0100000","Calcasieu",NA,"LA","West South Central","South","CALCASIEU","County","MSA counties from 25,000 thru 99,999",81731,313,235,548,104,141,245,417,376,793,9.7,"CALCASIEU PARISH SHERIFF'S OFFICE                 ","Calcasieu Parish Sheriff's Office"
"2469",2007,"LA0290100","Golden Meadow",NA,"LA","West South Central","South","LAFOURCHE","City","Cities under 2,500",2158,3,0,3,0,0,0,3,0,3,1.39,"GOLDEN MEADOW POLICE DEPARTMENT                   ","Golden Meadow Police Department"
"2470",2007,"LA0490000","St. Landry",NA,"LA","West South Central","South","ST LANDRY","County","Non-MSA counties from 25,000 thru 99,999",49933,132,7,139,20,59,79,152,66,218,4.37,"ST. LANDRY PARISH SHERIFF'S OFFICE                ","St. Landry Parish Sheriff's Office"
"2471",2007,"LA0020100","Kinder",NA,"LA","West South Central","South","ALLEN","City","Cities under 2,500",2148,12,0,12,0,6,6,12,6,18,8.38,"KINDER POLICE DEPARTMENT                          ","Kinder Police Department"
"2472",2007,"LA0420100","Delhi",NA,"LA","West South Central","South","RICHLAND","City","Cities from 2,500 thru 9,999",3013,6,0,6,1,4,5,7,4,11,3.65,"DELHI POLICE DEPARTMENT                           ","Delhi Police Department"
"2473",2007,"LA0500200","St. Martinville",NA,"LA","West South Central","South","ST MARTIN","City","Cities from 2,500 thru 9,999",7012,8,0,8,5,5,10,13,5,18,2.57,"ST. MARTINVILLE POLICE DEPARTMENT                 ","St. Martinville Police Department"
"2474",2007,"LA0310600","Grambling State University",NA,"LA","West South Central","South","LINCOLN","University or College","Cities under 2,500",0,8,5,13,5,7,12,13,12,25,NA,"GRAMBLING STATE UNIVERSITY POLICE DEPT.           ","Grambling State University Police Police Department"
"2475",2007,"LA0520200","Slidell",NA,"LA","West South Central","South","ST TAMMANY","City","Cities from 25,000 thru 49,999",28272,81,3,84,7,23,30,88,26,114,4.03,"SLIDELL POLICE DEPARTMENT                         ","Slidell Police Department"
"2476",2007,"LA0560000","Union",NA,"LA","West South Central","South","UNION","County","MSA counties from 10,000 thru 24,999",16938,28,5,33,3,9,12,31,14,45,2.66,"UNION PARISH SHERIFF'S OFFICE                     ","Union Parish Sheriff's Office"
"2477",2007,"LA0380000","Plaquemines",NA,"LA","West South Central","South","PLAQUEMINES","County","MSA counties from 10,000 thru 24,999",22775,90,36,126,12,47,59,102,83,185,8.12,"PLAQUEMINES PARISH SHERIFF'S OFFICE               ","Plaquemines Parish Sheriff's Office"
"2478",2007,"LA0460000","St. Helena",NA,"LA","West South Central","South","ST HELENA","County","MSA counties from 10,000 thru 24,999",10680,14,15,29,1,17,18,15,32,47,4.4,"ST. HELENA PARISH SHERIFF'S OFFICE                ","St. Helena Parish Sheriff's Office"
"2479",2007,"LA036209E","Tulane University",NA,"LA","West South Central","South","ORLEANS","University or College","Cities under 2,500",0,33,3,36,4,8,12,37,11,48,NA,NA,"Tulane University"
"2480",2007,"LA0520100","Covington",NA,"LA","West South Central","South","ST TAMMANY","City","Cities from 2,500 thru 9,999",9745,34,1,35,2,10,12,36,11,47,4.82,"COVINGTON POLICE DEPARTMENT                       ","Covington Police Department"
"2481",2007,"LA0520500","Pearl River",NA,"LA","West South Central","South","ST TAMMANY","City","Cities under 2,500",2170,10,2,12,0,4,4,10,6,16,7.37,"PEARL RIVER POLICE DEPARTMENT                     ","Pearl River Police Department"
"2482",2007,"LA0140200","Homer",NA,"LA","West South Central","South","CLAIBORNE","City","Cities from 2,500 thru 9,999",3472,11,0,11,0,1,1,11,1,12,3.46,"HOMER POLICE DEPARTMENT                           ","Homer Police Department"
"2483",2007,"LA0070000","Bienville",NA,"LA","West South Central","South","BIENVILLE","County","Non-MSA counties from 10,000 thru 24,999",15060,30,9,39,15,0,15,45,9,54,3.59,"BIENVILLE PARISH SHERIFF'S OFFICE                 ","Bienville Parish Sheriff's Office"
"2484",2007,"LA0270100","Elton",NA,"LA","West South Central","South","JEFFERSON DAVIS","City","Cities under 2,500",1252,7,0,7,0,4,4,7,4,11,8.79,"ELTON POLICE DEPARTMENT                           ","Elton Police Department"
"2485",2007,"LA0170300","Zachary",NA,"LA","West South Central","South","EAST BATON ROUGE","City","Cities from 10,000 thru 24,999",13428,31,1,32,11,2,13,42,3,45,3.35,"ZACHARY POLICE DEPARTMENT                         ","Zachary Police Department"
"2486",2007,"LA0200100","Basile",NA,"LA","West South Central","South","EVANGELINE","City","Cities under 2,500",2392,6,0,6,1,5,6,7,5,12,5.02,"BASILE POLICE DEPARTMENT                          ","Basile Police Department"
"2487",2007,"LA0310000","Lincoln",NA,"LA","West South Central","South","LINCOLN","County","Non-MSA counties from 10,000 thru 24,999",16701,37,8,45,3,13,16,40,21,61,3.65,"LINCOLN PARISH SHERIFF'S OFFICE                   ","Lincoln Parish Sheriff's Office"
"2488",2007,"LA0350100","Natchitoches",NA,"LA","West South Central","South","NATCHITOCHES","City","Cities from 10,000 thru 24,999",17680,41,1,42,7,15,22,48,16,64,3.62,"NATCHITOCHES POLICE DEPARTMENT                    ","Natchitoches Police Department"
"2489",2007,"LA0300200","Olla",NA,"LA","West South Central","South","LA SALLE","City","Cities under 2,500",1352,4,0,4,0,0,0,4,0,4,2.96,"OLLA POLICE DEPARTMENT                            ","Olla Police Department"
"2490",2007,"LA0100700","Iowa",NA,"LA","West South Central","South","CALCASIEU","City","Cities from 2,500 thru 9,999",2565,10,0,10,0,5,5,10,5,15,5.85,"IOWA POLICE DEPARTMENT                            ","Iowa Police Department"
"2491",2007,"LA0300000","La Salle",NA,"LA","West South Central","South","LA SALLE","County","Non-MSA counties under 10,000",9826,19,6,25,3,11,14,22,17,39,3.97,"LA SALLE PARISH SHERIFF'S OFFICE                  ","La Salle Parish Sheriff's Office"
"2492",2007,"LA0280600","Scott",NA,"LA","West South Central","South","LAFAYETTE","City","Cities from 2,500 thru 9,999",8091,19,0,19,2,1,3,21,1,22,2.72,"SCOTT POLICE DEPARTMENT                           ","Scott Police Department"
"2493",2007,"LA0530200","Kentwood",NA,"LA","West South Central","South","TANGIPAHOA","City","Cities under 2,500",2302,9,0,9,0,1,1,9,1,10,4.34,"KENTWOOD POLICE DEPARTMENT                        ","Kentwood Police Department"
"2494",2007,"LA0100500","Westlake",NA,"LA","West South Central","South","CALCASIEU","City","Cities from 2,500 thru 9,999",4526,11,5,16,2,5,7,13,10,23,5.08,"WESTLAKE POLICE DEPARTMENT                        ","Westlake Police Department"
"2495",2007,"LA0560100","Farmerville",NA,"LA","West South Central","South","UNION","City","Cities from 2,500 thru 9,999",3567,9,0,9,4,0,4,13,0,13,3.64,"FARMERVILLE POLICE DEPARTMENT                     ","Farmerville Police Department"
"2496",2007,"LA0160100","Mansfield",NA,"LA","West South Central","South","DE SOTO","City","Cities from 2,500 thru 9,999",5466,12,0,12,1,4,5,13,4,17,3.11,"MANSFIELD POLICE DEPARTMENT                       ","Mansfield Police Department"
"2497",2007,"LA0190200","Jackson",NA,"LA","West South Central","South","EAST FELICIANA","City","Cities from 2,500 thru 9,999",3714,5,0,5,0,0,0,5,0,5,1.35,"JACKSON POLICE DEPARTMENT                         ","Jackson Police Department"
"2498",2007,"LA0600100","Minden",NA,"LA","West South Central","South","WEBSTER","City","Cities from 10,000 thru 24,999",13238,26,0,26,3,1,4,29,1,30,2.27,"MINDEN POLICE DEPARTMENT                          ","Minden Police Department"
"2499",2007,"LA0400000","Rapides",NA,"LA","West South Central","South","RAPIDES","County","MSA counties from 25,000 thru 99,999",61153,328,42,370,35,71,106,363,113,476,7.78,"RAPIDES PARISH SHERIFF'S OFFICE                   ","Rapides Parish Sheriff's Office"
"2500",2007,"LA0080500","Louisiana State University:","Health Sciences Center, Shreveport","LA","West South Central","South","BOSSIER","University or College","Cities under 2,500",0,38,7,45,7,13,20,45,20,65,NA,"LOUISIANA STATE UNIVERSITY HEALTH SCIENCES CENTER ","Louisiana State University Health Sciences Center"
"2501",2007,"LA0430100","Many",NA,"LA","West South Central","South","SABINE","City","Cities from 2,500 thru 9,999",2777,6,1,7,3,1,4,9,2,11,3.96,"MANY POLICE DEPARTMENT                            ","Many Police Department"
"2502",2007,"LA0050300","Simmesport",NA,"LA","West South Central","South","AVOYELLES","City","Cities under 2,500",2228,10,0,10,0,0,0,10,0,10,4.49,"SIMMESPORT POLICE DEPT.                           ","Simmesport Police Police Department"
"2503",2007,"LA0370200","West Monroe",NA,"LA","West South Central","South","OUACHITA","City","Cities from 10,000 thru 24,999",12989,59,2,61,18,2,20,77,4,81,6.24,"WEST MONROE POLICE DEPARTMENT                     ","West Monroe Police Department"
"2504",2007,"LA0370500","Richwood",NA,"LA","West South Central","South","OUACHITA","City","Cities under 2,500",2090,10,0,10,3,7,10,13,7,20,9.57,"RICHWOOD POLICE DEPARTMENT                        ","Richwood Police Department"
"2505",2007,"LA0640100","Winnfield",NA,"LA","West South Central","South","WINN","City","Cities from 2,500 thru 9,999",5183,14,2,16,0,7,7,14,9,23,4.44,"WINNFIELD POLICE DEPT                             ","Winnfield Police Police Department"
"2506",2007,"LA0530100","Hammond",NA,"LA","West South Central","South","TANGIPAHOA","City","Cities from 10,000 thru 24,999",19190,66,9,75,9,15,24,75,24,99,5.16,"HAMMOND POLICE DEPARTMENT                         ","Hammond Police Department"
"2507",2007,"LA0570100","Abbeville",NA,"LA","West South Central","South","VERMILION","City","Cities from 10,000 thru 24,999",11797,32,3,35,1,5,6,33,8,41,3.48,"ABBEVILLE POLICE DEPARTMENT                       ","Abbeville Police Department"
"2508",2007,"LA0370100","Monroe",NA,"LA","West South Central","South","OUACHITA","City","Cities from 50,000 thru 99,999",51350,154,7,161,21,38,59,175,45,220,4.28,"MONROE POLICE DEPARTMENT                          ","Monroe Police Department"
"2509",2007,"LA0100300","Sulphur",NA,"LA","West South Central","South","CALCASIEU","City","Cities from 10,000 thru 24,999",19362,40,7,47,2,14,16,42,21,63,3.25,"SULPHUR POLICE DEPARTMENT                         ","Sulphur Police Department"
"2510",2006,"LA0220500","Pollock",NA,"LA","West South Central","South","GRANT","City","Cities under 2,500",359,2,0,2,0,0,0,2,0,2,5.57,"POLLOCK POLICE DEPARTMENT                         ","Pollock Police Department"
"2511",2006,"LA0280300","Lafayette",NA,"LA","West South Central","South","LAFAYETTE","City","Cities from 100,000 thru 249,999",106189,207,6,213,21,55,76,228,61,289,2.72,"LAFAYETTE POLICE DEPARTMENT                       ","Lafayette Police Department"
"2512",2006,"LA0410100","Coushatta",NA,"LA","West South Central","South","RED RIVER","City","Cities under 2,500",2090,4,0,4,1,0,1,5,0,5,2.39,"COUSHATTA POLICE DEPARTMENT                       ","Coushatta Police Department"
"2513",2006,"LA0400100","Alexandria",NA,"LA","West South Central","South","RAPIDES","City","Cities from 25,000 thru 49,999",43311,142,3,145,10,30,40,152,33,185,4.27,"ALEXANDRIA POLICE DEPARTMENT                      ","Alexandria Police Department"
"2514",2006,"LA0130000","Catahoula",NA,"LA","West South Central","South","CATAHOULA","County","Non-MSA counties under 10,000",9479,16,65,81,0,17,17,16,82,98,10.34,"CATAHOULA PARISH SHERIFF'S OFFICE                 ","Catahoula Parish Sheriff's Office"
"2515",2006,"LA0310200","Ruston",NA,"LA","West South Central","South","LINCOLN","City","Cities from 10,000 thru 24,999",19589,38,2,40,2,6,8,40,8,48,2.45,"RUSTON POLICE DEPARTMENT                          ","Ruston Police Department"
"2516",2006,"LA0610100","Port Allen",NA,"LA","West South Central","South","WEST BATON ROUGE","City","Cities from 2,500 thru 9,999",4798,18,1,19,1,3,4,19,4,23,4.79,"PORT ALLEN POLICE DEPARTMENT                      ","Port Allen Police Department"
"2517",2006,"LA0640000","Winn",NA,"LA","West South Central","South","WINN","County","Non-MSA counties from 10,000 thru 24,999",10105,23,0,23,5,0,5,28,0,28,2.77,"WINN PARISH SHERIFF'S OFFICE                      ","Winn Parish Sheriff's Office"
"2518",2006,"LA0290100","Golden Meadow",NA,"LA","West South Central","South","LAFOURCHE","City","Cities under 2,500",2033,3,1,4,0,1,1,3,2,5,2.46,"GOLDEN MEADOW POLICE DEPARTMENT                   ","Golden Meadow Police Department"
"2519",2006,"LA0510500","Baldwin",NA,"LA","West South Central","South","ST MARY","City","Cities under 2,500",2467,5,0,5,2,1,3,7,1,8,3.24,"BALDWIN POLICE DEPARTMENT                         ","Baldwin Police Department"
"2520",2006,"LA0570000","Vermilion",NA,"LA","West South Central","South","VERMILION","County","Non-MSA counties from 25,000 thru 99,999",34335,55,34,89,4,27,31,59,61,120,3.49,"VERMILION PARISH SHERIFF'S OFFICE                 ","Vermilion Parish Sheriff's Office"
"2521",2006,"LA0530800","Tickfaw",NA,"LA","West South Central","South","TANGIPAHOA","City","Cities under 2,500",609,7,0,7,0,0,0,7,0,7,11.49,"TICKFAW POLICE DEPARTMENT                         ","Tickfaw Police Department"
"2522",2006,"LA036209E","Tulane University",NA,"LA","West South Central","South","ORLEANS","University or College","Cities under 2,500",0,32,2,34,5,12,17,37,14,51,NA,NA,"Tulane University"
"2523",2006,"LA0580100","Leesville",NA,"LA","West South Central","South","VERNON","City","Cities from 2,500 thru 9,999",5839,22,1,23,10,0,10,32,1,33,5.65,"LEESVILLE POLICE DEPARTMENT                       ","Leesville Police Department"
"2524",2006,"LA0460000","St. Helena",NA,"LA","West South Central","South","ST HELENA","County","MSA counties under 10,000",9724,14,13,27,2,15,17,16,28,44,4.52,"ST. HELENA PARISH SHERIFF'S OFFICE                ","St. Helena Parish Sheriff's Office"
"2525",2006,"LA0170400","Louisiana State University:","Baton Rouge","LA","West South Central","South","EAST BATON ROUGE","University or College","Cities under 2,500",0,53,0,53,8,2,10,61,2,63,NA,"LOUISIANA STATE UNIVERSITY POLICE DEPARTMENT      ","Louisiana State University Police Department"
"2526",2006,"LA0050200","Marksville",NA,"LA","West South Central","South","AVOYELLES","City","Cities from 2,500 thru 9,999",5409,15,1,16,3,4,7,18,5,23,4.25,"MARKSVILLE POLICE DEPARTMENT                      ","Marksville Police Department"
"2527",2006,"LA0080100","Bossier City",NA,"LA","West South Central","South","BOSSIER","City","Cities from 50,000 thru 99,999",57350,186,1,187,12,39,51,198,40,238,4.15,"BOSSIER CITY POLICE DEPT                          ","Bossier City Police Police Department"
"2528",2006,"LA0171100","Department of Public Safety State Capitol Detail",NA,"LA","West South Central","South","EAST BATON ROUGE","Other State Agency","Cities under 2,500",0,37,1,38,4,11,15,41,12,53,NA,"DEPT PUB SFTY ST CAP DTL                          ","Police Department Pub Sfty St Cap Dtl"
"2529",2006,"LA0260100","Gretna",NA,"LA","West South Central","South","JEFFERSON","City","Cities from 10,000 thru 24,999",16266,75,5,80,10,19,29,85,24,109,6.7,"GRETNA POLICE DEPARTMENT                          ","Gretna Police Department"
"2530",2006,"LA0220000","Grant",NA,"LA","West South Central","South","GRANT","County","MSA counties from 10,000 thru 24,999",18127,24,20,44,0,22,22,24,42,66,3.64,"GRANT PARISH SHERIFF'S OFFICE                     ","Grant Parish Sheriff's Office"
"2531",2006,"LA0510400","Patterson",NA,"LA","West South Central","South","ST MARY","City","Cities from 2,500 thru 9,999",4883,13,0,13,5,0,5,18,0,18,3.69,"PATTERSON POLICE DEPARTMENT                       ","Patterson Police Department"
"2532",2006,"LA0610000","West Baton Rouge",NA,"LA","West South Central","South","WEST BATON ROUGE","County","MSA counties from 10,000 thru 24,999",11483,39,74,113,1,42,43,40,116,156,13.59,"WEST BATON ROUGE PARISH SHERIFF'S OFFICE          ","West Baton Rouge Parish Sheriff's Office"
"2533",2006,"LA0610300","Addis",NA,"LA","West South Central","South","WEST BATON ROUGE","City","Cities under 2,500",2303,6,0,6,0,1,1,6,1,7,3.04,"ADDIS POLICE DEPARTMENT                           ","Addis Police Department"
"2534",2006,"LA0010100","Crowley",NA,"LA","West South Central","South","ACADIA","City","Cities from 10,000 thru 24,999",13138,29,0,29,6,5,11,35,5,40,3.04,"CROWLEY POLICE DEPARTMENT                         ","Crowley Police Department"
"2535",2006,"LA0390100","New Roads",NA,"LA","West South Central","South","POINTE COUPEE","City","Cities from 2,500 thru 9,999",4540,22,0,22,1,1,2,23,1,24,5.29,"NEW ROADS POLICE DEPARTMENT                       ","New Roads Police Department"
"2536",2006,"LA0370300","Sterlington",NA,"LA","West South Central","South","OUACHITA","City","Cities under 2,500",1181,8,0,8,0,0,0,8,0,8,6.77,"STERLINGTON POLICE DEPARTMENT                     ","Sterlington Police Department"
"2537",2006,"LA0320000","Livingston",NA,"LA","West South Central","South","LIVINGSTON","County","MSA counties from 25,000 thru 99,999",86889,128,0,128,64,0,64,192,0,192,2.21,"LIVINGSTON PARISH SHERIFF'S OFFICE                ","Livingston Parish Sheriff's Office"
"2538",2006,"LA0520700","Folsom",NA,"LA","West South Central","South","ST TAMMANY","City","Cities under 2,500",617,3,0,3,0,1,1,3,1,4,6.48,"FOLSOM POLICE DEPARTMENT                          ","Folsom Police Department"
"2539",2006,"LA0100000","Calcasieu",NA,"LA","West South Central","South","CALCASIEU","County","MSA counties from 25,000 thru 99,999",77433,422,98,520,200,46,246,622,144,766,9.89,"CALCASIEU PARISH SHERIFF'S OFFICE                 ","Calcasieu Parish Sheriff's Office"
"2540",2006,"LA0420100","Delhi",NA,"LA","West South Central","South","RICHLAND","City","Cities from 2,500 thru 9,999",2896,5,0,5,1,4,5,6,4,10,3.45,"DELHI POLICE DEPARTMENT                           ","Delhi Police Department"
"2541",2006,"LA0380000","Plaquemines",NA,"LA","West South Central","South","PLAQUEMINES","County","MSA counties from 25,000 thru 99,999",27483,115,0,115,57,1,58,172,1,173,6.29,"PLAQUEMINES PARISH SHERIFF'S OFFICE               ","Plaquemines Parish Sheriff's Office"
"2542",2006,"LA0190200","Jackson",NA,"LA","West South Central","South","EAST FELICIANA","City","Cities from 2,500 thru 9,999",3577,4,0,4,0,0,0,4,0,4,1.12,"JACKSON POLICE DEPARTMENT                         ","Jackson Police Department"
"2543",2006,"LA0160100","Mansfield",NA,"LA","West South Central","South","DE SOTO","City","Cities from 2,500 thru 9,999",5217,10,0,10,1,4,5,11,4,15,2.88,"MANSFIELD POLICE DEPARTMENT                       ","Mansfield Police Department"
"2544",2006,"LA0100500","Westlake",NA,"LA","West South Central","South","CALCASIEU","City","Cities from 2,500 thru 9,999",4327,18,0,18,2,1,3,20,1,21,4.85,"WESTLAKE POLICE DEPARTMENT                        ","Westlake Police Department"
"2545",2006,"LA0090200","Vivian",NA,"LA","West South Central","South","CADDO","City","Cities from 2,500 thru 9,999",3664,10,0,10,0,5,5,10,5,15,4.09,"VIVIAN POLICE DEPARTMENT                          ","Vivian Police Department"
"2546",2006,"LA0310600","Grambling State University",NA,"LA","West South Central","South","LINCOLN","University or College","Cities under 2,500",0,7,5,12,6,6,12,13,11,24,NA,"GRAMBLING STATE UNIVERSITY POLICE DEPT.           ","Grambling State University Police Police Department"
"2547",2006,"LA0340100","Bastrop",NA,"LA","West South Central","South","MOREHOUSE","City","Cities from 10,000 thru 24,999",11756,22,0,22,14,3,17,36,3,39,3.32,"BASTROP POLICE DEPARTMENT                         ","Bastrop Police Department"
"2548",2006,"LA0170600","Southern University and A&M College:","Baton Rouge","LA","West South Central","South","EAST BATON ROUGE","University or College","Cities under 2,500",0,16,6,22,7,9,16,23,15,38,NA,"SOUTHERN UNIVERSITY AND A & M COLLEGE POLICE      ","Southern University And A & M College Police"
"2549",2006,"LA0250100","Jonesboro",NA,"LA","West South Central","South","JACKSON","City","Cities from 2,500 thru 9,999",3548,10,1,11,1,3,4,11,4,15,4.23,"JONESBORO POLICE DEPARTMENT                       ","Jonesboro Police Department"
"2550",2006,"LA0240200","Plaquemine",NA,"LA","West South Central","South","IBERVILLE","City","Cities from 2,500 thru 9,999",6367,23,2,25,4,6,10,27,8,35,5.5,"PLAQUEMINE POLICE DEPARTMENT                      ","Plaquemine Police Department"
"2551",2006,"LA0190000","East Feliciana",NA,"LA","West South Central","South","EAST FELICIANA","County","MSA counties from 10,000 thru 24,999",14338,48,0,48,15,0,15,63,0,63,4.39,"EAST FELICIANA PARISH SHERIFF'S OFFICE            ","East Feliciana Parish Sheriff's Office"
"2552",2006,"LA0570400","Erath",NA,"LA","West South Central","South","VERMILION","City","Cities under 2,500",2063,5,0,5,3,4,7,8,4,12,5.82,"ERATH POLICE DEPARTMENT                           ","Erath Police Department"
"2553",2006,"LA0480000","St. John the Baptist",NA,"LA","West South Central","South","ST JOHN THE BAPTIST","County","MSA counties from 25,000 thru 99,999",43974,148,14,162,38,18,56,186,32,218,4.96,"ST. JOHN THE BAPTIST PARISH SHERIFF'S OFFICE      ","St. John The Baptist Parish Sheriff's Office"
"2554",2006,"LA0080600","Louisiana State University:","Shreveport","LA","West South Central","South","BOSSIER","University or College","Cities under 2,500",0,9,0,9,0,0,0,9,0,9,NA,"LOUISIANA STATE UNIVERSITY - SHREVEPORT POLICE    ","Louisiana State University - Shreveport Police"
"2555",2006,"LA0440000","St. Bernard",NA,"LA","West South Central","South","ST BERNARD","County","MSA counties from 25,000 thru 99,999",61956,148,16,164,20,8,28,168,24,192,3.1,"ST. BERNARD PARISH SHERIFF'S OFFICE               ","St. Bernard Parish Sheriff's Office"
"2556",2006,"LA0170000","East Baton Rouge",NA,"LA","West South Central","South","EAST BATON ROUGE","County","MSA counties 100,000 or over",155302,511,32,543,137,115,252,648,147,795,5.12,"EAST BATON ROUGE PARISH SHERIFF'S OFFICE          ","East Baton Rouge Parish Sheriff's Office"
"2557",2006,"LA0260400","Westwego",NA,"LA","West South Central","South","JEFFERSON","City","Cities from 2,500 thru 9,999",9942,35,0,35,5,1,6,40,1,41,4.12,"WESTWEGO POLICE DEPARTMENT                        ","Westwego Police Department"
"2558",2006,"LA0180000","East Carroll",NA,"LA","West South Central","South","EAST CARROLL","County","Non-MSA counties under 10,000",3954,120,2,122,61,30,91,181,32,213,53.87,"EAST CARROLL PARISH SHERIFF'S OFFICE              ","East Carroll Parish Sheriff's Office"
"2559",2006,"LA0130200","Sicily Island",NA,"LA","West South Central","South","CATAHOULA","City","Cities under 2,500",423,2,2,4,0,0,0,2,2,4,9.46,"SICILY ISLAND POLICE DEPARTMENT                   ","Sicily Island Police Department"
"2560",2006,"LA0560200","Bernice",NA,"LA","West South Central","South","UNION","City","Cities under 2,500",1637,4,0,4,0,0,0,4,0,4,2.44,"BERNICE POLICE DEPARTMENT                         ","Bernice Police Department"
"2561",2006,"LA0630000","West Feliciana",NA,"LA","West South Central","South","WEST FELICIANA","County","MSA counties from 10,000 thru 24,999",12864,43,3,46,10,21,31,53,24,77,5.99,"WEST FELICIANA PARISH SHERIFF'S OFFICE            ","West Feliciana Parish Sheriff's Office"
"2562",2006,"LA0040000","Assumption",NA,"LA","West South Central","South","ASSUMPTION","County","Non-MSA counties from 10,000 thru 24,999",21334,33,15,48,8,17,25,41,32,73,3.42,"ASSUMPTION PARISH SHERIFF'S OFFICE                ","Assumption Parish Sheriff's Office"
"2563",2006,"LA0150200","Vidalia",NA,"LA","West South Central","South","CONCORDIA","City","Cities from 2,500 thru 9,999",3990,16,0,16,8,0,8,24,0,24,6.02,"VIDALIA POLICE DEPARTMENT                         ","Vidalia Police Department"
"2564",2006,"LA0560100","Farmerville",NA,"LA","West South Central","South","UNION","City","Cities from 2,500 thru 9,999",3471,8,0,8,4,0,4,12,0,12,3.46,"FARMERVILLE POLICE DEPARTMENT                     ","Farmerville Police Department"
"2565",2006,"LA0530200","Kentwood",NA,"LA","West South Central","South","TANGIPAHOA","City","Cities under 2,500",2058,8,0,8,0,1,1,8,1,9,4.37,"KENTWOOD POLICE DEPARTMENT                        ","Kentwood Police Department"
"2566",2006,"LA0600100","Minden",NA,"LA","West South Central","South","WEBSTER","City","Cities from 10,000 thru 24,999",12589,30,0,30,2,1,3,32,1,33,2.62,"MINDEN POLICE DEPARTMENT                          ","Minden Police Department"
"2567",2006,"LA0260300","Kenner",NA,"LA","West South Central","South","JEFFERSON","City","Cities from 50,000 thru 99,999",66266,155,19,174,19,29,48,174,48,222,3.35,"KENNER POLICE DEPARTMENT                          ","Kenner Police Department"
"2568",2006,"LA0600200","Springhill",NA,"LA","West South Central","South","WEBSTER","City","Cities from 2,500 thru 9,999",4964,12,0,12,3,1,4,15,1,16,3.22,"SPRINGHILL POLICE DEPARTMENT                      ","Springhill Police Department"
"2569",2006,"LA0020000","Allen",NA,"LA","West South Central","South","ALLEN","County","Non-MSA counties from 10,000 thru 24,999",14393,21,11,32,2,12,14,23,23,46,3.2,"ALLEN PARISH SHERIFF'S OFFICE                     ","Allen Parish Sheriff's Office"
"2570",2006,"LA0540300","St. Joseph",NA,"LA","West South Central","South","TENSAS","City","Cities under 2,500",1113,3,0,3,0,0,0,3,0,3,2.7,"ST. JOSEPH POLICE DEPARTMENT                      ","St. Joseph Police Department"
"2571",2006,"LA0260000","Jefferson",NA,"LA","West South Central","South","JEFFERSON","County","MSA counties 100,000 or over",327531,679,131,810,175,304,479,854,435,1289,3.94,"JEFFERSON PARISH SHERIFF'S OFFICE                 ","Jefferson Parish Sheriff's Office"
"2572",2006,"LA0390000","Pointe Coupee",NA,"LA","West South Central","South","POINTE COUPEE","County","MSA counties from 10,000 thru 24,999",16670,56,0,56,28,0,28,84,0,84,5.04,"POINTE COUPEE PARISH SHERIFF'S OFFICE             ","Pointe Coupee Parish Sheriff's Office"
"2573",2006,"LA0500000","St. Martin",NA,"LA","West South Central","South","ST MARTIN","County","MSA counties from 25,000 thru 99,999",33629,75,8,83,34,39,73,109,47,156,4.64,"ST. MARTIN PARISH SHERIFF'S OFFICE                ","St. Martin Parish Sheriff's Office"
"2574",2006,"LA0010000","Acadia",NA,"LA","West South Central","South","ACADIA","County","Non-MSA counties from 25,000 thru 99,999",29183,74,0,74,40,0,40,114,0,114,3.91,"ACADIA PARISH SHERIFF'S OFFICE                    ","Acadia Parish Sheriff's Office"
"2575",2006,"LA0070000","Bienville",NA,"LA","West South Central","South","BIENVILLE","County","Non-MSA counties from 10,000 thru 24,999",14385,29,5,34,13,0,13,42,5,47,3.27,"BIENVILLE PARISH SHERIFF'S OFFICE                 ","Bienville Parish Sheriff's Office"
"2576",2006,"LA0470200","Gramercy",NA,"LA","West South Central","South","ST JAMES","City","Cities from 2,500 thru 9,999",6422,6,0,6,1,0,1,7,0,7,1.09,"GRAMERCY POLICE DEPARTMENT                        ","Gramercy Police Department"
"2577",2006,"LA0140200","Homer",NA,"LA","West South Central","South","CLAIBORNE","City","Cities from 2,500 thru 9,999",3367,9,0,9,1,0,1,10,0,10,2.97,"HOMER POLICE DEPARTMENT                           ","Homer Police Department"
"2578",2006,"LA0400500","Cheneyville",NA,"LA","West South Central","South","RAPIDES","City","Cities under 2,500",838,4,0,4,0,1,1,4,1,5,5.97,"CHENEYVILLE POLICE DEPT.                          ","Cheneyville Police Police Department"
"2579",2006,"LA0110000","Caldwell",NA,"LA","West South Central","South","CALDWELL","County","Non-MSA counties from 10,000 thru 24,999",10012,19,0,19,9,0,9,28,0,28,2.8,"CALDWELL PARISH SHERIFF'S OFFICE                  ","Caldwell Parish Sheriff's Office"
"2580",2006,"LA0080700","Southern University and A&M College:","Shreveport","LA","West South Central","South","BOSSIER","University or College","Cities under 2,500",0,8,0,8,2,1,3,10,1,11,NA,"SOUTHERN UNIVERSITY AND A & M COLLEGE - SHREVEPORT","Southern University And A & M College - Shreveport"
"2581",2006,"LA0170100","Baker",NA,"LA","West South Central","South","EAST BATON ROUGE","City","Cities from 10,000 thru 24,999",12559,29,0,29,5,1,6,34,1,35,2.79,"BAKER POLICE DEPARTMENT                           ","Baker Police Department"
"2582",2006,"LA0351000","Northwestern State University",NA,"LA","West South Central","South","NATCHITOCHES","University or College","Cities under 2,500",0,13,0,13,1,2,3,14,2,16,NA,"NORTHWESTERN STATE UNIVERSITY OF LOUISIANA POLICE ","Northwestern State University Of Louisiana Police"
"2583",2006,"LA0510000","St. Mary",NA,"LA","West South Central","South","ST MARY","County","Non-MSA counties from 10,000 thru 24,999",18600,87,7,94,38,23,61,125,30,155,8.33,"ST. MARY PARISH SHERIFF'S OFFICE                  ","St. Mary Parish Sheriff's Office"
"2584",2006,"LA0280600","Scott",NA,"LA","West South Central","South","LAFAYETTE","City","Cities from 2,500 thru 9,999",7697,17,0,17,1,1,2,18,1,19,2.47,"SCOTT POLICE DEPARTMENT                           ","Scott Police Department"
"2585",2006,"LA0530100","Hammond",NA,"LA","West South Central","South","TANGIPAHOA","City","Cities from 10,000 thru 24,999",17152,68,10,78,10,14,24,78,24,102,5.95,"HAMMOND POLICE DEPARTMENT                         ","Hammond Police Department"
"2586",2006,"LA0640100","Winnfield",NA,"LA","West South Central","South","WINN","City","Cities from 2,500 thru 9,999",5030,14,2,16,0,7,7,14,9,23,4.57,"WINNFIELD POLICE DEPT                             ","Winnfield Police Police Department"
"2587",2006,"LA0570100","Abbeville",NA,"LA","West South Central","South","VERMILION","City","Cities from 10,000 thru 24,999",11056,32,1,33,5,1,6,37,2,39,3.53,"ABBEVILLE POLICE DEPARTMENT                       ","Abbeville Police Department"
"2588",2006,"LA0300000","La Salle",NA,"LA","West South Central","South","LA SALLE","County","Non-MSA counties under 10,000",9298,15,9,24,0,13,13,15,22,37,3.98,"LA SALLE PARISH SHERIFF'S OFFICE                  ","La Salle Parish Sheriff's Office"
"2589",2006,"LA0200100","Basile",NA,"LA","West South Central","South","EVANGELINE","City","Cities under 2,500",2258,6,0,6,1,4,5,7,4,11,4.87,"BASILE POLICE DEPARTMENT                          ","Basile Police Department"
"2590",2006,"LA0170300","Zachary",NA,"LA","West South Central","South","EAST BATON ROUGE","City","Cities from 10,000 thru 24,999",11619,26,1,27,11,2,13,37,3,40,3.44,"ZACHARY POLICE DEPARTMENT                         ","Zachary Police Department"
"2591",2006,"LA0100700","Iowa",NA,"LA","West South Central","South","CALCASIEU","City","Cities under 2,500",2456,9,1,10,1,3,4,10,4,14,5.7,"IOWA POLICE DEPARTMENT                            ","Iowa Police Department"
"2592",2006,"LA0420200","Rayville",NA,"LA","West South Central","South","RICHLAND","City","Cities from 2,500 thru 9,999",3805,8,0,8,0,1,1,8,1,9,2.37,"RAYVILLE POLICE DEPARTMENT                        ","Rayville Police Department"
"2593",2006,"LA0370100","Monroe",NA,"LA","West South Central","South","OUACHITA","City","Cities from 25,000 thru 49,999",49207,156,8,164,20,41,61,176,49,225,4.57,"MONROE POLICE DEPARTMENT                          ","Monroe Police Department"
"2594",2006,"LA0520500","Pearl River",NA,"LA","West South Central","South","ST TAMMANY","City","Cities under 2,500",1937,9,0,9,0,4,4,9,4,13,6.71,"PEARL RIVER POLICE DEPARTMENT                     ","Pearl River Police Department"
"2595",2006,"LA0400400","Lecompte",NA,"LA","West South Central","South","RAPIDES","City","Cities under 2,500",1268,3,0,3,0,0,0,3,0,3,2.37,"LECOMPTE POLICE DEPARTMENT                        ","Lecompte Police Department"
"2596",2006,"LA0100100","De Quincy",NA,"LA","West South Central","South","CALCASIEU","City","Cities from 2,500 thru 9,999",3065,12,0,12,2,0,2,14,0,14,4.57,"DEQUINCY POLICE DEPARTMENT                        ","Dequincy Police Department"
"2597",2006,"LA0170200","Baton Rouge",NA,"LA","West South Central","South","EAST BATON ROUGE","City","Cities from 100,000 thru 249,999",210486,561,8,569,138,79,217,699,87,786,3.73,"BATON ROUGE POLICE DEPARTMENT                     ","Baton Rouge Police Department"
"2598",2006,"LA0140100","Haynesville",NA,"LA","West South Central","South","CLAIBORNE","City","Cities under 2,500",2408,6,0,6,0,1,1,6,1,7,2.91,"HAYNESVILLE POLICE DEPT                           ","Haynesville Police Police Department"
"2599",2006,"LA0300200","Olla",NA,"LA","West South Central","South","LA SALLE","City","Cities under 2,500",1288,4,0,4,0,0,0,4,0,4,3.11,"OLLA POLICE DEPARTMENT                            ","Olla Police Department"
"2600",2006,"LA0310000","Lincoln",NA,"LA","West South Central","South","LINCOLN","County","Non-MSA counties from 10,000 thru 24,999",16038,31,12,43,3,12,15,34,24,58,3.62,"LINCOLN PARISH SHERIFF'S OFFICE                   ","Lincoln Parish Sheriff's Office"
"2601",2006,"LA0330100","Tallulah",NA,"LA","West South Central","South","MADISON","City","Cities from 2,500 thru 9,999",7727,12,0,12,6,0,6,18,0,18,2.33,"TALLULAH POLICE DEPT.                             ","Tallulah Police Police Department"
"2602",2006,"LA0350100","Natchitoches",NA,"LA","West South Central","South","NATCHITOCHES","City","Cities from 10,000 thru 24,999",16778,39,1,40,7,14,21,46,15,61,3.64,"NATCHITOCHES POLICE DEPARTMENT                    ","Natchitoches Police Department"
"2603",2006,"LA0100300","Sulphur",NA,"LA","West South Central","South","CALCASIEU","City","Cities from 10,000 thru 24,999",18586,42,7,49,2,14,16,44,21,65,3.5,"SULPHUR POLICE DEPARTMENT                         ","Sulphur Police Department"
"2604",2006,"LA0160000","De Soto",NA,"LA","West South Central","South","DE SOTO","County","MSA counties from 10,000 thru 24,999",18000,56,2,58,16,10,26,72,12,84,4.67,"DE SOTO PARISH SHERIFF'S OFFICE                   ","De Soto Parish Sheriff's Office"
"2605",2006,"LA0530400","Amite",NA,"LA","West South Central","South","TANGIPAHOA","City","Cities from 2,500 thru 9,999",3853,20,2,22,0,3,3,20,5,25,6.49,"AMITE POLICE DEPARTMENT                           ","Amite Police Department"
"2606",2006,"LA0590100","Bogalusa",NA,"LA","West South Central","South","WASHINGTON","City","Cities from 10,000 thru 24,999",12288,34,10,44,4,15,19,38,25,63,5.13,"BOGALUSA POLICE DEPARTMENT                        ","Bogalusa Police Department"
"2607",2006,"LA0350000","Natchitoches",NA,"LA","West South Central","South","NATCHITOCHES","County","Non-MSA counties from 10,000 thru 24,999",19753,43,2,45,16,0,16,59,2,61,3.09,"NATCHITOCHES PARISH SHERIFF'S OFFICE              ","Natchitoches Parish Sheriff's Office"
"2608",2006,"LA0580200","New Llano",NA,"LA","West South Central","South","VERNON","City","Cities under 2,500",2047,12,0,12,1,1,2,13,1,14,6.84,"NEW LLANO POLICE DEPARTMENT                       ","New Llano Police Department"
"2609",2006,"LA0370400","University of Louisiana:","Monroe","LA","West South Central","South","OUACHITA","University or College","Cities under 2,500",0,20,2,22,1,5,6,21,7,28,NA,"UNIVERSITY OF LOUISIANA - MONROE POLICE           ","University Of Louisiana - Monroe Police"
"2610",2006,"LA0590000","Washington",NA,"LA","West South Central","South","WASHINGTON","County","Non-MSA counties from 25,000 thru 99,999",26493,89,0,89,36,0,36,125,0,125,4.72,"WASHINGTON PARISH SHERIFF'S OFFICE                ","Washington Parish Sheriff's Office"
"2611",2006,"LA0600800","Dixie Inn",NA,"LA","West South Central","South","WEBSTER","City","Cities under 2,500",331,2,0,2,0,0,0,2,0,2,6.04,"DIXIE INN POLICE DEPARTMENT                       ","Dixie Inn Police Department"
"2612",2006,"LA0100800","McNeese State University",NA,"LA","West South Central","South","CALCASIEU","University or College","Cities under 2,500",0,5,4,9,2,5,7,7,9,16,NA,"MCNEESE STATE UNIVERSITY POLICE                   ","Mcneese State University Police"
"2613",2006,"LA0020100","Kinder",NA,"LA","West South Central","South","ALLEN","City","Cities under 2,500",1994,12,0,12,6,0,6,18,0,18,9.03,"KINDER POLICE DEPARTMENT                          ","Kinder Police Department"
"2614",2006,"LA0500200","St. Martinville",NA,"LA","West South Central","South","ST MARTIN","City","Cities from 2,500 thru 9,999",6585,8,0,8,2,6,8,10,6,16,2.43,"ST. MARTINVILLE POLICE DEPARTMENT                 ","St. Martinville Police Department"
"2615",2006,"LA0230200","Jeanerette",NA,"LA","West South Central","South","IBERIA","City","Cities from 2,500 thru 9,999",5635,8,0,8,2,4,6,10,4,14,2.48,"JEANERETTE POLICE DEPARTMENT                      ","Jeanerette Police Department"
"2616",2006,"LA0560000","Union",NA,"LA","West South Central","South","UNION","County","MSA counties from 10,000 thru 24,999",15851,28,5,33,2,8,10,30,13,43,2.71,"UNION PARISH SHERIFF'S OFFICE                     ","Union Parish Sheriff's Office"
"2617",2006,"LA0190100","Clinton",NA,"LA","West South Central","South","EAST FELICIANA","City","Cities under 2,500",1822,7,0,7,0,1,1,7,1,8,4.39,"CLINTON POLICE DEPT.                              ","Clinton Police Police Department"
"2618",2006,"LA0520200","Slidell",NA,"LA","West South Central","South","ST TAMMANY","City","Cities from 25,000 thru 49,999",25441,68,6,74,1,28,29,69,34,103,4.05,"SLIDELL POLICE DEPARTMENT                         ","Slidell Police Department"
"2619",2006,"LA0361200","Southern University and A&M College:","New Orleans","LA","West South Central","South","ORLEANS","University or College","Cities under 2,500",0,6,0,6,2,1,3,8,1,9,NA,"SOUTHERN UNIV PD NEW ORLEANS                      ","Southern Univ Police Department New Orleans"
"2620",2006,"LA0370900","Tensas Basin Levee District",NA,"LA","West South Central","South","OUACHITA","Other State Agency","Cities under 2,500",0,2,0,2,0,1,1,2,1,3,NA,"TENSAS BASIN LEVEE DISTRICT POLICE                ","Tensas Basin Levee District Police"
"2621",2006,"LA0410000","Red River",NA,"LA","West South Central","South","RED RIVER","County","Non-MSA counties under 10,000",6881,31,0,31,8,0,8,39,0,39,5.67,"RED RIVER PARISH SHERIFF'S OFFICE                 ","Red River Parish Sheriff's Office"
"2622",2006,"LA0040100","Napoleonville",NA,"LA","West South Central","South","ASSUMPTION","City","Cities under 2,500",653,2,0,2,0,0,0,2,0,2,3.06,"NAPOLEONVILLE POLICE DEPARTMENT                   ","Napoleonville Police Department"
"2623",2006,"LA0430000","Sabine",NA,"LA","West South Central","South","SABINE","County","Non-MSA counties from 10,000 thru 24,999",19883,45,0,45,23,0,23,68,0,68,3.42,"SABINE PARISH SHERIFF'S OFFICE                    ","Sabine Parish Sheriff's Office"
"2624",2006,"LA0150000","Concordia",NA,"LA","West South Central","South","CONCORDIA","County","Non-MSA counties from 10,000 thru 24,999",10896,144,1,145,70,1,71,214,2,216,19.82,"CONCORDIA PARISH SHERIFF'S OFFICE                 ","Concordia Parish Sheriff's Office"
"2625",2006,"LA0320100","Denham Springs",NA,"LA","West South Central","South","LIVINGSTON","City","Cities from 2,500 thru 9,999",9674,27,0,27,0,8,8,27,8,35,3.62,"DENHAM SPRINGS POLICE DEPARTMENT                  ","Denham Springs Police Department"
"2626",2006,"LA0401000","Ball",NA,"LA","West South Central","South","RAPIDES","City","Cities from 2,500 thru 9,999",3492,6,0,6,0,1,1,6,1,7,2,"BALL POLICE DEPARTMENT                            ","Ball Police Department"
"2627",2006,"LA0060000","Beauregard",NA,"LA","West South Central","South","BEAUREGARD","County","Non-MSA counties from 10,000 thru 24,999",23628,42,3,45,8,14,22,50,17,67,2.84,"BEAUREGARD PARISH SHERIFF'S OFFICE                ","Beauregard Parish Sheriff's Office"
"2628",2006,"LA0300100","Jena",NA,"LA","West South Central","South","LA SALLE","City","Cities from 2,500 thru 9,999",2722,6,0,6,0,1,1,6,1,7,2.57,"JENA POLICE DEPARTMENT                            ","Jena Police Department"
"2629",2006,"LA0100400","Vinton",NA,"LA","West South Central","South","CALCASIEU","City","Cities from 2,500 thru 9,999",3008,10,2,12,1,1,2,11,3,14,4.65,"VINTON POLICE DEPARTMENT                          ","Vinton Police Department"
"2630",2006,"LA0470000","St. James",NA,"LA","West South Central","South","ST JAMES","County","Non-MSA counties from 10,000 thru 24,999",10215,45,18,63,11,24,35,56,42,98,9.59,"ST. JAMES PARISH SHERIFF'S OFFICE                 ","St. James Parish Sheriff's Office"
"2631",2006,"LA0370000","Ouachita",NA,"LA","West South Central","South","OUACHITA","County","MSA counties from 25,000 thru 99,999",75777,225,0,225,116,0,116,341,0,341,4.5,"OUACHITA PARISH SHERIFF'S OFFICE                  ","Ouachita Parish Sheriff's Office"
"2632",2006,"LA0550100","Houma",NA,"LA","West South Central","South","TERREBONNE","City","Cities from 25,000 thru 49,999",30431,66,4,70,9,14,23,75,18,93,3.06,"HOUMA POLICE DEPARTMENT                           ","Houma Police Department"
"2633",2006,"LA0420000","Richland",NA,"LA","West South Central","South","RICHLAND","County","Non-MSA counties from 10,000 thru 24,999",12755,64,1,65,49,13,62,113,14,127,9.96,"RICHLAND PARISH SHERIFF'S OFFICE                  ","Richland Parish Sheriff's Office"
"2634",2006,"LA0540000","Tensas",NA,"LA","West South Central","South","TENSAS","County","Non-MSA counties under 10,000",2681,17,49,66,12,72,84,29,121,150,55.95,"TENSAS PARISH SHERIFF'S OFFICE                    ","Tensas Parish Sheriff's Office"
"2635",2006,"LA0290600","Nicholls State University",NA,"LA","West South Central","South","LAFOURCHE","University or College","Cities under 2,500",0,6,2,8,3,3,6,9,5,14,NA,"NICHOLLS STATE UNIVERSITY POLICE                  ","Nicholls State University Police"
"2636",2006,"LA0260200","Harahan",NA,"LA","West South Central","South","JEFFERSON","City","Cities from 2,500 thru 9,999",9209,20,0,20,10,0,10,30,0,30,3.26,"HARAHAN POLICE DEPARTMENT                         ","Harahan Police Department"
"2637",2006,"LA0620000","West Carroll",NA,"LA","West South Central","South","WEST CARROLL","County","Non-MSA counties from 10,000 thru 24,999",11190,15,0,15,1,3,4,16,3,19,1.7,"WEST CARROLL PARISH SHERIFF'S OFFICE              ","West Carroll Parish Sheriff's Office"
"2638",2006,"LA0030000","Ascension",NA,"LA","West South Central","South","ASCENSION","County","MSA counties from 25,000 thru 99,999",76455,167,4,171,38,28,66,205,32,237,3.1,"ASCENSION PARISH SHERIFF'S OFFICE                 ","Ascension Parish Sheriff's Office"
"2639",2006,"LA0520000","St. Tammany",NA,"LA","West South Central","South","ST TAMMANY","County","MSA counties 100,000 or over",158832,369,57,426,99,82,181,468,139,607,3.82,"ST. TAMMANY PARISH SHERIFF'S OFFICE               ","St. Tammany Parish Sheriff's Office"
"2640",2006,"LA0600400","Cullen",NA,"LA","West South Central","South","WEBSTER","City","Cities under 2,500",1183,2,0,2,1,0,1,3,0,3,2.54,"CULLEN POLICE DEPARTMENT                          ","Cullen Police Department"
"2641",2006,"LA0401300","McNary",NA,"LA","West South Central","South","RAPIDES","City","Cities under 2,500",188,1,0,1,0,1,1,1,1,2,10.64,"MCNARY POLICE DEPARTMENT                          ","Mcnary Police Department"
"2642",2006,"LA0020200","Oakdale",NA,"LA","West South Central","South","ALLEN","City","Cities from 2,500 thru 9,999",7565,9,0,9,9,0,9,18,0,18,2.38,"OAKDALE POLICE DEPARTMENT                         ","Oakdale Police Department"
"2643",2006,"LA0610200","Brusly",NA,"LA","West South Central","South","WEST BATON ROUGE","City","Cities under 2,500",1922,7,0,7,0,1,1,7,1,8,4.16,"BRUSLY POLICE DEPARTMENT                          ","Brusly Police Department"
"2644",2006,"LA0520300","Mandeville",NA,"LA","West South Central","South","ST TAMMANY","City","Cities from 10,000 thru 24,999",11026,24,2,26,7,11,18,31,13,44,3.99,"MANDEVILLE POLICE DEPARTMENT                      ","Mandeville Police Department"
"2645",2006,"LA0080400","Haughton",NA,"LA","West South Central","South","BOSSIER","City","Cities from 2,500 thru 9,999",2645,7,0,7,0,3,3,7,3,10,3.78,"HAUGHTON POLICE DEPARTMENT                        ","Haughton Police Department"
"2646",2006,"LA0570200","Kaplan",NA,"LA","West South Central","South","VERMILION","City","Cities from 2,500 thru 9,999",4863,12,0,12,3,0,3,15,0,15,3.08,"KAPLAN POLICE DEPARTMENT                          ","Kaplan Police Department"
"2647",2006,"LA0160800","Stonewall",NA,"LA","West South Central","South","DE SOTO","City","Cities under 2,500",1790,2,0,2,0,0,0,2,0,2,1.12,"STONEWALL POLICE DEPARTMENT                       ","Stonewall Police Department"
"2648",2006,"LA0340000","Morehouse",NA,"LA","West South Central","South","MOREHOUSE","County","Non-MSA counties from 10,000 thru 24,999",16669,32,64,96,5,45,50,37,109,146,8.76,"MOREHOUSE PARISH SHERIFF'S OFFICE                 ","Morehouse Parish Sheriff's Office"
"2649",2006,"LA0290000","Lafourche",NA,"LA","West South Central","South","LAFOURCHE","County","MSA counties from 25,000 thru 99,999",71683,136,31,167,67,45,112,203,76,279,3.89,"LAFOURCHE PARISH SHERIFF'S OFFICE                 ","Lafourche Parish Sheriff's Office"
"2650",2006,"LA0120000","Cameron",NA,"LA","West South Central","South","CAMERON","County","MSA counties under 10,000",9060,45,2,47,13,5,18,58,7,65,7.17,"CAMERON PARISH SHERIFF'S OFFICE                   ","Cameron Parish Sheriff's Office"
"2651",2006,"LANPD0000","New Orleans",NA,"LA","West South Central","South","ORLEANS","City","Cities from 250,000 thru 499,999",431153,1167,43,1210,257,177,434,1424,220,1644,3.81,"NEW ORLEANS POLICE DEPARTMENT                     ","New Orleans Police Department"
"2652",2006,"LA0530900","Southeastern Louisiana University",NA,"LA","West South Central","South","TANGIPAHOA","University or College","Cities under 2,500",0,21,2,23,2,8,10,23,10,33,NA,"SOUTHEASTERN LOUISIANA UNIVERSITY POLICE          ","Southeastern Louisiana University Police"
"2653",2006,"LA0450000","St. Charles",NA,"LA","West South Central","South","ST CHARLES","County","MSA counties from 25,000 thru 99,999",47993,210,7,217,35,87,122,245,94,339,7.06,"ST. CHARLES PARISH SHERIFF'S OFFICE               ","St. Charles Parish Sheriff's Office"
"2654",2006,"LA0580000","Vernon",NA,"LA","West South Central","South","VERNON","County","Non-MSA counties from 25,000 thru 99,999",37993,41,57,98,1,39,40,42,96,138,3.63,"VERNON PARISH SHERIFF'S OFFICE                    ","Vernon Parish Sheriff's Office"
"2655",2006,"LA0270200","Jennings",NA,"LA","West South Central","South","JEFFERSON DAVIS","City","Cities from 10,000 thru 24,999",10097,22,2,24,4,7,11,26,9,35,3.47,"JENNINGS POLICE DEPARTMENT                        ","Jennings Police Department"
"2656",2006,"LA0510100","Berwick",NA,"LA","West South Central","South","ST MARY","City","Cities from 2,500 thru 9,999",4063,10,0,10,1,0,1,11,0,11,2.71,"BERWICK POLICE DEPARTMENT                         ","Berwick Police Department"
"2657",2006,"LA0400200","Pineville",NA,"LA","West South Central","South","RAPIDES","City","Cities from 10,000 thru 24,999",13349,52,2,54,3,6,9,55,8,63,4.72,"PINEVILLE POLICE DEPARTMENT                       ","Pineville Police Department"
"2658",2006,"LA0310300","Grambling",NA,"LA","West South Central","South","LINCOLN","City","Cities from 2,500 thru 9,999",4286,8,0,8,2,5,7,10,5,15,3.5,"GRAMBLING POLICE DEPARTMENT                       ","Grambling Police Department"
"2659",2006,"LA0240600","St. Gabriel",NA,"LA","West South Central","South","IBERVILLE","City","Cities from 2,500 thru 9,999",5186,8,0,8,0,6,6,8,6,14,2.7,"ST. GABRIEL POLICE DEPARTMENT                     ","St. Gabriel Police Department"
"2660",2006,"LA0100200","Lake Charles",NA,"LA","West South Central","South","CALCASIEU","City","Cities from 50,000 thru 99,999",66876,137,1,138,42,4,46,179,5,184,2.75,"LAKE CHARLES POLICE DEPARTMENT                    ","Lake Charles Police Department"
"2661",2006,"LA0330000","Madison",NA,"LA","West South Central","South","MADISON","County","Non-MSA counties under 10,000",4080,58,0,58,9,0,9,67,0,67,16.42,"MADISON PARISH SHERIFF'S OFFICE                   ","Madison Parish Sheriff's Office"
"2662",2006,"LA0030200","Gonzales",NA,"LA","West South Central","South","ASCENSION","City","Cities from 2,500 thru 9,999",8056,31,0,31,4,0,4,35,0,35,4.34,"GONZALES POLICE DEPARTMENT                        ","Gonzales Police Department"
"2663",2006,"LA0270000","Jefferson Davis",NA,"LA","West South Central","South","JEFFERSON DAVIS","County","Non-MSA counties from 10,000 thru 24,999",12463,30,4,34,3,9,12,33,13,46,3.69,"JEFFERSON DAVIS PARISH SHERIFF'S OFFICE           ","Jefferson Davis Parish Sheriff's Office"
"2664",2006,"LA0600000","Webster",NA,"LA","West South Central","South","WEBSTER","County","Non-MSA counties from 10,000 thru 24,999",20133,104,0,104,44,0,44,148,0,148,7.35,"WEBSTER PARISH SHERIFF'S OFFICE                   ","Webster Parish Sheriff's Office"
"2665",2006,"LA0370200","West Monroe",NA,"LA","West South Central","South","OUACHITA","City","Cities from 10,000 thru 24,999",12358,60,2,62,17,2,19,77,4,81,6.55,"WEST MONROE POLICE DEPARTMENT                     ","West Monroe Police Department"
"2666",2006,"LA0090000","Caddo",NA,"LA","West South Central","South","CADDO","County","MSA counties from 25,000 thru 99,999",43466,331,31,362,78,173,251,409,204,613,14.1,"CADDO PARISH SHERIFF'S OFFICE                     ","Caddo Parish Sheriff's Office"
"2667",2006,"LA0060100","De Ridder",NA,"LA","West South Central","South","BEAUREGARD, VERNON","City","Cities from 2,500 thru 9,999",9456,23,0,23,0,5,5,23,5,28,2.96,"DERIDDER POLICE DEPARTMENT                        ","Deridder Police Department"
"2668",2006,"LA0370500","Richwood",NA,"LA","West South Central","South","OUACHITA","City","Cities under 2,500",1985,9,0,9,1,7,8,10,7,17,8.56,"RICHWOOD POLICE DEPARTMENT                        ","Richwood Police Department"
"2669",2006,"LA0250000","Jackson",NA,"LA","West South Central","South","JACKSON","County","Non-MSA counties from 10,000 thru 24,999",10343,29,0,29,8,0,8,37,0,37,3.58,"JACKSON PARISH SHERIFF'S OFFICE                   ","Jackson Parish Sheriff's Office"
"2670",2006,"LA0030300","Sorrento",NA,"LA","West South Central","South","ASCENSION","City","Cities under 2,500",1271,4,0,4,0,1,1,4,1,5,3.93,"SORRENTO POLICE DEPARTMENT                        ","Sorrento Police Department"
"2671",2006,"LA0320700","French Settlement",NA,"LA","West South Central","South","LIVINGSTON","City","Cities under 2,500",998,2,0,2,0,0,0,2,0,2,2,"FRENCH SETTLEMENT POLICE DEPARTMENT               ","French Settlement Police Department"
"2672",2006,"LA0290500","Thibodaux",NA,"LA","West South Central","South","LAFOURCHE","City","Cities from 10,000 thru 24,999",13657,42,3,45,9,6,15,51,9,60,4.39,"THIBODAUX POLICE DEPARTMENT                       ","Thibodaux Police Department"
"2673",2006,"LA0080500","Louisiana State University:","Health Sciences Center, Shreveport","LA","West South Central","South","BOSSIER","University or College","Cities under 2,500",0,32,7,39,7,13,20,39,20,59,NA,"LOUISIANA STATE UNIVERSITY HEALTH SCIENCES CENTER ","Louisiana State University Health Sciences Center"
"2674",2006,"LA0510300","Morgan City",NA,"LA","West South Central","South","ST MARY","City","Cities from 10,000 thru 24,999",11308,32,1,33,22,2,24,54,3,57,5.04,"MORGAN CITY POLICE DEPARTMENT                     ","Morgan City Police Department"
"2675",2006,"LA0180100","Lake Providence",NA,"LA","West South Central","South","EAST CARROLL","City","Cities from 2,500 thru 9,999",4345,6,0,6,1,4,5,7,4,11,2.53,"LAKE PROVIDENCE POLICE DEPARTMENT                 ","Lake Providence Police Department"
"2676",2006,"LA0140000","Claiborne",NA,"LA","West South Central","South","CLAIBORNE","County","Non-MSA counties under 10,000",9684,21,0,21,6,6,12,27,6,33,3.41,"CLAIBORNE PARISH SHERIFF'S OFFICE                 ","Claiborne Parish Sheriff's Office"
"2677",2006,"LA0080000","Bossier",NA,"LA","West South Central","South","BOSSIER","County","MSA counties from 25,000 thru 99,999",39279,244,14,258,44,23,67,288,37,325,8.27,"BOSSIER PARISH SHERIFF'S OFFICE                   ","Bossier Parish Sheriff's Office"
"2678",2006,"LA0090100","Shreveport",NA,"LA","West South Central","South","BOSSIER, CADDO","City","Cities from 100,000 thru 249,999",188505,454,8,462,144,77,221,598,85,683,3.62,"SHREVEPORT POLICE DEPARTMENT                      ","Shreveport Police Department"
"2679",2006,"LA0090400","Blanchard",NA,"LA","West South Central","South","CADDO","City","Cities under 2,500",2208,4,0,4,0,0,0,4,0,4,1.81,"BLANCHARD POLICE DEPARTMENT                       ","Blanchard Police Department"
"2680",2006,"LA0530300","Ponchatoula",NA,"LA","West South Central","South","TANGIPAHOA","City","Cities from 2,500 thru 9,999",5482,20,0,20,0,4,4,20,4,24,4.38,"PONCHATOULA POLICE DEPARTMENT                     ","Ponchatoula Police Department"
"2681",2006,"LA0550000","Terrebonne",NA,"LA","West South Central","South","TERREBONNE","County","MSA counties from 25,000 thru 99,999",71455,188,0,188,86,0,86,274,0,274,3.83,"TERREBONNE PARISH SHERIFF'S OFFICE                ","Terrebonne Parish Sheriff's Office"
"2682",2006,"LA0240000","Iberville",NA,"LA","West South Central","South","IBERVILLE","County","MSA counties from 10,000 thru 24,999",17390,64,19,83,12,39,51,76,58,134,7.71,"IBERVILLE PARISH SHERIFF'S OFFICE                 ","Iberville Parish Sheriff's Office"
"2683",2006,"LA0430100","Many",NA,"LA","West South Central","South","SABINE","City","Cities from 2,500 thru 9,999",2663,8,1,9,3,1,4,11,2,13,4.88,"MANY POLICE DEPARTMENT                            ","Many Police Department"
"2684",2006,"LA0400700","Woodworth",NA,"LA","West South Central","South","RAPIDES","City","Cities under 2,500",1057,5,0,5,0,2,2,5,2,7,6.62,"WOODWORTH POLICE DEPARTMENT                       ","Woodworth Police Department"
"2685",2006,"LA0520100","Covington",NA,"LA","West South Central","South","ST TAMMANY","City","Cities from 2,500 thru 9,999",8860,28,0,28,2,9,11,30,9,39,4.4,"COVINGTON POLICE DEPARTMENT                       ","Covington Police Department"
"2686",2006,"LA0400000","Rapides",NA,"LA","West South Central","South","RAPIDES","County","MSA counties from 25,000 thru 99,999",56784,325,47,372,37,72,109,362,119,481,8.47,"RAPIDES PARISH SHERIFF'S OFFICE                   ","Rapides Parish Sheriff's Office"
"2687",2006,"LA0630100","St. Francisville",NA,"LA","West South Central","South","WEST FELICIANA","City","Cities under 2,500",1543,7,0,7,0,1,1,7,1,8,5.18,"ST. FRANCISVILLE POLICE DEPARTMENT                ","St. Francisville Police Department"
"2688",2006,"LALSP0000","State Police",NA,"LA","West South Central","South","UNMAPPED COUNTY","State Police","Non-MSA counties under 10,000",0,1086,121,1207,47,376,423,1133,497,1630,NA,"LOUISIANA STATE POLICE                            ","Louisiana State Police"
"2689",2006,"LA0490600","Port Barre",NA,"LA","West South Central","South","ST LANDRY","City","Cities under 2,500",2197,7,0,7,1,6,7,8,6,14,6.37,"PORT BARRE POLICE DEPT                            ","Port Barre Police Police Department"
"2690",2006,"LA0510200","Franklin",NA,"LA","West South Central","South","ST MARY","City","Cities from 2,500 thru 9,999",7414,12,0,12,11,1,12,23,1,24,3.24,"FRANKLIN POLICE DEPARTMENT                        ","Franklin Police Department"
"2691",2005,"LA0520700","Folsom",NA,"LA","West South Central","South","ST TAMMANY","City","Cities under 2,500",602,3,0,3,0,0,0,3,0,3,4.98,"FOLSOM POLICE DEPARTMENT                          ","Folsom Police Department"
"2692",2005,"LA0030000","Ascension",NA,"LA","West South Central","South","ASCENSION","County","MSA counties from 25,000 thru 99,999",77583,163,5,168,34,30,64,197,35,232,2.99,"ASCENSION PARISH SHERIFF'S OFFICE                 ","Ascension Parish Sheriff's Office"
"2693",2005,"LA0620000","West Carroll",NA,"LA","West South Central","South","WEST CARROLL","County","Non-MSA counties from 10,000 thru 24,999",11984,14,0,14,4,0,4,18,0,18,1.5,"WEST CARROLL PARISH SHERIFF'S OFFICE              ","West Carroll Parish Sheriff's Office"
"2694",2005,"LA0130200","Sicily Island",NA,"LA","West South Central","South","CATAHOULA","City","Cities under 2,500",457,1,0,1,0,1,1,1,1,2,4.38,"SICILY ISLAND POLICE DEPARTMENT                   ","Sicily Island Police Department"
"2695",2005,"LA0520000","St. Tammany",NA,"LA","West South Central","South","ST TAMMANY","County","MSA counties 100,000 or over",161820,369,33,402,113,80,193,482,113,595,3.68,"ST. TAMMANY PARISH SHERIFF'S OFFICE               ","St. Tammany Parish Sheriff's Office"
"2696",2005,"LA0540000","Tensas",NA,"LA","West South Central","South","TENSAS","County","Non-MSA counties under 10,000",2866,19,49,68,12,52,64,31,101,132,46.06,"TENSAS PARISH SHERIFF'S OFFICE                    ","Tensas Parish Sheriff's Office"
"2697",2005,"LA0560200","Bernice",NA,"LA","West South Central","South","UNION","City","Cities under 2,500",1765,4,0,4,1,0,1,5,0,5,2.83,"BERNICE POLICE DEPARTMENT                         ","Bernice Police Department"
"2698",2005,"LA0480000","St. John the Baptist",NA,"LA","West South Central","South","ST JOHN THE BAPTIST","County","MSA counties from 25,000 thru 99,999",45660,154,4,158,52,0,52,206,4,210,4.6,"ST. JOHN THE BAPTIST PARISH SHERIFF'S OFFICE      ","St. John The Baptist Parish Sheriff's Office"
"2699",2005,"LA0180000","East Carroll",NA,"LA","West South Central","South","EAST CARROLL","County","Non-MSA counties under 10,000",4258,111,3,114,80,21,101,191,24,215,50.49,"EAST CARROLL PARISH SHERIFF'S OFFICE              ","East Carroll Parish Sheriff's Office"
"2700",2005,"LA0170000","East Baton Rouge",NA,"LA","West South Central","South","EAST BATON ROUGE","County","MSA counties 100,000 or over",163364,551,7,558,150,109,259,701,116,817,5,"EAST BATON ROUGE PARISH SHERIFF'S OFFICE          ","East Baton Rouge Parish Sheriff's Office"
"2701",2005,"LA0080600","Louisiana State University:","Shreveport","LA","West South Central","South","BOSSIER","University or College","Cities under 2,500",0,8,0,8,1,1,2,9,1,10,NA,"LOUISIANA STATE UNIVERSITY - SHREVEPORT POLICE    ","Louisiana State University - Shreveport Police"
"2702",2005,"LA0260400","Westwego",NA,"LA","West South Central","South","JEFFERSON","City","Cities from 10,000 thru 24,999",10555,33,0,33,4,1,5,37,1,38,3.6,"WESTWEGO POLICE DEPARTMENT                        ","Westwego Police Department"
"2703",2005,"LA0360200","Delgado Community College",NA,"LA","West South Central","South","ORLEANS","University or College","Cities under 2,500",0,22,3,25,4,9,13,26,12,38,NA,"DELGADO COMMUNITY COLLEGE POLICE                  ","Delgado Community College Police"
"2704",2005,"LA0260100","Gretna",NA,"LA","West South Central","South","JEFFERSON","City","Cities from 10,000 thru 24,999",17208,70,9,79,14,17,31,84,26,110,6.39,"GRETNA POLICE DEPARTMENT                          ","Gretna Police Department"
"2705",2005,"LA0080100","Bossier City",NA,"LA","West South Central","South","BOSSIER","City","Cities from 50,000 thru 99,999",59715,178,3,181,19,38,57,197,41,238,3.99,"BOSSIER CITY POLICE DEPT                          ","Bossier City Police Police Department"
"2706",2005,"LA0171100","Department of Public Safety State Capitol Detail",NA,"LA","West South Central","South","EAST BATON ROUGE","Other State Agency","Cities under 2,500",0,35,0,35,5,8,13,40,8,48,NA,"DEPT PUB SFTY ST CAP DTL                          ","Police Department Pub Sfty St Cap Dtl"
"2707",2005,"LA0050200","Marksville",NA,"LA","West South Central","South","AVOYELLES","City","Cities from 2,500 thru 9,999",5706,14,0,14,2,5,7,16,5,21,3.68,"MARKSVILLE POLICE DEPARTMENT                      ","Marksville Police Department"
"2708",2005,"LA0570400","Erath",NA,"LA","West South Central","South","VERMILION","City","Cities under 2,500",2181,5,0,5,2,3,5,7,3,10,4.59,"ERATH POLICE DEPARTMENT                           ","Erath Police Department"
"2709",2005,"LA0361700","Louisiana State University:","Health Sciences Center, New Orleans","LA","West South Central","South","ORLEANS","University or College","Cities under 2,500",0,28,0,28,6,0,6,34,0,34,NA,"LSU HEALTH SCIENCES CENTER POLICE DEPARTMENT      ","Lsu Health Sciences Center Police Department"
"2710",2005,"LA0100100","De Quincy",NA,"LA","West South Central","South","CALCASIEU","City","Cities from 2,500 thru 9,999",3272,12,0,12,2,0,2,14,0,14,4.28,"DEQUINCY POLICE DEPARTMENT                        ","Dequincy Police Department"
"2711",2005,"LA0140100","Haynesville",NA,"LA","West South Central","South","CLAIBORNE","City","Cities from 2,500 thru 9,999",2545,5,0,5,0,1,1,5,1,6,2.36,"HAYNESVILLE POLICE DEPT                           ","Haynesville Police Police Department"
"2712",2005,"LA0170200","Baton Rouge",NA,"LA","West South Central","South","EAST BATON ROUGE","City","Cities from 100,000 thru 249,999",224487,540,10,550,71,152,223,611,162,773,3.44,"BATON ROUGE POLICE DEPARTMENT                     ","Baton Rouge Police Department"
"2713",2005,"LA0290600","Nicholls State University",NA,"LA","West South Central","South","LAFOURCHE","University or College","Cities under 2,500",0,8,1,9,1,4,5,9,5,14,NA,"NICHOLLS STATE UNIVERSITY POLICE                  ","Nicholls State University Police"
"2714",2005,"LA0420000","Richland",NA,"LA","West South Central","South","RICHLAND","County","Non-MSA counties from 10,000 thru 24,999",13403,71,2,73,49,17,66,120,19,139,10.37,"RICHLAND PARISH SHERIFF'S OFFICE                  ","Richland Parish Sheriff's Office"
"2715",2005,"LA0260200","Harahan",NA,"LA","West South Central","South","JEFFERSON","City","Cities from 2,500 thru 9,999",9791,22,0,22,8,0,8,30,0,30,3.06,"HARAHAN POLICE DEPARTMENT                         ","Harahan Police Department"
"2716",2005,"LA0580100","Leesville",NA,"LA","West South Central","South","VERNON","City","Cities from 2,500 thru 9,999",6270,20,0,20,9,0,9,29,0,29,4.63,"LEESVILLE POLICE DEPARTMENT                       ","Leesville Police Department"
"2717",2005,"LA0590200","Franklinton",NA,"LA","West South Central","South","WASHINGTON","City","Cities from 2,500 thru 9,999",3672,12,0,12,1,5,6,13,5,18,4.9,"FRANKLINTON POLICE DEPARTMENT                     ","Franklinton Police Department"
"2718",2005,"LA0270100","Elton",NA,"LA","West South Central","South","JEFFERSON DAVIS","City","Cities under 2,500",1253,5,0,5,0,0,0,5,0,5,3.99,"ELTON POLICE DEPARTMENT                           ","Elton Police Department"
"2719",2005,"LA0570100","Abbeville",NA,"LA","West South Central","South","VERMILION","City","Cities from 10,000 thru 24,999",11703,33,1,34,6,1,7,39,2,41,3.5,"ABBEVILLE POLICE DEPARTMENT                       ","Abbeville Police Department"
"2720",2005,"LA0640100","Winnfield",NA,"LA","West South Central","South","WINN","City","Cities from 2,500 thru 9,999",5395,14,2,16,5,2,7,19,4,23,4.26,"WINNFIELD POLICE DEPT                             ","Winnfield Police Police Department"
"2721",2005,"LA0350100","Natchitoches",NA,"LA","West South Central","South","NATCHITOCHES","City","Cities from 10,000 thru 24,999",17947,42,1,43,6,14,20,48,15,63,3.51,"NATCHITOCHES POLICE DEPARTMENT                    ","Natchitoches Police Department"
"2722",2005,"LA0330100","Tallulah",NA,"LA","West South Central","South","MADISON","City","Cities from 2,500 thru 9,999",8612,7,0,7,6,0,6,13,0,13,1.51,"TALLULAH POLICE DEPT.                             ","Tallulah Police Police Department"
"2723",2005,"LA0310000","Lincoln",NA,"LA","West South Central","South","LINCOLN","County","Non-MSA counties from 10,000 thru 24,999",17247,37,6,43,4,12,16,41,18,59,3.42,"LINCOLN PARISH SHERIFF'S OFFICE                   ","Lincoln Parish Sheriff's Office"
"2724",2005,"LA0300200","Olla",NA,"LA","West South Central","South","LA SALLE","City","Cities under 2,500",1373,4,0,4,0,0,0,4,0,4,2.91,"OLLA POLICE DEPARTMENT                            ","Olla Police Department"
"2725",2005,"LA0370500","Richwood",NA,"LA","West South Central","South","OUACHITA","City","Cities under 2,500",2108,9,0,9,0,7,7,9,7,16,7.59,"RICHWOOD POLICE DEPARTMENT                        ","Richwood Police Department"
"2726",2005,"LA0600000","Webster",NA,"LA","West South Central","South","WEBSTER","County","Non-MSA counties from 10,000 thru 24,999",21206,91,0,91,36,0,36,127,0,127,5.99,"WEBSTER PARISH SHERIFF'S OFFICE                   ","Webster Parish Sheriff's Office"
"2727",2005,"LA0370200","West Monroe",NA,"LA","West South Central","South","OUACHITA","City","Cities from 10,000 thru 24,999",13013,57,2,59,17,3,20,74,5,79,6.07,"WEST MONROE POLICE DEPARTMENT                     ","West Monroe Police Department"
"2728",2005,"LA0280300","Lafayette",NA,"LA","West South Central","South","LAFAYETTE","City","Cities from 100,000 thru 249,999",112161,208,10,218,20,62,82,228,72,300,2.67,"LAFAYETTE POLICE DEPARTMENT                       ","Lafayette Police Department"
"2729",2005,"LA0510400","Patterson",NA,"LA","West South Central","South","ST MARY","City","Cities from 2,500 thru 9,999",5188,13,0,13,5,0,5,18,0,18,3.47,"PATTERSON POLICE DEPARTMENT                       ","Patterson Police Department"
"2730",2005,"LA0270300","Lake Arthur",NA,"LA","West South Central","South","JEFFERSON DAVIS","City","Cities from 2,500 thru 9,999",2924,3,0,3,5,0,5,8,0,8,2.74,"LAKE ARTHUR POLICE DEPARTMENT                     ","Lake Arthur Police Department"
"2731",2005,"LA0430000","Sabine",NA,"LA","West South Central","South","SABINE","County","Non-MSA counties from 10,000 thru 24,999",20848,62,8,70,12,20,32,74,28,102,4.89,"SABINE PARISH SHERIFF'S OFFICE                    ","Sabine Parish Sheriff's Office"
"2732",2005,"LA0100800","McNeese State University",NA,"LA","West South Central","South","CALCASIEU","University or College","Cities under 2,500",0,9,3,12,2,4,6,11,7,18,NA,"MCNEESE STATE UNIVERSITY POLICE                   ","Mcneese State University Police"
"2733",2005,"LA0370900","Tensas Basin Levee District",NA,"LA","West South Central","South","OUACHITA","Other State Agency","Cities under 2,500",0,2,0,2,0,1,1,2,1,3,NA,"TENSAS BASIN LEVEE DISTRICT POLICE                ","Tensas Basin Levee District Police"
"2734",2005,"LA0150100","Ferriday",NA,"LA","West South Central","South","CONCORDIA","City","Cities from 2,500 thru 9,999",3612,12,1,13,6,0,6,18,1,19,5.26,"FERRIDAY POLICE DEPARTMENT                        ","Ferriday Police Department"
"2735",2005,"LA0410000","Red River",NA,"LA","West South Central","South","RED RIVER","County","Non-MSA counties under 10,000",7374,32,6,38,6,1,7,38,7,45,6.1,"RED RIVER PARISH SHERIFF'S OFFICE                 ","Red River Parish Sheriff's Office"
"2736",2005,"LA0310700","Louisiana Tech University",NA,"LA","West South Central","South","LINCOLN","University or College","Cities under 2,500",0,16,0,16,3,2,5,19,2,21,NA,"LOUISIANA TECH UNIVERSITY POLICE                  ","Louisiana Tech University Police"
"2737",2005,"LA0361200","Southern University and A&M College:","New Orleans","LA","West South Central","South","ORLEANS","University or College","Cities under 2,500",0,6,0,6,1,0,1,7,0,7,NA,"SOUTHERN UNIV PD NEW ORLEANS                      ","Southern Univ Police Department New Orleans"
"2738",2005,"LA0490100","Eunice",NA,"LA","West South Central","South","ACADIA, ST LANDRY","City","Cities from 10,000 thru 24,999",11589,33,1,34,2,6,8,35,7,42,3.62,"EUNICE POLICE DEPARTMENT                          ","Eunice Police Department"
"2739",2005,"LA0240200","Plaquemine",NA,"LA","West South Central","South","IBERVILLE","City","Cities from 2,500 thru 9,999",6760,23,1,24,8,1,9,31,2,33,4.88,"PLAQUEMINE POLICE DEPARTMENT                      ","Plaquemine Police Department"
"2740",2005,"LA0280500","Youngsville",NA,"LA","West South Central","South","LAFAYETTE","City","Cities from 2,500 thru 9,999",5025,8,0,8,0,2,2,8,2,10,1.99,"YOUNGSVILLE POLICE DEPARTMENT                     ","Youngsville Police Department"
"2741",2005,"LA0190000","East Feliciana",NA,"LA","West South Central","South","EAST FELICIANA","County","MSA counties from 10,000 thru 24,999",15175,19,0,19,1,14,15,20,14,34,2.24,"EAST FELICIANA PARISH SHERIFF'S OFFICE            ","East Feliciana Parish Sheriff's Office"
"2742",2005,"LA0170600","Southern University and A&M College:","Baton Rouge","LA","West South Central","South","EAST BATON ROUGE","University or College","Cities under 2,500",0,12,4,16,6,5,11,18,9,27,NA,"SOUTHERN UNIVERSITY AND A & M COLLEGE POLICE      ","Southern University And A & M College Police"
"2743",2005,"LA0250100","Jonesboro",NA,"LA","West South Central","South","JACKSON","City","Cities from 2,500 thru 9,999",3799,12,2,14,1,2,3,13,4,17,4.47,"JONESBORO POLICE DEPARTMENT                       ","Jonesboro Police Department"
"2744",2005,"LA0220500","Pollock",NA,"LA","West South Central","South","GRANT","City","Cities under 2,500",373,1,0,1,0,0,0,1,0,1,2.68,"POLLOCK POLICE DEPARTMENT                         ","Pollock Police Department"
"2745",2005,"LA0510300","Morgan City",NA,"LA","West South Central","South","ST MARY","City","Cities from 10,000 thru 24,999",12174,29,2,31,21,1,22,50,3,53,4.35,"MORGAN CITY POLICE DEPARTMENT                     ","Morgan City Police Department"
"2746",2005,"LA0050300","Simmesport",NA,"LA","West South Central","South","AVOYELLES","City","Cities under 2,500",2212,7,0,7,0,0,0,7,0,7,3.16,"SIMMESPORT POLICE DEPT.                           ","Simmesport Police Police Department"
"2747",2005,"LA0430100","Many",NA,"LA","West South Central","South","SABINE","City","Cities from 2,500 thru 9,999",2809,14,0,14,2,5,7,16,5,21,7.48,"MANY POLICE DEPARTMENT                            ","Many Police Department"
"2748",2005,"LA0180100","Lake Providence",NA,"LA","West South Central","South","EAST CARROLL","City","Cities from 2,500 thru 9,999",4712,7,0,7,4,0,4,11,0,11,2.33,"LAKE PROVIDENCE POLICE DEPARTMENT                 ","Lake Providence Police Department"
"2749",2005,"LA0080500","Louisiana State University:","Health Sciences Center, Shreveport","LA","West South Central","South","BOSSIER","University or College","Cities under 2,500",0,35,5,40,7,12,19,42,17,59,NA,"LOUISIANA STATE UNIVERSITY HEALTH SCIENCES CENTER ","Louisiana State University Health Sciences Center"
"2750",2005,"LA0400700","Woodworth",NA,"LA","West South Central","South","RAPIDES","City","Cities under 2,500",1120,5,0,5,0,2,2,5,2,7,6.25,"WOODWORTH POLICE DEPARTMENT                       ","Woodworth Police Department"
"2751",2005,"LA0530800","Tickfaw",NA,"LA","West South Central","South","TANGIPAHOA","City","Cities under 2,500",630,6,0,6,1,0,1,7,0,7,11.11,"TICKFAW POLICE DEPARTMENT                         ","Tickfaw Police Department"
"2752",2005,"LA0570000","Vermilion",NA,"LA","West South Central","South","VERMILION","County","Non-MSA counties from 25,000 thru 99,999",35821,51,26,77,4,18,22,55,44,99,2.76,"VERMILION PARISH SHERIFF'S OFFICE                 ","Vermilion Parish Sheriff's Office"
"2753",2005,"LA0520100","Covington",NA,"LA","West South Central","South","ST TAMMANY","City","Cities from 2,500 thru 9,999",8897,29,0,29,3,9,12,32,9,41,4.61,"COVINGTON POLICE DEPARTMENT                       ","Covington Police Department"
"2754",2005,"LA0140000","Claiborne",NA,"LA","West South Central","South","CLAIBORNE","County","Non-MSA counties from 10,000 thru 24,999",10384,20,0,20,6,4,10,26,4,30,2.89,"CLAIBORNE PARISH SHERIFF'S OFFICE                 ","Claiborne Parish Sheriff's Office"
"2755",2005,"LA0090400","Blanchard",NA,"LA","West South Central","South","CADDO","City","Cities under 2,500",2280,4,0,4,0,0,0,4,0,4,1.75,"BLANCHARD POLICE DEPARTMENT                       ","Blanchard Police Department"
"2756",2005,"LA0090100","Shreveport",NA,"LA","West South Central","South","BOSSIER, CADDO","City","Cities from 100,000 thru 249,999",199021,448,9,457,86,73,159,534,82,616,3.1,"SHREVEPORT POLICE DEPARTMENT                      ","Shreveport Police Department"
"2757",2005,"LA0080000","Bossier",NA,"LA","West South Central","South","BOSSIER","County","MSA counties from 25,000 thru 99,999",40921,228,12,240,33,24,57,261,36,297,7.26,"BOSSIER PARISH SHERIFF'S OFFICE                   ","Bossier Parish Sheriff's Office"
"2758",2005,"LA0160000","De Soto",NA,"LA","West South Central","South","DE SOTO","County","MSA counties from 10,000 thru 24,999",18894,62,1,63,15,8,23,77,9,86,4.55,"DE SOTO PARISH SHERIFF'S OFFICE                   ","De Soto Parish Sheriff's Office"
"2759",2005,"LA0100300","Sulphur",NA,"LA","West South Central","South","CALCASIEU","City","Cities from 10,000 thru 24,999",19781,40,4,44,3,13,16,43,17,60,3.03,"SULPHUR POLICE DEPARTMENT                         ","Sulphur Police Department"
"2760",2005,"LA0490800","Krotz Springs",NA,"LA","West South Central","South","ST LANDRY","City","Cities under 2,500",1248,3,0,3,1,2,3,4,2,6,4.81,"KROTZ SPRINGS POLICE DEPARTMENT                   ","Krotz Springs Police Department"
"2761",2005,"LA0170300","Zachary",NA,"LA","West South Central","South","EAST BATON ROUGE","City","Cities from 10,000 thru 24,999",12091,25,1,26,11,2,13,36,3,39,3.23,"ZACHARY POLICE DEPARTMENT                         ","Zachary Police Department"
"2762",2005,"LA0100700","Iowa",NA,"LA","West South Central","South","CALCASIEU","City","Cities from 2,500 thru 9,999",2620,9,1,10,1,3,4,10,4,14,5.34,"IOWA POLICE DEPARTMENT                            ","Iowa Police Department"
"2763",2005,"LA0010300","Church Point",NA,"LA","West South Central","South","ACADIA","City","Cities from 2,500 thru 9,999",4673,10,0,10,6,0,6,16,0,16,3.42,"CHURCH POINT POLICE DEPARTMENT                    ","Church Point Police Department"
"2764",2005,"LA0200100","Basile",NA,"LA","West South Central","South","EVANGELINE","City","Cities under 2,500",2387,6,0,6,1,4,5,7,4,11,4.61,"BASILE POLICE DEPARTMENT                          ","Basile Police Department"
"2765",2005,"LA0510000","St. Mary",NA,"LA","West South Central","South","ST MARY","County","Non-MSA counties from 10,000 thru 24,999",19906,86,10,96,39,17,56,125,27,152,7.64,"ST. MARY PARISH SHERIFF'S OFFICE                  ","St. Mary Parish Sheriff's Office"
"2766",2005,"LA0200200","Mamou",NA,"LA","West South Central","South","EVANGELINE","City","Cities from 2,500 thru 9,999",3440,7,0,7,7,0,7,14,0,14,4.07,"MAMOU POLICE DEPARTMENT                           ","Mamou Police Department"
"2767",2005,"LA0610100","Port Allen",NA,"LA","West South Central","South","WEST BATON ROUGE","City","Cities from 2,500 thru 9,999",5163,15,0,15,1,4,5,16,4,20,3.87,"PORT ALLEN POLICE DEPARTMENT                      ","Port Allen Police Department"
"2768",2005,"LA0640000","Winn",NA,"LA","West South Central","South","WINN","County","Non-MSA counties from 10,000 thru 24,999",10784,19,0,19,5,0,5,24,0,24,2.23,"WINN PARISH SHERIFF'S OFFICE                      ","Winn Parish Sheriff's Office"
"2769",2005,"LA0510500","Baldwin",NA,"LA","West South Central","South","ST MARY","City","Cities from 2,500 thru 9,999",2661,5,0,5,2,1,3,7,1,8,3.01,"BALDWIN POLICE DEPARTMENT                         ","Baldwin Police Department"
"2770",2005,"LA0320000","Livingston",NA,"LA","West South Central","South","LIVINGSTON","County","MSA counties from 25,000 thru 99,999",94153,150,0,150,46,0,46,196,0,196,2.08,"LIVINGSTON PARISH SHERIFF'S OFFICE                ","Livingston Parish Sheriff's Office"
"2771",2005,"LA0370300","Sterlington",NA,"LA","West South Central","South","OUACHITA","City","Cities under 2,500",1251,7,0,7,1,1,2,8,1,9,7.19,"STERLINGTON POLICE DEPARTMENT                     ","Sterlington Police Department"
"2772",2005,"LA0540300","St. Joseph",NA,"LA","West South Central","South","TENSAS","City","Cities under 2,500",1193,4,0,4,0,0,0,4,0,4,3.35,"ST. JOSEPH POLICE DEPARTMENT                      ","St. Joseph Police Department"
"2773",2005,"LA0020000","Allen",NA,"LA","West South Central","South","ALLEN","County","Non-MSA counties from 10,000 thru 24,999",15322,21,13,34,2,8,10,23,21,44,2.87,"ALLEN PARISH SHERIFF'S OFFICE                     ","Allen Parish Sheriff's Office"
"2774",2005,"LA0490200","Opelousas",NA,"LA","West South Central","South","ST LANDRY","City","Cities from 10,000 thru 24,999",22905,49,1,50,5,5,10,54,6,60,2.62,"OPELOUSAS POLICE DEPARTMENT                       ","Opelousas Police Department"
"2775",2005,"LA0510200","Franklin",NA,"LA","West South Central","South","ST MARY","City","Cities from 2,500 thru 9,999",7998,13,0,13,9,1,10,22,1,23,2.88,"FRANKLIN POLICE DEPARTMENT                        ","Franklin Police Department"
"2776",2005,"LA0490600","Port Barre",NA,"LA","West South Central","South","ST LANDRY","City","Cities under 2,500",2310,7,0,7,2,6,8,9,6,15,6.49,"PORT BARRE POLICE DEPT                            ","Port Barre Police Police Department"
"2777",2005,"LALSP0000","State Police",NA,"LA","West South Central","South","UNMAPPED COUNTY","State Police","Non-MSA counties under 10,000",0,1099,122,1221,44,381,425,1143,503,1646,NA,"LOUISIANA STATE POLICE                            ","Louisiana State Police"
"2778",2005,"LA0400200","Pineville",NA,"LA","West South Central","South","RAPIDES","City","Cities from 10,000 thru 24,999",13808,48,1,49,5,7,12,53,8,61,4.42,"PINEVILLE POLICE DEPARTMENT                       ","Pineville Police Department"
"2779",2005,"LA0270200","Jennings",NA,"LA","West South Central","South","JEFFERSON DAVIS","City","Cities from 10,000 thru 24,999",10693,18,4,22,8,5,13,26,9,35,3.27,"JENNINGS POLICE DEPARTMENT                        ","Jennings Police Department"
"2780",2005,"LA0450000","St. Charles",NA,"LA","West South Central","South","ST CHARLES","County","MSA counties from 25,000 thru 99,999",50160,205,9,214,37,92,129,242,101,343,6.84,"ST. CHARLES PARISH SHERIFF'S OFFICE               ","St. Charles Parish Sheriff's Office"
"2781",2005,"LANPD0000","New Orleans",NA,"LA","West South Central","South","ORLEANS","City","Cities from 250,000 thru 499,999",463072,1348,46,1394,323,208,531,1671,254,1925,4.16,"NEW ORLEANS POLICE DEPARTMENT                     ","New Orleans Police Department"
"2782",2005,"LA0580000","Vernon",NA,"LA","West South Central","South","VERNON","County","Non-MSA counties from 25,000 thru 99,999",40801,101,1,102,39,1,40,140,2,142,3.48,"VERNON PARISH SHERIFF'S OFFICE                    ","Vernon Parish Sheriff's Office"
"2783",2005,"LA0530500","Independence",NA,"LA","West South Central","South","TANGIPAHOA","City","Cities under 2,500",1727,8,0,8,0,0,0,8,0,8,4.63,"INDEPENDENCE POLICE DEPARTMENT                    ","Independence Police Department"
"2784",2005,"LA0510100","Berwick",NA,"LA","West South Central","South","ST MARY","City","Cities from 2,500 thru 9,999",4353,8,0,8,2,0,2,10,0,10,2.3,"BERWICK POLICE DEPARTMENT                         ","Berwick Police Department"
"2785",2005,"LA0080400","Haughton",NA,"LA","West South Central","South","BOSSIER","City","Cities from 2,500 thru 9,999",2801,7,0,7,0,0,0,7,0,7,2.5,"HAUGHTON POLICE DEPARTMENT                        ","Haughton Police Department"
"2786",2005,"LA0401300","McNary",NA,"LA","West South Central","South","RAPIDES","City","Cities under 2,500",199,1,0,1,0,0,0,1,0,1,5.03,"MCNARY POLICE DEPARTMENT                          ","Mcnary Police Department"
"2787",2005,"LA0530000","Tangipahoa",NA,"LA","West South Central","South","TANGIPAHOA","County","Non-MSA counties from 25,000 thru 99,999",73064,153,38,191,18,38,56,171,76,247,3.38,"TANGIPAHOA PARISH SHERIFF'S OFFICE                ","Tangipahoa Parish Sheriff's Office"
"2788",2005,"LA0630000","West Feliciana",NA,"LA","West South Central","South","WEST FELICIANA","County","MSA counties from 10,000 thru 24,999",13499,40,8,48,2,19,21,42,27,69,5.11,"WEST FELICIANA PARISH SHERIFF'S OFFICE            ","West Feliciana Parish Sheriff's Office"
"2789",2005,"LA0490500","Washington",NA,"LA","West South Central","South","ST LANDRY","City","Cities under 2,500",1062,6,0,6,1,0,1,7,0,7,6.59,"WASHINGTON POLICE DEPARTMENT                      ","Washington Police Department"
"2790",2005,"LA0351000","Northwestern State University",NA,"LA","West South Central","South","NATCHITOCHES","University or College","Cities under 2,500",0,13,0,13,1,2,3,14,2,16,NA,"NORTHWESTERN STATE UNIVERSITY OF LOUISIANA POLICE ","Northwestern State University Of Louisiana Police"
"2791",2005,"LA0260300","Kenner",NA,"LA","West South Central","South","JEFFERSON","City","Cities from 50,000 thru 99,999",70374,155,16,171,13,32,45,168,48,216,3.07,"KENNER POLICE DEPARTMENT                          ","Kenner Police Department"
"2792",2005,"LA0040000","Assumption",NA,"LA","West South Central","South","ASSUMPTION","County","Non-MSA counties from 10,000 thru 24,999",22579,31,17,48,11,14,25,42,31,73,3.23,"ASSUMPTION PARISH SHERIFF'S OFFICE                ","Assumption Parish Sheriff's Office"
"2793",2005,"LA0270400","Welsh",NA,"LA","West South Central","South","JEFFERSON DAVIS","City","Cities from 2,500 thru 9,999",3329,12,0,12,2,0,2,14,0,14,4.21,"WELSH POLICE DEPARTMENT                           ","Welsh Police Department"
"2794",2005,"LA0300100","Jena",NA,"LA","West South Central","South","LA SALLE","City","Cities from 2,500 thru 9,999",2907,6,0,6,0,1,1,6,1,7,2.41,"JENA POLICE DEPARTMENT                            ","Jena Police Department"
"2795",2005,"LA0370000","Ouachita",NA,"LA","West South Central","South","OUACHITA","County","MSA counties from 25,000 thru 99,999",80009,229,0,229,128,0,128,357,0,357,4.46,"OUACHITA PARISH SHERIFF'S OFFICE                  ","Ouachita Parish Sheriff's Office"
"2796",2005,"LA0100400","Vinton",NA,"LA","West South Central","South","CALCASIEU","City","Cities from 2,500 thru 9,999",3214,12,0,12,3,0,3,15,0,15,4.67,"VINTON POLICE DEPARTMENT                          ","Vinton Police Department"
"2797",2005,"LA0170400","Louisiana State University:","Baton Rouge","LA","West South Central","South","EAST BATON ROUGE","University or College","Cities under 2,500",0,58,0,58,8,2,10,66,2,68,NA,"LOUISIANA STATE UNIVERSITY POLICE DEPARTMENT      ","Louisiana State University Police Department"
"2798",2005,"LA0310300","Grambling",NA,"LA","West South Central","South","LINCOLN","City","Cities from 2,500 thru 9,999",4508,8,0,8,2,5,7,10,5,15,3.33,"GRAMBLING POLICE DEPARTMENT                       ","Grambling Police Department"
"2799",2005,"LA0240600","St. Gabriel",NA,"LA","West South Central","South","IBERVILLE","City","Cities from 2,500 thru 9,999",5486,8,0,8,6,0,6,14,0,14,2.55,"ST. GABRIEL POLICE DEPARTMENT                     ","St. Gabriel Police Department"
"2800",2005,"LA0330000","Madison",NA,"LA","West South Central","South","MADISON","County","Non-MSA counties under 10,000",4407,56,0,56,10,0,10,66,0,66,14.98,"MADISON PARISH SHERIFF'S OFFICE                   ","Madison Parish Sheriff's Office"
"2801",2005,"LA0270000","Jefferson Davis",NA,"LA","West South Central","South","JEFFERSON DAVIS","County","Non-MSA counties from 10,000 thru 24,999",13090,31,2,33,4,9,13,35,11,46,3.51,"JEFFERSON DAVIS PARISH SHERIFF'S OFFICE           ","Jefferson Davis Parish Sheriff's Office"
"2802",2005,"LA0030200","Gonzales",NA,"LA","West South Central","South","ASCENSION","City","Cities from 2,500 thru 9,999",8414,27,0,27,4,0,4,31,0,31,3.68,"GONZALES POLICE DEPARTMENT                        ","Gonzales Police Department"
"2803",2005,"LA0100200","Lake Charles",NA,"LA","West South Central","South","CALCASIEU","City","Cities from 50,000 thru 99,999",70942,143,2,145,33,14,47,176,16,192,2.71,"LAKE CHARLES POLICE DEPARTMENT                    ","Lake Charles Police Department"
"2804",2005,"LA0120000","Cameron",NA,"LA","West South Central","South","CAMERON","County","MSA counties under 10,000",9698,51,0,51,18,0,18,69,0,69,7.11,"CAMERON PARISH SHERIFF'S OFFICE                   ","Cameron Parish Sheriff's Office"
"2805",2005,"LA0160800","Stonewall",NA,"LA","West South Central","South","DE SOTO","City","Cities under 2,500",1877,2,0,2,0,0,0,2,0,2,1.07,"STONEWALL POLICE DEPARTMENT                       ","Stonewall Police Department"
"2806",2005,"LA0280100","Broussard",NA,"LA","West South Central","South","LAFAYETTE, ST MARTIN","City","Cities from 2,500 thru 9,999",6549,17,0,17,0,4,4,17,4,21,3.21,"BROUSSARD POLICE DEPARTMENT                       ","Broussard Police Department"
"2807",2005,"LA0360300","University of New Orleans",NA,"LA","West South Central","South","ORLEANS","University or College","Cities under 2,500",0,14,0,14,3,2,5,17,2,19,NA,"UNIVERSITY OF NEW ORLEANS POLICE DEPT.            ","University Of New Orleans Police Police Department"
"2808",2005,"LA0340000","Morehouse",NA,"LA","West South Central","South","MOREHOUSE","County","Non-MSA counties from 10,000 thru 24,999",17921,30,61,91,6,43,49,36,104,140,7.81,"MOREHOUSE PARISH SHERIFF'S OFFICE                 ","Morehouse Parish Sheriff's Office"
"2809",2005,"LA0290000","Lafourche",NA,"LA","West South Central","South","LAFOURCHE","County","MSA counties from 25,000 thru 99,999",75628,164,30,194,80,51,131,244,81,325,4.3,"LAFOURCHE PARISH SHERIFF'S OFFICE                 ","Lafourche Parish Sheriff's Office"
"2810",2005,"LA0590100","Bogalusa",NA,"LA","West South Central","South","WASHINGTON","City","Cities from 10,000 thru 24,999",12930,34,7,41,4,15,19,38,22,60,4.64,"BOGALUSA POLICE DEPARTMENT                        ","Bogalusa Police Department"
"2811",2005,"LA0590000","Washington",NA,"LA","West South Central","South","WASHINGTON","County","Non-MSA counties from 25,000 thru 99,999",27636,82,0,82,28,0,28,110,0,110,3.98,"WASHINGTON PARISH SHERIFF'S OFFICE                ","Washington Parish Sheriff's Office"
"2812",2005,"LA0600800","Dixie Inn",NA,"LA","West South Central","South","WEBSTER","City","Cities under 2,500",346,2,0,2,0,0,0,2,0,2,5.78,"DIXIE INN POLICE DEPARTMENT                       ","Dixie Inn Police Department"
"2813",2005,"LA0040100","Napoleonville",NA,"LA","West South Central","South","ASSUMPTION","City","Cities under 2,500",695,1,0,1,1,0,1,2,0,2,2.88,"NAPOLEONVILLE POLICE DEPARTMENT                   ","Napoleonville Police Department"
"2814",2005,"LA0370400","University of Louisiana:","Monroe","LA","West South Central","South","OUACHITA","University or College","Cities under 2,500",0,20,1,21,1,5,6,21,6,27,NA,"UNIVERSITY OF LOUISIANA - MONROE POLICE           ","University Of Louisiana - Monroe Police"
"2815",2005,"LA0350000","Natchitoches",NA,"LA","West South Central","South","NATCHITOCHES","County","Non-MSA counties from 10,000 thru 24,999",20861,43,1,44,17,1,18,60,2,62,2.97,"NATCHITOCHES PARISH SHERIFF'S OFFICE              ","Natchitoches Parish Sheriff's Office"
"2816",2005,"LA0130000","Catahoula",NA,"LA","West South Central","South","CATAHOULA","County","Non-MSA counties from 10,000 thru 24,999",10188,16,60,76,5,11,16,21,71,92,9.03,"CATAHOULA PARISH SHERIFF'S OFFICE                 ","Catahoula Parish Sheriff's Office"
"2817",2005,"LA0410100","Coushatta",NA,"LA","West South Central","South","RED RIVER","City","Cities under 2,500",2249,5,0,5,1,0,1,6,0,6,2.67,"COUSHATTA POLICE DEPARTMENT                       ","Coushatta Police Department"
"2818",2005,"LA0400100","Alexandria",NA,"LA","West South Central","South","RAPIDES","City","Cities from 25,000 thru 49,999",46051,141,3,144,10,32,42,151,35,186,4.04,"ALEXANDRIA POLICE DEPARTMENT                      ","Alexandria Police Department"
"2819",2005,"LA0310200","Ruston",NA,"LA","West South Central","South","LINCOLN","City","Cities from 10,000 thru 24,999",20701,39,1,40,2,6,8,41,7,48,2.32,"RUSTON POLICE DEPARTMENT                          ","Ruston Police Department"
"2820",2005,"LA0600400","Cullen",NA,"LA","West South Central","South","WEBSTER","City","Cities under 2,500",1252,2,0,2,1,0,1,3,0,3,2.4,"CULLEN POLICE DEPARTMENT                          ","Cullen Police Department"
"2821",2005,"LA0260000","Jefferson",NA,"LA","West South Central","South","JEFFERSON","County","MSA counties 100,000 or over",346451,709,118,827,195,303,498,904,421,1325,3.82,"JEFFERSON PARISH SHERIFF'S OFFICE                 ","Jefferson Parish Sheriff's Office"
"2822",2005,"LA0390000","Pointe Coupee",NA,"LA","West South Central","South","POINTE COUPEE","County","MSA counties from 10,000 thru 24,999",17728,55,0,55,27,0,27,82,0,82,4.63,"POINTE COUPEE PARISH SHERIFF'S OFFICE             ","Pointe Coupee Parish Sheriff's Office"
"2823",2005,"LA0320700","French Settlement",NA,"LA","West South Central","South","LIVINGSTON","City","Cities under 2,500",1044,2,0,2,0,0,0,2,0,2,1.92,"FRENCH SETTLEMENT POLICE DEPARTMENT               ","French Settlement Police Department"
"2824",2005,"LA0290500","Thibodaux",NA,"LA","West South Central","South","LAFOURCHE","City","Cities from 10,000 thru 24,999",14526,48,3,51,7,5,12,55,8,63,4.34,"THIBODAUX POLICE DEPARTMENT                       ","Thibodaux Police Department"
"2825",2005,"LA0240000","Iberville",NA,"LA","West South Central","South","IBERVILLE","County","MSA counties from 10,000 thru 24,999",18456,56,29,85,7,40,47,63,69,132,7.15,"IBERVILLE PARISH SHERIFF'S OFFICE                 ","Iberville Parish Sheriff's Office"
"2826",2005,"LA0320100","Denham Springs",NA,"LA","West South Central","South","LIVINGSTON","City","Cities from 10,000 thru 24,999",10124,27,0,27,0,8,8,27,8,35,3.46,"DENHAM SPRINGS POLICE DEPARTMENT                  ","Denham Springs Police Department"
"2827",2005,"LA0320600","Port Vincent",NA,"LA","West South Central","South","LIVINGSTON","City","Cities under 2,500",516,3,0,3,0,0,0,3,0,3,5.81,"PORT VINCENT POLICE DEPT.                         ","Port Vincent Police Police Department"
"2828",2005,"LA0401000","Ball",NA,"LA","West South Central","South","RAPIDES","City","Cities from 2,500 thru 9,999",3699,5,0,5,0,1,1,5,1,6,1.62,"BALL POLICE DEPARTMENT                            ","Ball Police Department"
"2829",2005,"LA0190100","Clinton",NA,"LA","West South Central","South","EAST FELICIANA","City","Cities under 2,500",1938,4,0,4,0,0,0,4,0,4,2.06,"CLINTON POLICE DEPT.                              ","Clinton Police Police Department"
"2830",2005,"LA0420200","Rayville",NA,"LA","West South Central","South","RICHLAND","City","Cities from 2,500 thru 9,999",4043,9,0,9,1,0,1,10,0,10,2.47,"RAYVILLE POLICE DEPARTMENT                        ","Rayville Police Department"
"2831",2005,"LA0400400","Lecompte",NA,"LA","West South Central","South","RAPIDES","City","Cities under 2,500",1344,3,0,3,0,0,0,3,0,3,2.23,"LECOMPTE POLICE DEPARTMENT                        ","Lecompte Police Department"
"2832",2005,"LA0230200","Jeanerette",NA,"LA","West South Central","South","IBERIA","City","Cities from 2,500 thru 9,999",6016,5,0,5,6,0,6,11,0,11,1.83,"JEANERETTE POLICE DEPARTMENT                      ","Jeanerette Police Department"
"2833",2005,"LA0210000","Franklin",NA,"LA","West South Central","South","FRANKLIN","County","Non-MSA counties from 10,000 thru 24,999",20848,61,0,61,19,0,19,80,0,80,3.84,"FRANKLIN PARISH SHERIFF'S OFFICE                  ","Franklin Parish Sheriff's Office"
"2834",2005,"LA0560000","Union",NA,"LA","West South Central","South","UNION","County","MSA counties from 10,000 thru 24,999",17437,29,4,33,3,7,10,32,11,43,2.47,"UNION PARISH SHERIFF'S OFFICE                     ","Union Parish Sheriff's Office"
"2835",2005,"LA0540200","Waterproof",NA,"LA","West South Central","South","TENSAS","City","Cities under 2,500",762,2,0,2,0,0,0,2,0,2,2.62,"WATERPROOF POLICE DEPARTMENT                      ","Waterproof Police Department"
"2836",2005,"LA0020100","Kinder",NA,"LA","West South Central","South","ALLEN","City","Cities under 2,500",2131,11,0,11,7,0,7,18,0,18,8.45,"KINDER POLICE DEPARTMENT                          ","Kinder Police Department"
"2837",2005,"LA0500200","St. Martinville",NA,"LA","West South Central","South","ST MARTIN","City","Cities from 2,500 thru 9,999",7017,12,0,12,1,6,7,13,6,19,2.71,"ST. MARTINVILLE POLICE DEPARTMENT                 ","St. Martinville Police Department"
"2838",2005,"LA0400600","Glenmora",NA,"LA","West South Central","South","RAPIDES","City","Cities under 2,500",1565,1,0,1,0,0,0,1,0,1,0.64,"GLENMORA POLICE DEPARTMENT                        ","Glenmora Police Department"
"2839",2005,"LA0550000","Terrebonne",NA,"LA","West South Central","South","TERREBONNE","County","MSA counties from 25,000 thru 99,999",74630,222,0,222,93,0,93,315,0,315,4.22,"TERREBONNE PARISH SHERIFF'S OFFICE                ","Terrebonne Parish Sheriff's Office"
"2840",2005,"LA0060000","Beauregard",NA,"LA","West South Central","South","BEAUREGARD","County","Non-MSA counties from 10,000 thru 24,999",24638,44,3,47,8,12,20,52,15,67,2.72,"BEAUREGARD PARISH SHERIFF'S OFFICE                ","Beauregard Parish Sheriff's Office"
"2841",2005,"LA0010200","Rayne",NA,"LA","West South Central","South","ACADIA","City","Cities from 2,500 thru 9,999",8487,20,0,20,5,0,5,25,0,25,2.95,"RAYNE POLICE DEPARTMENT                           ","Rayne Police Department"
"2842",2005,"LA0530300","Ponchatoula",NA,"LA","West South Central","South","TANGIPAHOA","City","Cities from 2,500 thru 9,999",5601,19,0,19,3,3,6,22,3,25,4.46,"PONCHATOULA POLICE DEPARTMENT                     ","Ponchatoula Police Department"
"2843",2005,"LA0140200","Homer",NA,"LA","West South Central","South","CLAIBORNE","City","Cities from 2,500 thru 9,999",3571,8,0,8,1,0,1,9,0,9,2.52,"HOMER POLICE DEPARTMENT                           ","Homer Police Department"
"2844",2005,"LA0070000","Bienville",NA,"LA","West South Central","South","BIENVILLE","County","Non-MSA counties from 10,000 thru 24,999",15388,25,5,30,13,1,14,38,6,44,2.86,"BIENVILLE PARISH SHERIFF'S OFFICE                 ","Bienville Parish Sheriff's Office"
"2845",2005,"LA0520500","Pearl River",NA,"LA","West South Central","South","ST TAMMANY","City","Cities under 2,500",2025,8,0,8,0,5,5,8,5,13,6.42,"PEARL RIVER POLICE DEPARTMENT                     ","Pearl River Police Department"
"2846",2005,"LA0250000","Jackson",NA,"LA","West South Central","South","JACKSON","County","Non-MSA counties from 10,000 thru 24,999",11506,29,0,29,8,0,8,37,0,37,3.22,"JACKSON PARISH SHERIFF'S OFFICE                   ","Jackson Parish Sheriff's Office"
"2847",2005,"LA0060100","De Ridder",NA,"LA","West South Central","South","BEAUREGARD, VERNON","City","Cities from 2,500 thru 9,999",9864,23,0,23,0,5,5,23,5,28,2.84,"DERIDDER POLICE DEPARTMENT                        ","Deridder Police Department"
"2848",2005,"LA036209E","Tulane University",NA,"LA","West South Central","South","ORLEANS","University or College","Cities under 2,500",0,29,4,33,6,8,14,35,12,47,NA,NA,"Tulane University"
"2849",2005,"LA0500100","Breaux Bridge",NA,"LA","West South Central","South","ST MARTIN","City","Cities from 2,500 thru 9,999",7569,14,0,14,7,0,7,21,0,21,2.77,"BREAUX BRIDGE POLICE DEPARTMENT                   ","Breaux Bridge Police Department"
"2850",2005,"LA0610300","Addis",NA,"LA","West South Central","South","WEST BATON ROUGE","City","Cities under 2,500",2455,6,0,6,0,1,1,6,1,7,2.85,"ADDIS POLICE DEPARTMENT                           ","Addis Police Department"
"2851",2005,"LA0460000","St. Helena",NA,"LA","West South Central","South","ST HELENA","County","MSA counties from 10,000 thru 24,999",10327,27,2,29,5,15,20,32,17,49,4.74,"ST. HELENA PARISH SHERIFF'S OFFICE                ","St. Helena Parish Sheriff's Office"
"2852",2005,"LA0010100","Crowley",NA,"LA","West South Central","South","ACADIA","City","Cities from 10,000 thru 24,999",13821,28,0,28,8,1,9,36,1,37,2.68,"CROWLEY POLICE DEPARTMENT                         ","Crowley Police Department"
"2853",2005,"LA0380000","Plaquemines",NA,"LA","West South Central","South","PLAQUEMINES","County","MSA counties from 25,000 thru 99,999",29019,125,0,125,67,0,67,192,0,192,6.62,"PLAQUEMINES PARISH SHERIFF'S OFFICE               ","Plaquemines Parish Sheriff's Office"
"2854",2005,"LA0560100","Farmerville",NA,"LA","West South Central","South","UNION","City","Cities from 2,500 thru 9,999",3732,8,0,8,4,0,4,12,0,12,3.22,"FARMERVILLE POLICE DEPARTMENT                     ","Farmerville Police Department"
"2855",2005,"LA0420100","Delhi",NA,"LA","West South Central","South","RICHLAND","City","Cities from 2,500 thru 9,999",3075,9,0,9,1,5,6,10,5,15,4.88,"DELHI POLICE DEPARTMENT                           ","Delhi Police Department"
"2856",2005,"LA0600200","Springhill",NA,"LA","West South Central","South","WEBSTER","City","Cities from 2,500 thru 9,999",5218,13,0,13,2,1,3,15,1,16,3.07,"SPRINGHILL POLICE DEPARTMENT                      ","Springhill Police Department"
"2857",2005,"LA0310600","Grambling State University",NA,"LA","West South Central","South","LINCOLN","University or College","Cities under 2,500",0,8,4,12,6,7,13,14,11,25,NA,"GRAMBLING STATE UNIVERSITY POLICE DEPT.           ","Grambling State University Police Police Department"
"2858",2005,"LA0530200","Kentwood",NA,"LA","West South Central","South","TANGIPAHOA","City","Cities under 2,500",2177,8,0,8,1,0,1,9,0,9,4.13,"KENTWOOD POLICE DEPARTMENT                        ","Kentwood Police Department"
"2859",2005,"LA0600100","Minden",NA,"LA","West South Central","South","WEBSTER","City","Cities from 10,000 thru 24,999",13304,28,0,28,1,2,3,29,2,31,2.33,"MINDEN POLICE DEPARTMENT                          ","Minden Police Department"
"2860",2005,"LA0200300","Ville Platte",NA,"LA","West South Central","South","EVANGELINE","City","Cities from 2,500 thru 9,999",8301,15,1,16,1,5,6,16,6,22,2.65,"VILLE PLATTE POLICE DEPARTMENT                    ","Ville Platte Police Department"
"2861",2005,"LA0190200","Jackson",NA,"LA","West South Central","South","EAST FELICIANA","City","Cities from 2,500 thru 9,999",3873,5,0,5,1,0,1,6,0,6,1.55,"JACKSON POLICE DEPARTMENT                         ","Jackson Police Department"
"2862",2005,"LA0100500","Westlake",NA,"LA","West South Central","South","CALCASIEU","City","Cities from 2,500 thru 9,999",4600,14,4,18,5,2,7,19,6,25,5.43,"WESTLAKE POLICE DEPARTMENT                        ","Westlake Police Department"
"2863",2005,"LA0090200","Vivian",NA,"LA","West South Central","South","CADDO","City","Cities from 2,500 thru 9,999",3902,10,0,10,0,5,5,10,5,15,3.84,"VIVIAN POLICE DEPARTMENT                          ","Vivian Police Department"
"2864",2005,"LA0160100","Mansfield",NA,"LA","West South Central","South","DE SOTO","City","Cities from 2,500 thru 9,999",5506,11,0,11,5,0,5,16,0,16,2.91,"MANSFIELD POLICE DEPARTMENT                       ","Mansfield Police Department"
"2865",2005,"LA0610200","Brusly",NA,"LA","West South Central","South","WEST BATON ROUGE","City","Cities under 2,500",2053,7,0,7,0,1,1,7,1,8,3.9,"BRUSLY POLICE DEPARTMENT                          ","Brusly Police Department"
"2866",2005,"LA0520300","Mandeville",NA,"LA","West South Central","South","ST TAMMANY","City","Cities from 10,000 thru 24,999",11531,29,2,31,7,11,18,36,13,49,4.25,"MANDEVILLE POLICE DEPARTMENT                      ","Mandeville Police Department"
"2867",2005,"LA0570200","Kaplan",NA,"LA","West South Central","South","VERMILION","City","Cities from 2,500 thru 9,999",5141,12,0,12,7,0,7,19,0,19,3.7,"KAPLAN POLICE DEPARTMENT                          ","Kaplan Police Department"
"2868",2005,"LA0550100","Houma",NA,"LA","West South Central","South","TERREBONNE","City","Cities from 25,000 thru 49,999",32078,60,2,62,9,10,19,69,12,81,2.53,"HOUMA POLICE DEPARTMENT                           ","Houma Police Department"
"2869",2005,"LA0290100","Golden Meadow",NA,"LA","West South Central","South","LAFOURCHE","City","Cities under 2,500",2163,4,0,4,1,0,1,5,0,5,2.31,"GOLDEN MEADOW POLICE DEPARTMENT                   ","Golden Meadow Police Department"
"2870",2004,"LA0060000","Beauregard",NA,"LA","West South Central","South","BEAUREGARD","County","Non-MSA counties from 10,000 thru 24,999",24221,42,5,47,7,15,22,49,20,69,2.85,"BEAUREGARD PARISH SHERIFF'S OFFICE                ","Beauregard Parish Sheriff's Office"
"2871",2004,"LA0150000","Concordia",NA,"LA","West South Central","South","CONCORDIA","County","Non-MSA counties from 10,000 thru 24,999",11816,174,0,174,67,0,67,241,0,241,20.4,"CONCORDIA PARISH SHERIFF'S OFFICE                 ","Concordia Parish Sheriff's Office"
"2872",2004,"LA0530100","Hammond",NA,"LA","West South Central","South","TANGIPAHOA","City","Cities from 10,000 thru 24,999",17792,66,10,76,9,15,24,75,25,100,5.62,"HAMMOND POLICE DEPARTMENT                         ","Hammond Police Department"
"2873",2004,"LA0570100","Abbeville",NA,"LA","West South Central","South","VERMILION","City","Cities from 10,000 thru 24,999",11749,32,2,34,7,1,8,39,3,42,3.57,"ABBEVILLE POLICE DEPARTMENT                       ","Abbeville Police Department"
"2874",2004,"LA0640100","Winnfield",NA,"LA","West South Central","South","WINN","City","Cities from 2,500 thru 9,999",5508,16,2,18,0,6,6,16,8,24,4.36,"WINNFIELD POLICE DEPT                             ","Winnfield Police Police Department"
"2875",2004,"LA0100700","Iowa",NA,"LA","West South Central","South","CALCASIEU","City","Cities from 2,500 thru 9,999",2639,9,1,10,2,1,3,11,2,13,4.93,"IOWA POLICE DEPARTMENT                            ","Iowa Police Department"
"2876",2004,"LA0200100","Basile",NA,"LA","West South Central","South","EVANGELINE","City","Cities under 2,500",2387,7,0,7,0,5,5,7,5,12,5.03,"BASILE POLICE DEPARTMENT                          ","Basile Police Department"
"2877",2004,"LA0170300","Zachary",NA,"LA","West South Central","South","EAST BATON ROUGE","City","Cities from 10,000 thru 24,999",11842,24,0,24,12,2,14,36,2,38,3.21,"ZACHARY POLICE DEPARTMENT                         ","Zachary Police Department"
"2878",2004,"LA0550000","Terrebonne",NA,"LA","West South Central","South","TERREBONNE","County","MSA counties from 25,000 thru 99,999",74403,207,10,217,52,19,71,259,29,288,3.87,"TERREBONNE PARISH SHERIFF'S OFFICE                ","Terrebonne Parish Sheriff's Office"
"2879",2004,"LA0320600","Port Vincent",NA,"LA","West South Central","South","LIVINGSTON","City","Cities under 2,500",499,1,0,1,1,0,1,2,0,2,4.01,"PORT VINCENT POLICE DEPT.                         ","Port Vincent Police Police Department"
"2880",2004,"LA0530300","Ponchatoula",NA,"LA","West South Central","South","TANGIPAHOA","City","Cities from 2,500 thru 9,999",5474,16,1,17,1,3,4,17,4,21,3.84,"PONCHATOULA POLICE DEPARTMENT                     ","Ponchatoula Police Department"
"2881",2004,"LA0320100","Denham Springs",NA,"LA","West South Central","South","LIVINGSTON","City","Cities from 2,500 thru 9,999",9244,25,2,27,0,12,12,25,14,39,4.22,"DENHAM SPRINGS POLICE DEPARTMENT                  ","Denham Springs Police Department"
"2882",2004,"LA0620000","West Carroll",NA,"LA","West South Central","South","WEST CARROLL","County","Non-MSA counties from 10,000 thru 24,999",12289,11,8,19,0,0,0,11,8,19,1.55,"WEST CARROLL PARISH SHERIFF'S OFFICE              ","West Carroll Parish Sheriff's Office"
"2883",2004,"LA0140100","Haynesville",NA,"LA","West South Central","South","CLAIBORNE","City","Cities from 2,500 thru 9,999",2572,8,0,8,0,0,0,8,0,8,3.11,"HAYNESVILLE POLICE DEPT                           ","Haynesville Police Police Department"
"2884",2004,"LA0100100","De Quincy",NA,"LA","West South Central","South","CALCASIEU","City","Cities from 2,500 thru 9,999",3324,12,0,12,2,0,2,14,0,14,4.21,"DEQUINCY POLICE DEPARTMENT                        ","Dequincy Police Department"
"2885",2004,"LA0520000","St. Tammany",NA,"LA","West South Central","South","ST TAMMANY","County","MSA counties 100,000 or over",156578,377,27,404,118,82,200,495,109,604,3.86,"ST. TAMMANY PARISH SHERIFF'S OFFICE               ","St. Tammany Parish Sheriff's Office"
"2886",2004,"LA0540000","Tensas",NA,"LA","West South Central","South","TENSAS","County","Non-MSA counties under 10,000",2874,18,53,71,12,60,72,30,113,143,49.76,"TENSAS PARISH SHERIFF'S OFFICE                    ","Tensas Parish Sheriff's Office"
"2887",2004,"LA0030000","Ascension",NA,"LA","West South Central","South","ASCENSION","County","MSA counties from 25,000 thru 99,999",75116,163,1,164,59,2,61,222,3,225,3,"ASCENSION PARISH SHERIFF'S OFFICE                 ","Ascension Parish Sheriff's Office"
"2888",2004,"LA0170200","Baton Rouge",NA,"LA","West South Central","South","EAST BATON ROUGE","City","Cities from 100,000 thru 249,999",226063,516,10,526,73,152,225,589,162,751,3.32,"BATON ROUGE POLICE DEPARTMENT                     ","Baton Rouge Police Department"
"2889",2004,"LA0550100","Houma",NA,"LA","West South Central","South","TERREBONNE","City","Cities from 25,000 thru 49,999",32163,66,0,66,8,11,19,74,11,85,2.64,"HOUMA POLICE DEPARTMENT                           ","Houma Police Department"
"2890",2004,"LA0280400","Duson",NA,"LA","West South Central","South","ACADIA, LAFAYETTE","City","Cities under 2,500",1664,5,0,5,0,0,0,5,0,5,3,"DUSON POLICE DEPARTMENT                           ","Duson Police Department"
"2891",2004,"LA0560000","Union",NA,"LA","West South Central","South","UNION","County","MSA counties from 10,000 thru 24,999",17488,31,4,35,2,9,11,33,13,46,2.63,"UNION PARISH SHERIFF'S OFFICE                     ","Union Parish Sheriff's Office"
"2892",2004,"LA0020100","Kinder",NA,"LA","West South Central","South","ALLEN","City","Cities under 2,500",2138,11,0,11,1,5,6,12,5,17,7.95,"KINDER POLICE DEPARTMENT                          ","Kinder Police Department"
"2893",2004,"LA0500200","St. Martinville",NA,"LA","West South Central","South","ST MARTIN","City","Cities from 2,500 thru 9,999",7023,12,0,12,2,4,6,14,4,18,2.56,"ST. MARTINVILLE POLICE DEPARTMENT                 ","St. Martinville Police Department"
"2894",2004,"LA0520200","Slidell",NA,"LA","West South Central","South","ST TAMMANY","City","Cities from 25,000 thru 49,999",27063,74,3,77,8,21,29,82,24,106,3.92,"SLIDELL POLICE DEPARTMENT                         ","Slidell Police Department"
"2895",2004,"LA0540200","Waterproof",NA,"LA","West South Central","South","TENSAS","City","Cities under 2,500",778,2,0,2,0,0,0,2,0,2,2.57,"WATERPROOF POLICE DEPARTMENT                      ","Waterproof Police Department"
"2896",2004,"LA0230200","Jeanerette",NA,"LA","West South Central","South","IBERIA","City","Cities from 2,500 thru 9,999",5981,8,1,9,1,5,6,9,6,15,2.51,"JEANERETTE POLICE DEPARTMENT                      ","Jeanerette Police Department"
"2897",2004,"LA0420100","Delhi",NA,"LA","West South Central","South","RICHLAND","City","Cities from 2,500 thru 9,999",3125,9,1,10,1,4,5,10,5,15,4.8,"DELHI POLICE DEPARTMENT                           ","Delhi Police Department"
"2898",2004,"LA0310600","Grambling State University",NA,"LA","West South Central","South","LINCOLN","University or College","Cities under 2,500",0,6,2,8,4,4,8,10,6,16,NA,"GRAMBLING STATE UNIVERSITY POLICE DEPT.           ","Grambling State University Police Police Department"
"2899",2004,"LA0380000","Plaquemines",NA,"LA","West South Central","South","PLAQUEMINES","County","MSA counties from 25,000 thru 99,999",28146,79,73,152,10,69,79,89,142,231,8.21,"PLAQUEMINES PARISH SHERIFF'S OFFICE               ","Plaquemines Parish Sheriff's Office"
"2900",2004,"LA0190100","Clinton",NA,"LA","West South Central","South","EAST FELICIANA","City","Cities under 2,500",1966,7,0,7,0,0,0,7,0,7,3.56,"CLINTON POLICE DEPT.                              ","Clinton Police Police Department"
"2901",2004,"LA0100800","McNeese State University",NA,"LA","West South Central","South","CALCASIEU","University or College","Cities under 2,500",0,8,3,11,3,4,7,11,7,18,NA,"MCNEESE STATE UNIVERSITY POLICE                   ","Mcneese State University Police"
"2902",2004,"LA0150100","Ferriday",NA,"LA","West South Central","South","CONCORDIA","City","Cities from 2,500 thru 9,999",3631,10,2,12,1,4,5,11,6,17,4.68,"FERRIDAY POLICE DEPARTMENT                        ","Ferriday Police Department"
"2903",2004,"LA0160100","Mansfield",NA,"LA","West South Central","South","DE SOTO","City","Cities from 2,500 thru 9,999",5510,11,0,11,5,0,5,16,0,16,2.9,"MANSFIELD POLICE DEPARTMENT                       ","Mansfield Police Department"
"2904",2004,"LA0200300","Ville Platte",NA,"LA","West South Central","South","EVANGELINE","City","Cities from 2,500 thru 9,999",8333,20,1,21,2,4,6,22,5,27,3.24,"VILLE PLATTE POLICE DEPARTMENT                    ","Ville Platte Police Department"
"2905",2004,"LA0100500","Westlake",NA,"LA","West South Central","South","CALCASIEU","City","Cities from 2,500 thru 9,999",4623,14,0,14,7,1,8,21,1,22,4.76,"WESTLAKE POLICE DEPARTMENT                        ","Westlake Police Department"
"2906",2004,"LA0560100","Farmerville",NA,"LA","West South Central","South","UNION","City","Cities from 2,500 thru 9,999",3792,8,0,8,4,0,4,12,0,12,3.16,"FARMERVILLE POLICE DEPARTMENT                     ","Farmerville Police Department"
"2907",2004,"LA0530200","Kentwood",NA,"LA","West South Central","South","TANGIPAHOA","City","Cities under 2,500",2183,8,0,8,1,0,1,9,0,9,4.12,"KENTWOOD POLICE DEPARTMENT                        ","Kentwood Police Department"
"2908",2004,"LA0090200","Vivian",NA,"LA","West South Central","South","CADDO","City","Cities from 2,500 thru 9,999",3932,9,0,9,0,7,7,9,7,16,4.07,"VIVIAN POLICE DEPARTMENT                          ","Vivian Police Department"
"2909",2004,"LA0600100","Minden",NA,"LA","West South Central","South","WEBSTER","City","Cities from 10,000 thru 24,999",13371,25,0,25,2,1,3,27,1,28,2.09,"MINDEN POLICE DEPARTMENT                          ","Minden Police Department"
"2910",2004,"LA0600200","Springhill",NA,"LA","West South Central","South","WEBSTER","City","Cities from 2,500 thru 9,999",5269,13,0,13,2,0,2,15,0,15,2.85,"SPRINGHILL POLICE DEPARTMENT                      ","Springhill Police Department"
"2911",2004,"LA0190200","Jackson",NA,"LA","West South Central","South","EAST FELICIANA","City","Cities from 2,500 thru 9,999",3913,20,0,20,0,0,0,20,0,20,5.11,"JACKSON POLICE DEPARTMENT                         ","Jackson Police Department"
"2912",2004,"LA0280500","Youngsville",NA,"LA","West South Central","South","LAFAYETTE","City","Cities from 2,500 thru 9,999",4737,8,0,8,0,2,2,8,2,10,2.11,"YOUNGSVILLE POLICE DEPARTMENT                     ","Youngsville Police Department"
"2913",2004,"LA0340100","Bastrop",NA,"LA","West South Central","South","MOREHOUSE","City","Cities from 10,000 thru 24,999",12818,30,0,30,13,3,16,43,3,46,3.59,"BASTROP POLICE DEPARTMENT                         ","Bastrop Police Department"
"2914",2004,"LA0400600","Glenmora",NA,"LA","West South Central","South","RAPIDES","City","Cities under 2,500",1558,5,0,5,0,0,0,5,0,5,3.21,"GLENMORA POLICE DEPARTMENT                        ","Glenmora Police Department"
"2915",2004,"LA0170400","Louisiana State University:","Baton Rouge","LA","West South Central","South","EAST BATON ROUGE","University or College","Cities under 2,500",0,58,0,58,7,2,9,65,2,67,NA,"LOUISIANA STATE UNIVERSITY POLICE DEPARTMENT      ","Louisiana State University Police Department"
"2916",2004,"LA0470200","Gramercy",NA,"LA","West South Central","South","ST JAMES","City","Cities from 2,500 thru 9,999",3133,7,0,7,1,0,1,8,0,8,2.55,"GRAMERCY POLICE DEPARTMENT                        ","Gramercy Police Department"
"2917",2004,"LA0240200","Plaquemine",NA,"LA","West South Central","South","IBERVILLE","City","Cities from 2,500 thru 9,999",6924,20,2,22,2,4,6,22,6,28,4.04,"PLAQUEMINE POLICE DEPARTMENT                      ","Plaquemine Police Department"
"2918",2004,"LA0361700","Louisiana State University:","Health Sciences Center, New Orleans","LA","West South Central","South","ORLEANS","University or College","Cities under 2,500",0,48,1,49,13,0,13,61,1,62,NA,"LSU HEALTH SCIENCES CENTER POLICE DEPARTMENT      ","Lsu Health Sciences Center Police Department"
"2919",2004,"LA0420000","Richland",NA,"LA","West South Central","South","RICHLAND","County","Non-MSA counties from 10,000 thru 24,999",13453,66,0,66,58,0,58,124,0,124,9.22,"RICHLAND PARISH SHERIFF'S OFFICE                  ","Richland Parish Sheriff's Office"
"2920",2004,"LA0290600","Nicholls State University",NA,"LA","West South Central","South","LAFOURCHE","University or College","Cities under 2,500",0,9,1,10,2,4,6,11,5,16,NA,"NICHOLLS STATE UNIVERSITY POLICE                  ","Nicholls State University Police"
"2921",2004,"LA0170600","Southern University and A&M College:","Baton Rouge","LA","West South Central","South","EAST BATON ROUGE","University or College","Cities under 2,500",0,16,3,19,5,5,10,21,8,29,NA,"SOUTHERN UNIVERSITY AND A & M COLLEGE POLICE      ","Southern University And A & M College Police"
"2922",2004,"LA0260200","Harahan",NA,"LA","West South Central","South","JEFFERSON","City","Cities from 2,500 thru 9,999",9839,21,1,22,6,0,6,27,1,28,2.85,"HARAHAN POLICE DEPARTMENT                         ","Harahan Police Department"
"2923",2004,"LA0190000","East Feliciana",NA,"LA","West South Central","South","EAST FELICIANA","County","MSA counties from 10,000 thru 24,999",14978,25,24,49,4,21,25,29,45,74,4.94,"EAST FELICIANA PARISH SHERIFF'S OFFICE            ","East Feliciana Parish Sheriff's Office"
"2924",2004,"LA0250100","Jonesboro",NA,"LA","West South Central","South","JACKSON","City","Cities from 2,500 thru 9,999",3824,13,4,17,1,1,2,14,5,19,4.97,"JONESBORO POLICE DEPARTMENT                       ","Jonesboro Police Department"
"2925",2004,"LA0580100","Leesville",NA,"LA","West South Central","South","VERNON","City","Cities from 2,500 thru 9,999",6460,18,0,18,10,0,10,28,0,28,4.33,"LEESVILLE POLICE DEPARTMENT                       ","Leesville Police Department"
"2926",2004,"LA0590200","Franklinton",NA,"LA","West South Central","South","WASHINGTON","City","Cities from 2,500 thru 9,999",3657,12,1,13,1,5,6,13,6,19,5.2,"FRANKLINTON POLICE DEPARTMENT                     ","Franklinton Police Department"
"2927",2004,"LA0330100","Tallulah",NA,"LA","West South Central","South","MADISON","City","Cities from 2,500 thru 9,999",8753,9,0,9,7,0,7,16,0,16,1.83,"TALLULAH POLICE DEPT.                             ","Tallulah Police Police Department"
"2928",2004,"LA0280600","Scott",NA,"LA","West South Central","South","LAFAYETTE","City","Cities from 2,500 thru 9,999",7919,16,0,16,1,1,2,17,1,18,2.27,"SCOTT POLICE DEPARTMENT                           ","Scott Police Department"
"2929",2004,"LA0300000","La Salle",NA,"LA","West South Central","South","LA SALLE","County","Non-MSA counties under 10,000",9921,31,0,31,13,2,15,44,2,46,4.64,"LA SALLE PARISH SHERIFF'S OFFICE                  ","La Salle Parish Sheriff's Office"
"2930",2004,"LA0300200","Olla",NA,"LA","West South Central","South","LA SALLE","City","Cities under 2,500",1381,4,0,4,0,0,0,4,0,4,2.9,"OLLA POLICE DEPARTMENT                            ","Olla Police Department"
"2931",2004,"LA0310000","Lincoln",NA,"LA","West South Central","South","LINCOLN","County","Non-MSA counties from 10,000 thru 24,999",16668,38,6,44,4,9,13,42,15,57,3.42,"LINCOLN PARISH SHERIFF'S OFFICE                   ","Lincoln Parish Sheriff's Office"
"2932",2004,"LA0350100","Natchitoches",NA,"LA","West South Central","South","NATCHITOCHES","City","Cities from 10,000 thru 24,999",18191,39,1,40,5,15,20,44,16,60,3.3,"NATCHITOCHES POLICE DEPARTMENT                    ","Natchitoches Police Department"
"2933",2004,"LA0370100","Monroe",NA,"LA","West South Central","South","OUACHITA","City","Cities from 50,000 thru 99,999",52388,157,7,164,21,41,62,178,48,226,4.31,"MONROE POLICE DEPARTMENT                          ","Monroe Police Department"
"2934",2004,"LA0520500","Pearl River",NA,"LA","West South Central","South","ST TAMMANY","City","Cities under 2,500",1940,7,0,7,0,5,5,7,5,12,6.19,"PEARL RIVER POLICE DEPARTMENT                     ","Pearl River Police Department"
"2935",2004,"LA0420200","Rayville",NA,"LA","West South Central","South","RICHLAND","City","Cities from 2,500 thru 9,999",4134,8,0,8,1,0,1,9,0,9,2.18,"RAYVILLE POLICE DEPARTMENT                        ","Rayville Police Department"
"2936",2004,"LA0390000","Pointe Coupee",NA,"LA","West South Central","South","POINTE COUPEE","County","MSA counties from 10,000 thru 24,999",17765,41,35,76,2,27,29,43,62,105,5.91,"POINTE COUPEE PARISH SHERIFF'S OFFICE             ","Pointe Coupee Parish Sheriff's Office"
"2937",2004,"LA0080700","Southern University and A&M College:","Shreveport","LA","West South Central","South","BOSSIER","University or College","Cities under 2,500",0,7,0,7,3,1,4,10,1,11,NA,"SOUTHERN UNIVERSITY AND A & M COLLEGE - SHREVEPORT","Southern University And A & M College - Shreveport"
"2938",2004,"LA0110000","Caldwell",NA,"LA","West South Central","South","CALDWELL","County","Non-MSA counties from 10,000 thru 24,999",10645,18,0,18,3,0,3,21,0,21,1.97,"CALDWELL PARISH SHERIFF'S OFFICE                  ","Caldwell Parish Sheriff's Office"
"2939",2004,"LA0170100","Baker",NA,"LA","West South Central","South","EAST BATON ROUGE","City","Cities from 10,000 thru 24,999",13611,27,0,27,6,0,6,33,0,33,2.42,"BAKER POLICE DEPARTMENT                           ","Baker Police Department"
"2940",2004,"LA0260000","Jefferson",NA,"LA","West South Central","South","JEFFERSON","County","MSA counties 100,000 or over",346245,775,140,915,224,419,643,999,559,1558,4.5,"JEFFERSON PARISH SHERIFF'S OFFICE                 ","Jefferson Parish Sheriff's Office"
"2941",2004,"LA0401300","McNary",NA,"LA","West South Central","South","RAPIDES","City","Cities under 2,500",200,1,0,1,0,0,0,1,0,1,5,"MCNARY POLICE DEPARTMENT                          ","Mcnary Police Department"
"2942",2004,"LA0020200","Oakdale",NA,"LA","West South Central","South","ALLEN","City","Cities from 2,500 thru 9,999",8027,17,0,17,6,0,6,23,0,23,2.87,"OAKDALE POLICE DEPARTMENT                         ","Oakdale Police Department"
"2943",2004,"LA0520100","Covington",NA,"LA","West South Central","South","ST TAMMANY","City","Cities from 2,500 thru 9,999",8807,29,0,29,1,10,11,30,10,40,4.54,"COVINGTON POLICE DEPARTMENT                       ","Covington Police Department"
"2944",2004,"LA0430100","Many",NA,"LA","West South Central","South","SABINE","City","Cities from 2,500 thru 9,999",2820,8,0,8,3,0,3,11,0,11,3.9,"MANY POLICE DEPARTMENT                            ","Many Police Department"
"2945",2004,"LA0400000","Rapides",NA,"LA","West South Central","South","RAPIDES","County","MSA counties from 25,000 thru 99,999",59362,327,38,365,37,67,104,364,105,469,7.9,"RAPIDES PARISH SHERIFF'S OFFICE                   ","Rapides Parish Sheriff's Office"
"2946",2004,"LA0370900","Tensas Basin Levee District",NA,"LA","West South Central","South","OUACHITA","Other State Agency","Cities under 2,500",0,2,0,2,0,1,1,2,1,3,NA,"TENSAS BASIN LEVEE DISTRICT POLICE                ","Tensas Basin Levee District Police"
"2947",2004,"LA0410000","Red River",NA,"LA","West South Central","South","RED RIVER","County","Non-MSA counties under 10,000",7327,30,1,31,6,1,7,36,2,38,5.19,"RED RIVER PARISH SHERIFF'S OFFICE                 ","Red River Parish Sheriff's Office"
"2948",2004,"LA0490100","Eunice",NA,"LA","West South Central","South","ACADIA, ST LANDRY","City","Cities from 10,000 thru 24,999",11636,30,2,32,3,8,11,33,10,43,3.7,"EUNICE POLICE DEPARTMENT                          ","Eunice Police Department"
"2949",2004,"LA0430000","Sabine",NA,"LA","West South Central","South","SABINE","County","Non-MSA counties from 10,000 thru 24,999",20687,44,0,44,24,1,25,68,1,69,3.34,"SABINE PARISH SHERIFF'S OFFICE                    ","Sabine Parish Sheriff's Office"
"2950",2004,"LA0361200","Southern University and A&M College:","New Orleans","LA","West South Central","South","ORLEANS","University or College","Cities under 2,500",0,6,0,6,5,1,6,11,1,12,NA,"SOUTHERN UNIV PD NEW ORLEANS                      ","Southern Univ Police Department New Orleans"
"2951",2004,"LA0310700","Louisiana Tech University",NA,"LA","West South Central","South","LINCOLN","University or College","Cities under 2,500",0,14,0,14,4,2,6,18,2,20,NA,"LOUISIANA TECH UNIVERSITY POLICE                  ","Louisiana Tech University Police"
"2952",2004,"LA0610300","Addis",NA,"LA","West South Central","South","WEST BATON ROUGE","City","Cities under 2,500",2461,7,0,7,0,1,1,7,1,8,3.25,"ADDIS POLICE DEPARTMENT                           ","Addis Police Department"
"2953",2004,"LA0010100","Crowley",NA,"LA","West South Central","South","ACADIA","City","Cities from 10,000 thru 24,999",14000,26,0,26,8,1,9,34,1,35,2.5,"CROWLEY POLICE DEPARTMENT                         ","Crowley Police Department"
"2954",2004,"LA0500100","Breaux Bridge",NA,"LA","West South Central","South","ST MARTIN","City","Cities from 2,500 thru 9,999",7537,11,0,11,4,6,10,15,6,21,2.79,"BREAUX BRIDGE POLICE DEPARTMENT                   ","Breaux Bridge Police Department"
"2955",2004,"LA0250000","Jackson",NA,"LA","West South Central","South","JACKSON","County","Non-MSA counties from 10,000 thru 24,999",11501,28,0,28,9,0,9,37,0,37,3.22,"JACKSON PARISH SHERIFF'S OFFICE                   ","Jackson Parish Sheriff's Office"
"2956",2004,"LA0370200","West Monroe",NA,"LA","West South Central","South","OUACHITA","City","Cities from 10,000 thru 24,999",13074,55,2,57,16,2,18,71,4,75,5.74,"WEST MONROE POLICE DEPARTMENT                     ","West Monroe Police Department"
"2957",2004,"LA0060100","De Ridder",NA,"LA","West South Central","South","BEAUREGARD, VERNON","City","Cities from 2,500 thru 9,999",9800,21,0,21,0,6,6,21,6,27,2.76,"DERIDDER POLICE DEPARTMENT                        ","Deridder Police Department"
"2958",2004,"LA0370500","Richwood",NA,"LA","West South Central","South","OUACHITA","City","Cities under 2,500",2114,6,0,6,1,5,6,7,5,12,5.68,"RICHWOOD POLICE DEPARTMENT                        ","Richwood Police Department"
"2959",2004,"LA0090000","Caddo",NA,"LA","West South Central","South","CADDO","County","MSA counties from 25,000 thru 99,999",46988,338,30,368,75,181,256,413,211,624,13.28,"CADDO PARISH SHERIFF'S OFFICE                     ","Caddo Parish Sheriff's Office"
"2960",2004,"LA0500000","St. Martin",NA,"LA","West South Central","South","ST MARTIN","County","MSA counties from 25,000 thru 99,999",34904,75,57,132,43,53,96,118,110,228,6.53,"ST. MARTIN PARISH SHERIFF'S OFFICE                ","St. Martin Parish Sheriff's Office"
"2961",2004,"LA0540300","St. Joseph",NA,"LA","West South Central","South","TENSAS","City","Cities under 2,500",1227,3,0,3,0,0,0,3,0,3,2.44,"ST. JOSEPH POLICE DEPARTMENT                      ","St. Joseph Police Department"
"2962",2004,"LA0020000","Allen",NA,"LA","West South Central","South","ALLEN","County","Non-MSA counties from 10,000 thru 24,999",13345,20,13,33,2,11,13,22,24,46,3.45,"ALLEN PARISH SHERIFF'S OFFICE                     ","Allen Parish Sheriff's Office"
"2963",2004,"LA0010000","Acadia",NA,"LA","West South Central","South","ACADIA","County","Non-MSA counties from 25,000 thru 99,999",30211,82,9,91,28,11,39,110,20,130,4.3,"ACADIA PARISH SHERIFF'S OFFICE                    ","Acadia Parish Sheriff's Office"
"2964",2004,"LA0140200","Homer",NA,"LA","West South Central","South","CLAIBORNE","City","Cities from 2,500 thru 9,999",3620,8,0,8,1,0,1,9,0,9,2.49,"HOMER POLICE DEPARTMENT                           ","Homer Police Department"
"2965",2004,"LA0070000","Bienville",NA,"LA","West South Central","South","BIENVILLE","County","Non-MSA counties from 10,000 thru 24,999",15386,29,0,29,12,1,13,41,1,42,2.73,"BIENVILLE PARISH SHERIFF'S OFFICE                 ","Bienville Parish Sheriff's Office"
"2966",2004,"LA0610000","West Baton Rouge",NA,"LA","West South Central","South","WEST BATON ROUGE","County","MSA counties from 10,000 thru 24,999",12169,93,13,106,16,31,47,109,44,153,12.57,"WEST BATON ROUGE PARISH SHERIFF'S OFFICE          ","West Baton Rouge Parish Sheriff's Office"
"2967",2004,"LA0080400","Haughton",NA,"LA","West South Central","South","BOSSIER","City","Cities from 2,500 thru 9,999",2814,7,0,7,0,0,0,7,0,7,2.49,"HAUGHTON POLICE DEPARTMENT                        ","Haughton Police Department"
"2968",2004,"LA0280300","Lafayette",NA,"LA","West South Central","South","LAFAYETTE","City","Cities from 100,000 thru 249,999",112150,227,3,230,16,52,68,243,55,298,2.66,"LAFAYETTE POLICE DEPARTMENT                       ","Lafayette Police Department"
"2969",2004,"LA0270300","Lake Arthur",NA,"LA","West South Central","South","JEFFERSON DAVIS","City","Cities from 2,500 thru 9,999",2929,4,0,4,5,0,5,9,0,9,3.07,"LAKE ARTHUR POLICE DEPARTMENT                     ","Lake Arthur Police Department"
"2970",2004,"LA0220500","Pollock",NA,"LA","West South Central","South","GRANT","City","Cities under 2,500",370,2,0,2,0,0,0,2,0,2,5.41,"POLLOCK POLICE DEPARTMENT                         ","Pollock Police Department"
"2971",2004,"LA0530000","Tangipahoa",NA,"LA","West South Central","South","TANGIPAHOA","County","Non-MSA counties from 25,000 thru 99,999",72163,183,7,190,34,35,69,217,42,259,3.59,"TANGIPAHOA PARISH SHERIFF'S OFFICE                ","Tangipahoa Parish Sheriff's Office"
"2972",2004,"LA0490500","Washington",NA,"LA","West South Central","South","ST LANDRY","City","Cities under 2,500",1069,5,0,5,0,0,0,5,0,5,4.68,"WASHINGTON POLICE DEPARTMENT                      ","Washington Police Department"
"2973",2004,"LA0630000","West Feliciana",NA,"LA","West South Central","South","WEST FELICIANA","County","MSA counties from 10,000 thru 24,999",13622,37,15,52,3,18,21,40,33,73,5.36,"WEST FELICIANA PARISH SHERIFF'S OFFICE            ","West Feliciana Parish Sheriff's Office"
"2974",2004,"LA0480000","St. John the Baptist",NA,"LA","West South Central","South","ST JOHN THE BAPTIST","County","MSA counties from 25,000 thru 99,999",45010,85,72,157,3,50,53,88,122,210,4.67,"ST. JOHN THE BAPTIST PARISH SHERIFF'S OFFICE      ","St. John The Baptist Parish Sheriff's Office"
"2975",2004,"LA0270400","Welsh",NA,"LA","West South Central","South","JEFFERSON DAVIS","City","Cities from 2,500 thru 9,999",3327,8,2,10,0,2,2,8,4,12,3.61,"WELSH POLICE DEPARTMENT                           ","Welsh Police Department"
"2976",2004,"LA0040000","Assumption",NA,"LA","West South Central","South","ASSUMPTION","County","Non-MSA counties from 10,000 thru 24,999",22668,33,17,50,13,14,27,46,31,77,3.4,"ASSUMPTION PARISH SHERIFF'S OFFICE                ","Assumption Parish Sheriff's Office"
"2977",2004,"LA0150200","Vidalia",NA,"LA","West South Central","South","CONCORDIA","City","Cities from 2,500 thru 9,999",4368,14,1,15,4,4,8,18,5,23,5.27,"VIDALIA POLICE DEPARTMENT                         ","Vidalia Police Department"
"2978",2004,"LA0200000","Evangeline",NA,"LA","West South Central","South","EVANGELINE","County","Non-MSA counties from 10,000 thru 24,999",21128,18,14,32,1,24,25,19,38,57,2.7,"EVANGELINE PARISH SHERIFF'S OFFICE                ","Evangeline Parish Sheriff's Office"
"2979",2004,"LA0260300","Kenner",NA,"LA","West South Central","South","JEFFERSON","City","Cities from 50,000 thru 99,999",70505,160,18,178,15,47,62,175,65,240,3.4,"KENNER POLICE DEPARTMENT                          ","Kenner Police Department"
"2980",2004,"LA0320700","French Settlement",NA,"LA","West South Central","South","LIVINGSTON","City","Cities under 2,500",1013,2,0,2,0,0,0,2,0,2,1.97,"FRENCH SETTLEMENT POLICE DEPARTMENT               ","French Settlement Police Department"
"2981",2004,"LA0290500","Thibodaux",NA,"LA","West South Central","South","LAFOURCHE","City","Cities from 10,000 thru 24,999",14526,52,2,54,8,5,13,60,7,67,4.61,"THIBODAUX POLICE DEPARTMENT                       ","Thibodaux Police Department"
"2982",2004,"LA0030300","Sorrento",NA,"LA","West South Central","South","ASCENSION","City","Cities under 2,500",1298,4,0,4,0,1,1,4,1,5,3.85,"SORRENTO POLICE DEPARTMENT                        ","Sorrento Police Department"
"2983",2004,"LA0220000","Grant",NA,"LA","West South Central","South","GRANT","County","MSA counties from 10,000 thru 24,999",18599,40,0,40,14,0,14,54,0,54,2.9,"GRANT PARISH SHERIFF'S OFFICE                     ","Grant Parish Sheriff's Office"
"2984",2004,"LA0520300","Mandeville",NA,"LA","West South Central","South","ST TAMMANY","City","Cities from 10,000 thru 24,999",11526,28,2,30,8,13,21,36,15,51,4.42,"MANDEVILLE POLICE DEPARTMENT                      ","Mandeville Police Department"
"2985",2004,"LA0171100","Department of Public Safety State Capitol Detail",NA,"LA","West South Central","South","EAST BATON ROUGE","Other State Agency","Cities under 2,500",0,39,1,40,4,13,17,43,14,57,NA,"DEPT PUB SFTY ST CAP DTL                          ","Police Department Pub Sfty St Cap Dtl"
"2986",2004,"LA0570200","Kaplan",NA,"LA","West South Central","South","VERMILION","City","Cities from 2,500 thru 9,999",5126,11,0,11,8,0,8,19,0,19,3.71,"KAPLAN POLICE DEPARTMENT                          ","Kaplan Police Department"
"2987",2004,"LA0610200","Brusly",NA,"LA","West South Central","South","WEST BATON ROUGE","City","Cities under 2,500",2009,6,0,6,0,1,1,6,1,7,3.48,"BRUSLY POLICE DEPARTMENT                          ","Brusly Police Department"
"2988",2004,"LA0080100","Bossier City",NA,"LA","West South Central","South","BOSSIER","City","Cities from 50,000 thru 99,999",58362,168,2,170,18,39,57,186,41,227,3.89,"BOSSIER CITY POLICE DEPT                          ","Bossier City Police Police Department"
"2989",2004,"LA0530800","Tickfaw",NA,"LA","West South Central","South","TANGIPAHOA","City","Cities under 2,500",627,6,0,6,0,0,0,6,0,6,9.57,"TICKFAW POLICE DEPARTMENT                         ","Tickfaw Police Department"
"2990",2004,"LA0360200","Delgado Community College",NA,"LA","West South Central","South","ORLEANS","University or College","Cities under 2,500",0,21,1,22,4,9,13,25,10,35,NA,"DELGADO COMMUNITY COLLEGE POLICE                  ","Delgado Community College Police"
"2991",2004,"LA0310100","Dubach",NA,"LA","West South Central","South","LINCOLN","City","Cities under 2,500",815,2,0,2,0,0,0,2,0,2,2.45,"DUBACH POLICE DEPT                                ","Dubach Police Police Department"
"2992",2004,"LA0570000","Vermilion",NA,"LA","West South Central","South","VERMILION","County","Non-MSA counties from 25,000 thru 99,999",35391,45,29,74,3,19,22,48,48,96,2.71,"VERMILION PARISH SHERIFF'S OFFICE                 ","Vermilion Parish Sheriff's Office"
"2993",2004,"LA0260100","Gretna",NA,"LA","West South Central","South","JEFFERSON","City","Cities from 10,000 thru 24,999",17254,70,4,74,18,10,28,88,14,102,5.91,"GRETNA POLICE DEPARTMENT                          ","Gretna Police Department"
"2994",2004,"LA0600000","Webster",NA,"LA","West South Central","South","WEBSTER","County","Non-MSA counties from 10,000 thru 24,999",21339,91,0,91,34,0,34,125,0,125,5.86,"WEBSTER PARISH SHERIFF'S OFFICE                   ","Webster Parish Sheriff's Office"
"2995",2004,"LA0080500","Louisiana State University:","Health Sciences Center, Shreveport","LA","West South Central","South","BOSSIER","University or College","Cities under 2,500",0,34,5,39,7,13,20,41,18,59,NA,"LOUISIANA STATE UNIVERSITY HEALTH SCIENCES CENTER ","Louisiana State University Health Sciences Center"
"2996",2004,"LA0180100","Lake Providence",NA,"LA","West South Central","South","EAST CARROLL","City","Cities from 2,500 thru 9,999",4772,4,0,4,5,0,5,9,0,9,1.89,"LAKE PROVIDENCE POLICE DEPARTMENT                 ","Lake Providence Police Department"
"2997",2004,"LA0050300","Simmesport",NA,"LA","West South Central","South","AVOYELLES","City","Cities under 2,500",2228,5,0,5,0,0,0,5,0,5,2.24,"SIMMESPORT POLICE DEPT.                           ","Simmesport Police Police Department"
"2998",2004,"LA036209E","Tulane University",NA,"LA","West South Central","South","ORLEANS","University or College","Cities under 2,500",0,31,6,37,6,9,15,37,15,52,NA,NA,"Tulane University"
"2999",2004,"LA0460000","St. Helena",NA,"LA","West South Central","South","ST HELENA","County","MSA counties from 10,000 thru 24,999",10352,17,14,31,2,20,22,19,34,53,5.12,"ST. HELENA PARISH SHERIFF'S OFFICE                ","St. Helena Parish Sheriff's Office"
"3000",2004,"LA0560200","Bernice",NA,"LA","West South Central","South","UNION","City","Cities under 2,500",1785,4,0,4,1,0,1,5,0,5,2.8,"BERNICE POLICE DEPARTMENT                         ","Bernice Police Department"
"3001",2004,"LA0280000","Lafayette",NA,"LA","West South Central","South","LAFAYETTE","County","MSA counties from 25,000 thru 99,999",62619,267,48,315,66,105,171,333,153,486,7.76,"LAFAYETTE PARISH SHERIFF'S OFFICE                 ","Lafayette Parish Sheriff's Office"
"3002",2004,"LA0390100","New Roads",NA,"LA","West South Central","South","POINTE COUPEE","City","Cities from 2,500 thru 9,999",4897,18,1,19,2,1,3,20,2,22,4.49,"NEW ROADS POLICE DEPARTMENT                       ","New Roads Police Department"
"3003",2004,"LA0490200","Opelousas",NA,"LA","West South Central","South","ST LANDRY","City","Cities from 10,000 thru 24,999",22851,48,1,49,6,14,20,54,15,69,3.02,"OPELOUSAS POLICE DEPARTMENT                       ","Opelousas Police Department"
"3004",2004,"LA0370300","Sterlington",NA,"LA","West South Central","South","OUACHITA","City","Cities under 2,500",1257,5,0,5,0,1,1,5,1,6,4.77,"STERLINGTON POLICE DEPARTMENT                     ","Sterlington Police Department"
"3005",2004,"LA0320000","Livingston",NA,"LA","West South Central","South","LIVINGSTON","County","MSA counties from 25,000 thru 99,999",91731,130,0,130,68,0,68,198,0,198,2.16,"LIVINGSTON PARISH SHERIFF'S OFFICE                ","Livingston Parish Sheriff's Office"
"3006",2004,"LA0590000","Washington",NA,"LA","West South Central","South","WASHINGTON","County","Non-MSA counties from 25,000 thru 99,999",27475,79,7,86,8,21,29,87,28,115,4.19,"WASHINGTON PARISH SHERIFF'S OFFICE                ","Washington Parish Sheriff's Office"
"3007",2004,"LA0600800","Dixie Inn",NA,"LA","West South Central","South","WEBSTER","City","Cities under 2,500",345,3,0,3,0,0,0,3,0,3,8.7,"DIXIE INN POLICE DEPARTMENT                       ","Dixie Inn Police Department"
"3008",2004,"LA0590100","Bogalusa",NA,"LA","West South Central","South","WASHINGTON","City","Cities from 10,000 thru 24,999",13005,32,9,41,4,14,18,36,23,59,4.54,"BOGALUSA POLICE DEPARTMENT                        ","Bogalusa Police Department"
"3009",2004,"LA0610100","Port Allen",NA,"LA","West South Central","South","WEST BATON ROUGE","City","Cities from 2,500 thru 9,999",5172,16,0,16,1,4,5,17,4,21,4.06,"PORT ALLEN POLICE DEPARTMENT                      ","Port Allen Police Department"
"3010",2004,"LA0340000","Morehouse",NA,"LA","West South Central","South","MOREHOUSE","County","Non-MSA counties from 10,000 thru 24,999",17986,81,0,81,48,0,48,129,0,129,7.17,"MOREHOUSE PARISH SHERIFF'S OFFICE                 ","Morehouse Parish Sheriff's Office"
"3011",2004,"LA0360300","University of New Orleans",NA,"LA","West South Central","South","ORLEANS","University or College","Cities under 2,500",0,18,2,20,5,6,11,23,8,31,NA,"UNIVERSITY OF NEW ORLEANS POLICE DEPT.            ","University Of New Orleans Police Police Department"
"3012",2004,"LA0510500","Baldwin",NA,"LA","West South Central","South","ST MARY","City","Cities from 2,500 thru 9,999",2694,5,0,5,2,1,3,7,1,8,2.97,"BALDWIN POLICE DEPARTMENT                         ","Baldwin Police Department"
"3013",2004,"LA0540100","Newellton",NA,"LA","West South Central","South","TENSAS","City","Cities under 2,500",1395,1,0,1,0,0,0,1,0,1,0.72,"NEWELLTON POLICE DEPARTMENT                       ","Newellton Police Department"
"3014",2004,"LA0290000","Lafourche",NA,"LA","West South Central","South","LAFOURCHE","County","MSA counties from 25,000 thru 99,999",72368,177,30,207,69,55,124,246,85,331,4.57,"LAFOURCHE PARISH SHERIFF'S OFFICE                 ","Lafourche Parish Sheriff's Office"
"3015",2004,"LA0640000","Winn",NA,"LA","West South Central","South","WINN","County","Non-MSA counties from 10,000 thru 24,999",10960,20,0,20,5,0,5,25,0,25,2.28,"WINN PARISH SHERIFF'S OFFICE                      ","Winn Parish Sheriff's Office"
"3016",2004,"LA0280100","Broussard",NA,"LA","West South Central","South","LAFAYETTE, ST MARTIN","City","Cities from 2,500 thru 9,999",6341,15,0,15,0,4,4,15,4,19,3,"BROUSSARD POLICE DEPARTMENT                       ","Broussard Police Department"
"3017",2004,"LA0490000","St. Landry",NA,"LA","West South Central","South","ST LANDRY","County","Non-MSA counties from 25,000 thru 99,999",46891,90,0,90,55,0,55,145,0,145,3.09,"ST. LANDRY PARISH SHERIFF'S OFFICE                ","St. Landry Parish Sheriff's Office"
"3018",2004,"LA0210000","Franklin",NA,"LA","West South Central","South","FRANKLIN","County","Non-MSA counties from 10,000 thru 24,999",20950,63,0,63,17,0,17,80,0,80,3.82,"FRANKLIN PARISH SHERIFF'S OFFICE                  ","Franklin Parish Sheriff's Office"
"3019",2004,"LA0290100","Golden Meadow",NA,"LA","West South Central","South","LAFOURCHE","City","Cities under 2,500",2160,5,0,5,1,0,1,6,0,6,2.78,"GOLDEN MEADOW POLICE DEPARTMENT                   ","Golden Meadow Police Department"
"3020",2004,"LA0100000","Calcasieu",NA,"LA","West South Central","South","CALCASIEU","County","MSA counties from 25,000 thru 99,999",79841,429,44,473,126,105,231,555,149,704,8.82,"CALCASIEU PARISH SHERIFF'S OFFICE                 ","Calcasieu Parish Sheriff's Office"
"3021",2004,"LA0530400","Amite",NA,"LA","West South Central","South","TANGIPAHOA","City","Cities from 2,500 thru 9,999",4082,15,0,15,2,0,2,17,0,17,4.16,"AMITE POLICE DEPARTMENT                           ","Amite Police Department"
"3022",2004,"LA0330000","Madison",NA,"LA","West South Central","South","MADISON","County","Non-MSA counties under 10,000",4383,54,0,54,10,0,10,64,0,64,14.6,"MADISON PARISH SHERIFF'S OFFICE                   ","Madison Parish Sheriff's Office"
"3023",2004,"LA0010300","Church Point",NA,"LA","West South Central","South","ACADIA","City","Cities from 2,500 thru 9,999",4724,9,0,9,8,0,8,17,0,17,3.6,"CHURCH POINT POLICE DEPARTMENT                    ","Church Point Police Department"
"3024",2004,"LA0270000","Jefferson Davis",NA,"LA","West South Central","South","JEFFERSON DAVIS","County","Non-MSA counties from 10,000 thru 24,999",12984,30,1,31,8,7,15,38,8,46,3.54,"JEFFERSON DAVIS PARISH SHERIFF'S OFFICE           ","Jefferson Davis Parish Sheriff's Office"
"3025",2004,"LA0310300","Grambling",NA,"LA","West South Central","South","LINCOLN","City","Cities from 2,500 thru 9,999",4390,10,0,10,2,6,8,12,6,18,4.1,"GRAMBLING POLICE DEPARTMENT                       ","Grambling Police Department"
"3026",2004,"LA0410100","Coushatta",NA,"LA","West South Central","South","RED RIVER","City","Cities under 2,500",2238,4,0,4,2,0,2,6,0,6,2.68,"COUSHATTA POLICE DEPARTMENT                       ","Coushatta Police Department"
"3027",2004,"LA0310200","Ruston",NA,"LA","West South Central","South","LINCOLN","City","Cities from 10,000 thru 24,999",20723,38,1,39,2,7,9,40,8,48,2.32,"RUSTON POLICE DEPARTMENT                          ","Ruston Police Department"
"3028",2004,"LA0570400","Erath",NA,"LA","West South Central","South","VERMILION","City","Cities under 2,500",2190,6,0,6,2,4,6,8,4,12,5.48,"ERATH POLICE DEPARTMENT                           ","Erath Police Department"
"3029",2004,"LA0400100","Alexandria",NA,"LA","West South Central","South","RAPIDES","City","Cities from 25,000 thru 49,999",45846,138,3,141,9,31,40,147,34,181,3.95,"ALEXANDRIA POLICE DEPARTMENT                      ","Alexandria Police Department"
"3030",2004,"LA0030200","Gonzales",NA,"LA","West South Central","South","ASCENSION","City","Cities from 2,500 thru 9,999",8375,26,0,26,4,0,4,30,0,30,3.58,"GONZALES POLICE DEPARTMENT                        ","Gonzales Police Department"
"3031",2004,"LA0240600","St. Gabriel",NA,"LA","West South Central","South","IBERVILLE","City","Cities from 2,500 thru 9,999",5551,8,0,8,5,1,6,13,1,14,2.52,"ST. GABRIEL POLICE DEPARTMENT                     ","St. Gabriel Police Department"
"3032",2004,"LA0100200","Lake Charles",NA,"LA","West South Central","South","CALCASIEU","City","Cities from 50,000 thru 99,999",71041,141,3,144,38,8,46,179,11,190,2.67,"LAKE CHARLES POLICE DEPARTMENT                    ","Lake Charles Police Department"
"3033",2004,"LANPD0000","New Orleans",NA,"LA","West South Central","South","ORLEANS","City","Cities from 250,000 thru 499,999",471057,1343,51,1394,318,358,676,1661,409,2070,4.39,"NEW ORLEANS POLICE DEPARTMENT                     ","New Orleans Police Department"
"3034",2004,"LA0130000","Catahoula",NA,"LA","West South Central","South","CATAHOULA","County","Non-MSA counties from 10,000 thru 24,999",10227,16,61,77,5,14,19,21,75,96,9.39,"CATAHOULA PARISH SHERIFF'S OFFICE                 ","Catahoula Parish Sheriff's Office"
"3035",2004,"LALSP0000","State Police",NA,"LA","West South Central","South","UNMAPPED COUNTY","State Police","Non-MSA counties under 10,000",0,1153,96,1249,46,397,443,1199,493,1692,NA,"LOUISIANA STATE POLICE                            ","Louisiana State Police"
"3036",2004,"LA0100400","Vinton",NA,"LA","West South Central","South","CALCASIEU","City","Cities from 2,500 thru 9,999",3229,11,0,11,5,1,6,16,1,17,5.26,"VINTON POLICE DEPARTMENT                          ","Vinton Police Department"
"3037",2004,"LA0510200","Franklin",NA,"LA","West South Central","South","ST MARY","City","Cities from 2,500 thru 9,999",8094,10,1,11,9,1,10,19,2,21,2.59,"FRANKLIN POLICE DEPARTMENT                        ","Franklin Police Department"
"3038",2004,"LA0490600","Port Barre",NA,"LA","West South Central","South","ST LANDRY","City","Cities under 2,500",2300,6,1,7,2,5,7,8,6,14,6.09,"PORT BARRE POLICE DEPT                            ","Port Barre Police Police Department"
"3039",2004,"LA0630100","St. Francisville",NA,"LA","West South Central","South","WEST FELICIANA","City","Cities under 2,500",1679,7,0,7,0,1,1,7,1,8,4.76,"ST. FRANCISVILLE POLICE DEPARTMENT                ","St. Francisville Police Department"
"3040",2004,"LA0530900","Southeastern Louisiana University",NA,"LA","West South Central","South","TANGIPAHOA","University or College","Cities under 2,500",0,21,2,23,2,7,9,23,9,32,NA,"SOUTHEASTERN LOUISIANA UNIVERSITY POLICE          ","Southeastern Louisiana University Police"
"3041",2004,"LA0510100","Berwick",NA,"LA","West South Central","South","ST MARY","City","Cities from 2,500 thru 9,999",4369,8,0,8,2,0,2,10,0,10,2.29,"BERWICK POLICE DEPARTMENT                         ","Berwick Police Department"
"3042",2004,"LA0530500","Independence",NA,"LA","West South Central","South","TANGIPAHOA","City","Cities under 2,500",1718,7,0,7,0,0,0,7,0,7,4.07,"INDEPENDENCE POLICE DEPARTMENT                    ","Independence Police Department"
"3043",2004,"LA0580000","Vernon",NA,"LA","West South Central","South","VERNON","County","Non-MSA counties from 25,000 thru 99,999",41783,94,1,95,43,1,44,137,2,139,3.33,"VERNON PARISH SHERIFF'S OFFICE                    ","Vernon Parish Sheriff's Office"
"3044",2004,"LA0510300","Morgan City",NA,"LA","West South Central","South","ST MARY","City","Cities from 10,000 thru 24,999",12335,25,2,27,20,9,29,45,11,56,4.54,"MORGAN CITY POLICE DEPARTMENT                     ","Morgan City Police Department"
"3045",2004,"LA0351000","Northwestern State University",NA,"LA","West South Central","South","NATCHITOCHES","University or College","Cities under 2,500",0,13,0,13,1,3,4,14,3,17,NA,"NORTHWESTERN STATE UNIVERSITY OF LOUISIANA POLICE ","Northwestern State University Of Louisiana Police"
"3046",2004,"LA0520600","Abita Springs",NA,"LA","West South Central","South","ST TAMMANY","City","Cities under 2,500",2121,5,0,5,1,1,2,6,1,7,3.3,"ABITA SPRINGS PD                                  ","Abita Springs Police Department"
"3047",2004,"LA0370000","Ouachita",NA,"LA","West South Central","South","OUACHITA","County","MSA counties from 25,000 thru 99,999",79704,241,0,241,129,0,129,370,0,370,4.64,"OUACHITA PARISH SHERIFF'S OFFICE                  ","Ouachita Parish Sheriff's Office"
"3048",2004,"LA0510000","St. Mary",NA,"LA","West South Central","South","ST MARY","County","Non-MSA counties from 10,000 thru 24,999",19913,84,10,94,39,17,56,123,27,150,7.53,"ST. MARY PARISH SHERIFF'S OFFICE                  ","St. Mary Parish Sheriff's Office"
"3049",2004,"LA0470000","St. James",NA,"LA","West South Central","South","ST JAMES","County","Non-MSA counties from 10,000 thru 24,999",18076,56,7,63,14,18,32,70,25,95,5.26,"ST. JAMES PARISH SHERIFF'S OFFICE                 ","St. James Parish Sheriff's Office"
"3050",2004,"LA0300100","Jena",NA,"LA","West South Central","South","LA SALLE","City","Cities from 2,500 thru 9,999",2938,6,0,6,0,1,1,6,1,7,2.38,"JENA POLICE DEPARTMENT                            ","Jena Police Department"
"3051",2004,"LA0450000","St. Charles",NA,"LA","West South Central","South","ST CHARLES","County","MSA counties from 25,000 thru 99,999",49566,207,10,217,40,95,135,247,105,352,7.1,"ST. CHARLES PARISH SHERIFF'S OFFICE               ","St. Charles Parish Sheriff's Office"
"3052",2004,"LA0400200","Pineville",NA,"LA","West South Central","South","RAPIDES","City","Cities from 10,000 thru 24,999",13918,46,1,47,3,7,10,49,8,57,4.1,"PINEVILLE POLICE DEPARTMENT                       ","Pineville Police Department"
"3053",2004,"LA0270200","Jennings",NA,"LA","West South Central","South","JEFFERSON DAVIS","City","Cities from 10,000 thru 24,999",10758,17,3,20,4,8,12,21,11,32,2.97,"JENNINGS POLICE DEPARTMENT                        ","Jennings Police Department"
"3054",2004,"LA0350000","Natchitoches",NA,"LA","West South Central","South","NATCHITOCHES","County","Non-MSA counties from 10,000 thru 24,999",20980,41,6,47,13,1,14,54,7,61,2.91,"NATCHITOCHES PARISH SHERIFF'S OFFICE              ","Natchitoches Parish Sheriff's Office"
"3055",2004,"LA0370400","University of Louisiana:","Monroe","LA","West South Central","South","OUACHITA","University or College","Cities under 2,500",0,20,1,21,1,5,6,21,6,27,NA,"UNIVERSITY OF LOUISIANA - MONROE POLICE           ","University Of Louisiana - Monroe Police"
"3056",2004,"LA0170000","East Baton Rouge",NA,"LA","West South Central","South","EAST BATON ROUGE","County","MSA counties 100,000 or over",162714,562,2,564,160,116,276,722,118,840,5.16,"EAST BATON ROUGE PARISH SHERIFF'S OFFICE          ","East Baton Rouge Parish Sheriff's Office"
"3057",2004,"LA0080600","Louisiana State University:","Shreveport","LA","West South Central","South","BOSSIER","University or College","Cities under 2,500",0,9,0,9,0,1,1,9,1,10,NA,"LOUISIANA STATE UNIVERSITY - SHREVEPORT POLICE    ","Louisiana State University - Shreveport Police"
"3058",2004,"LA0180000","East Carroll",NA,"LA","West South Central","South","EAST CARROLL","County","Non-MSA counties under 10,000",4264,136,3,139,53,17,70,189,20,209,49.02,"EAST CARROLL PARISH SHERIFF'S OFFICE              ","East Carroll Parish Sheriff's Office"
"3059",2004,"LA0260400","Westwego",NA,"LA","West South Central","South","JEFFERSON","City","Cities from 10,000 thru 24,999",10572,35,0,35,4,1,5,39,1,40,3.78,"WESTWEGO POLICE DEPARTMENT                        ","Westwego Police Department"
"3060",2004,"LA0080000","Bossier",NA,"LA","West South Central","South","BOSSIER","County","MSA counties from 25,000 thru 99,999",40442,209,0,209,51,0,51,260,0,260,6.43,"BOSSIER PARISH SHERIFF'S OFFICE                   ","Bossier Parish Sheriff's Office"
"3061",2004,"LA0140000","Claiborne",NA,"LA","West South Central","South","CLAIBORNE","County","Non-MSA counties from 10,000 thru 24,999",10413,18,32,50,6,35,41,24,67,91,8.74,"CLAIBORNE PARISH SHERIFF'S OFFICE                 ","Claiborne Parish Sheriff's Office"
"3062",2004,"LA0090100","Shreveport",NA,"LA","West South Central","South","BOSSIER, CADDO","City","Cities from 100,000 thru 249,999",199221,451,30,481,81,126,207,532,156,688,3.45,"SHREVEPORT POLICE DEPARTMENT                      ","Shreveport Police Department"
"3063",2004,"LA0090400","Blanchard",NA,"LA","West South Central","South","CADDO","City","Cities under 2,500",2105,4,0,4,0,0,0,4,0,4,1.9,"BLANCHARD POLICE DEPARTMENT                       ","Blanchard Police Department"
"3064",2004,"LA0160800","Stonewall",NA,"LA","West South Central","South","DE SOTO","City","Cities under 2,500",1865,2,0,2,0,0,0,2,0,2,1.07,"STONEWALL POLICE DEPARTMENT                       ","Stonewall Police Department"
"3065",2004,"LA0600400","Cullen",NA,"LA","West South Central","South","WEBSTER","City","Cities under 2,500",1259,3,0,3,1,0,1,4,0,4,3.18,"CULLEN POLICE DEPARTMENT                          ","Cullen Police Department"
"3066",2004,"LA0120000","Cameron",NA,"LA","West South Central","South","CAMERON","County","MSA counties under 10,000",9750,47,4,51,1,16,17,48,20,68,6.97,"CAMERON PARISH SHERIFF'S OFFICE                   ","Cameron Parish Sheriff's Office"
"3067",2004,"LA0100300","Sulphur",NA,"LA","West South Central","South","CALCASIEU","City","Cities from 10,000 thru 24,999",19987,39,5,44,4,10,14,43,15,58,2.9,"SULPHUR POLICE DEPARTMENT                         ","Sulphur Police Department"
"3068",2004,"LA0160000","De Soto",NA,"LA","West South Central","South","DE SOTO","County","MSA counties from 10,000 thru 24,999",18727,58,0,58,16,9,25,74,9,83,4.43,"DE SOTO PARISH SHERIFF'S OFFICE                   ","De Soto Parish Sheriff's Office"
"3069",2003,"LA0360200","Delgado Community College",NA,"LA","West South Central","South","ORLEANS","University or College","Cities under 2,500",0,21,1,22,5,9,14,26,10,36,NA,"DELGADO COMMUNITY COLLEGE POLICE                  ","Delgado Community College Police"
"3070",2003,"LA0260100","Gretna",NA,"LA","West South Central","South","JEFFERSON","City","Cities from 10,000 thru 24,999",17222,63,4,67,16,16,32,79,20,99,5.75,"GRETNA POLICE DEPARTMENT                          ","Gretna Police Department"
"3071",2003,"LA0310100","Dubach",NA,"LA","West South Central","South","LINCOLN","City","Cities under 2,500",812,2,0,2,0,0,0,2,0,2,2.46,"DUBACH POLICE DEPT                                ","Dubach Police Police Department"
"3072",2003,"LA0080400","Haughton",NA,"LA","West South Central","South","BOSSIER","City","Cities from 2,500 thru 9,999",2815,6,0,6,0,2,2,6,2,8,2.84,"HAUGHTON POLICE DEPARTMENT                        ","Haughton Police Department"
"3073",2003,"LA0370300","Sterlington",NA,"LA","West South Central","South","OUACHITA","City","Cities under 2,500",1260,5,0,5,0,1,1,5,1,6,4.76,"STERLINGTON POLICE DEPARTMENT                     ","Sterlington Police Department"
"3074",2003,"LA0390100","New Roads",NA,"LA","West South Central","South","POINTE COUPEE","City","Cities from 2,500 thru 9,999",4918,14,1,15,2,1,3,16,2,18,3.66,"NEW ROADS POLICE DEPARTMENT                       ","New Roads Police Department"
"3075",2003,"LA0320000","Livingston",NA,"LA","West South Central","South","LIVINGSTON","County","MSA counties from 25,000 thru 99,999",88730,126,0,126,61,0,61,187,0,187,2.11,"LIVINGSTON PARISH SHERIFF'S OFFICE                ","Livingston Parish Sheriff's Office"
"3076",2003,"LA0280000","Lafayette",NA,"LA","West South Central","South","LAFAYETTE","County","MSA counties from 25,000 thru 99,999",61922,272,52,324,53,127,180,325,179,504,8.14,"LAFAYETTE PARISH SHERIFF'S OFFICE                 ","Lafayette Parish Sheriff's Office"
"3077",2003,"LA0040000","Assumption",NA,"LA","West South Central","South","ASSUMPTION","County","Non-MSA counties from 10,000 thru 24,999",22582,33,15,48,11,19,30,44,34,78,3.45,"ASSUMPTION PARISH SHERIFF'S OFFICE                ","Assumption Parish Sheriff's Office"
"3078",2003,"LA0490200","Opelousas",NA,"LA","West South Central","South","ST LANDRY","City","Cities from 10,000 thru 24,999",22757,45,1,46,5,15,20,50,16,66,2.9,"OPELOUSAS POLICE DEPARTMENT                       ","Opelousas Police Department"
"3079",2003,"LA0150200","Vidalia",NA,"LA","West South Central","South","CONCORDIA","City","Cities from 2,500 thru 9,999",4445,14,0,14,7,0,7,21,0,21,4.72,"VIDALIA POLICE DEPARTMENT                         ","Vidalia Police Department"
"3080",2003,"LA0200000","Evangeline",NA,"LA","West South Central","South","EVANGELINE","County","Non-MSA counties from 10,000 thru 24,999",21944,20,13,33,2,26,28,22,39,61,2.78,"EVANGELINE PARISH SHERIFF'S OFFICE                ","Evangeline Parish Sheriff's Office"
"3081",2003,"LA0110000","Caldwell",NA,"LA","West South Central","South","CALDWELL","County","Non-MSA counties from 10,000 thru 24,999",10715,23,0,23,9,0,9,32,0,32,2.99,"CALDWELL PARISH SHERIFF'S OFFICE                  ","Caldwell Parish Sheriff's Office"
"3082",2003,"LA0080700","Southern University and A&M College:","Shreveport","LA","West South Central","South","BOSSIER","University or College","Cities under 2,500",0,6,0,6,3,1,4,9,1,10,NA,"SOUTHERN UNIVERSITY AND A & M COLLEGE - SHREVEPORT","Southern University And A & M College - Shreveport"
"3083",2003,"LA0170100","Baker",NA,"LA","West South Central","South","EAST BATON ROUGE","City","Cities from 10,000 thru 24,999",13690,27,0,27,5,1,6,32,1,33,2.41,"BAKER POLICE DEPARTMENT                           ","Baker Police Department"
"3084",2003,"LA0260000","Jefferson",NA,"LA","West South Central","South","JEFFERSON","County","MSA counties 100,000 or over",345776,819,149,968,241,357,598,1060,506,1566,4.53,"JEFFERSON PARISH SHERIFF'S OFFICE                 ","Jefferson Parish Sheriff's Office"
"3085",2003,"LA0440000","St. Bernard",NA,"LA","West South Central","South","ST BERNARD","County","MSA counties from 25,000 thru 99,999",66421,231,50,281,40,55,95,271,105,376,5.66,"ST. BERNARD PARISH SHERIFF'S OFFICE               ","St. Bernard Parish Sheriff's Office"
"3086",2003,"LA0401300","McNary",NA,"LA","West South Central","South","RAPIDES","City","Cities under 2,500",200,1,1,2,0,0,0,1,1,2,10,"MCNARY POLICE DEPARTMENT                          ","Mcnary Police Department"
"3087",2003,"LA0020200","Oakdale",NA,"LA","West South Central","South","ALLEN","City","Cities from 2,500 thru 9,999",8182,18,0,18,7,0,7,25,0,25,3.06,"OAKDALE POLICE DEPARTMENT                         ","Oakdale Police Department"
"3088",2003,"LA0130000","Catahoula",NA,"LA","West South Central","South","CATAHOULA","County","Non-MSA counties from 10,000 thru 24,999",10477,18,55,73,6,25,31,24,80,104,9.93,"CATAHOULA PARISH SHERIFF'S OFFICE                 ","Catahoula Parish Sheriff's Office"
"3089",2003,"LA0520600","Abita Springs",NA,"LA","West South Central","South","ST TAMMANY","City","Cities under 2,500",2061,5,0,5,0,1,1,5,1,6,2.91,"ABITA SPRINGS PD                                  ","Abita Springs Police Department"
"3090",2003,"LA0510000","St. Mary",NA,"LA","West South Central","South","ST MARY","County","Non-MSA counties from 10,000 thru 24,999",19954,94,13,107,28,31,59,122,44,166,8.32,"ST. MARY PARISH SHERIFF'S OFFICE                  ","St. Mary Parish Sheriff's Office"
"3091",2003,"LA0351000","Northwestern State University",NA,"LA","West South Central","South","NATCHITOCHES","University or College","Cities under 2,500",0,13,0,13,1,2,3,14,2,16,NA,"NORTHWESTERN STATE UNIVERSITY OF LOUISIANA POLICE ","Northwestern State University Of Louisiana Police"
"3092",2003,"LA0270400","Welsh",NA,"LA","West South Central","South","JEFFERSON DAVIS","City","Cities from 2,500 thru 9,999",3335,9,1,10,1,1,2,10,2,12,3.6,"WELSH POLICE DEPARTMENT                           ","Welsh Police Department"
"3093",2003,"LA0490500","Washington",NA,"LA","West South Central","South","ST LANDRY","City","Cities under 2,500",1070,5,0,5,0,0,0,5,0,5,4.67,"WASHINGTON POLICE DEPARTMENT                      ","Washington Police Department"
"3094",2003,"LA0260300","Kenner",NA,"LA","West South Central","South","JEFFERSON","City","Cities from 50,000 thru 99,999",70717,164,29,193,15,60,75,179,89,268,3.79,"KENNER POLICE DEPARTMENT                          ","Kenner Police Department"
"3095",2003,"LA0630000","West Feliciana",NA,"LA","West South Central","South","WEST FELICIANA","County","MSA counties from 10,000 thru 24,999",13508,36,19,55,1,16,17,37,35,72,5.33,"WEST FELICIANA PARISH SHERIFF'S OFFICE            ","West Feliciana Parish Sheriff's Office"
"3096",2003,"LA0530000","Tangipahoa",NA,"LA","West South Central","South","TANGIPAHOA","County","Non-MSA counties from 25,000 thru 99,999",71190,175,0,175,68,0,68,243,0,243,3.41,"TANGIPAHOA PARISH SHERIFF'S OFFICE                ","Tangipahoa Parish Sheriff's Office"
"3097",2003,"LA0180000","East Carroll",NA,"LA","West South Central","South","EAST CARROLL","County","Non-MSA counties under 10,000",4297,129,3,132,58,17,75,187,20,207,48.17,"EAST CARROLL PARISH SHERIFF'S OFFICE              ","East Carroll Parish Sheriff's Office"
"3098",2003,"LA0170000","East Baton Rouge",NA,"LA","West South Central","South","EAST BATON ROUGE","County","MSA counties 100,000 or over",161507,556,0,556,154,120,274,710,120,830,5.14,"EAST BATON ROUGE PARISH SHERIFF'S OFFICE          ","East Baton Rouge Parish Sheriff's Office"
"3099",2003,"LA0400100","Alexandria",NA,"LA","West South Central","South","RAPIDES","City","Cities from 25,000 thru 49,999",45996,133,4,137,9,31,40,142,35,177,3.85,"ALEXANDRIA POLICE DEPARTMENT                      ","Alexandria Police Department"
"3100",2003,"LA0310200","Ruston",NA,"LA","West South Central","South","LINCOLN","City","Cities from 10,000 thru 24,999",20655,37,1,38,2,8,10,39,9,48,2.32,"RUSTON POLICE DEPARTMENT                          ","Ruston Police Department"
"3101",2003,"LA0410100","Coushatta",NA,"LA","West South Central","South","RED RIVER","City","Cities under 2,500",2255,4,0,4,2,0,2,6,0,6,2.66,"COUSHATTA POLICE DEPARTMENT                       ","Coushatta Police Department"
"3102",2003,"LA0080600","Louisiana State University:","Shreveport","LA","West South Central","South","BOSSIER","University or College","Cities under 2,500",0,10,0,10,0,1,1,10,1,11,NA,"LOUISIANA STATE UNIVERSITY - SHREVEPORT POLICE    ","Louisiana State University - Shreveport Police"
"3103",2003,"LA0500000","St. Martin",NA,"LA","West South Central","South","ST MARTIN","County","MSA counties from 25,000 thru 99,999",34705,132,5,137,42,36,78,174,41,215,6.2,"ST. MARTIN PARISH SHERIFF'S OFFICE                ","St. Martin Parish Sheriff's Office"
"3104",2003,"LA0540300","St. Joseph",NA,"LA","West South Central","South","TENSAS","City","Cities under 2,500",1282,3,0,3,0,0,0,3,0,3,2.34,"ST. JOSEPH POLICE DEPARTMENT                      ","St. Joseph Police Department"
"3105",2003,"LA0390000","Pointe Coupee",NA,"LA","West South Central","South","POINTE COUPEE","County","MSA counties from 10,000 thru 24,999",17720,42,34,76,1,33,34,43,67,110,6.21,"POINTE COUPEE PARISH SHERIFF'S OFFICE             ","Pointe Coupee Parish Sheriff's Office"
"3106",2003,"LA0010000","Acadia",NA,"LA","West South Central","South","ACADIA","County","Non-MSA counties from 25,000 thru 99,999",29806,80,6,86,1,35,36,81,41,122,4.09,"ACADIA PARISH SHERIFF'S OFFICE                    ","Acadia Parish Sheriff's Office"
"3107",2003,"LA0490400","Sunset",NA,"LA","West South Central","South","ST LANDRY","City","Cities under 2,500",2384,4,0,4,1,5,6,5,5,10,4.19,"SUNSET POLICE DEPARTMENT                          ","Sunset Police Department"
"3108",2003,"LA0020000","Allen",NA,"LA","West South Central","South","ALLEN","County","Non-MSA counties from 10,000 thru 24,999",13233,29,5,34,1,11,12,30,16,46,3.48,"ALLEN PARISH SHERIFF'S OFFICE                     ","Allen Parish Sheriff's Office"
"3109",2003,"LA0570000","Vermilion",NA,"LA","West South Central","South","VERMILION","County","Non-MSA counties from 25,000 thru 99,999",35126,45,24,69,5,21,26,50,45,95,2.7,"VERMILION PARISH SHERIFF'S OFFICE                 ","Vermilion Parish Sheriff's Office"
"3110",2003,"LA0050200","Marksville",NA,"LA","West South Central","South","AVOYELLES","City","Cities from 2,500 thru 9,999",5585,14,0,14,2,6,8,16,6,22,3.94,"MARKSVILLE POLICE DEPARTMENT                      ","Marksville Police Department"
"3111",2003,"LA0491300","Louisiana State University:","Eunice","LA","West South Central","South","ST LANDRY","University or College","Cities under 2,500",0,1,0,1,0,0,0,1,0,1,NA,"LA STATE UNIV PD EUNICE                           ","La State Univ Police Department Eunice"
"3112",2003,"LA0080100","Bossier City",NA,"LA","West South Central","South","BOSSIER","City","Cities from 50,000 thru 99,999",57331,156,2,158,13,37,50,169,39,208,3.63,"BOSSIER CITY POLICE DEPT                          ","Bossier City Police Police Department"
"3113",2003,"LA0530800","Tickfaw",NA,"LA","West South Central","South","TANGIPAHOA","City","Cities under 2,500",627,5,0,5,0,0,0,5,0,5,7.97,"TICKFAW POLICE DEPARTMENT                         ","Tickfaw Police Department"
"3114",2003,"LA0240500","Rosedale",NA,"LA","West South Central","South","IBERVILLE","City","Cities under 2,500",747,1,0,1,0,0,0,1,0,1,1.34,"ROSEDALE POLICE DEPT                              ","Rosedale Police Police Department"
"3115",2003,"LA0220000","Grant",NA,"LA","West South Central","South","GRANT","County","MSA counties from 10,000 thru 24,999",18423,39,0,39,13,0,13,52,0,52,2.82,"GRANT PARISH SHERIFF'S OFFICE                     ","Grant Parish Sheriff's Office"
"3116",2003,"LA0570400","Erath",NA,"LA","West South Central","South","VERMILION","City","Cities under 2,500",2194,3,1,4,2,3,5,5,4,9,4.1,"ERATH POLICE DEPARTMENT                           ","Erath Police Department"
"3117",2003,"LA0260400","Westwego",NA,"LA","West South Central","South","JEFFERSON","City","Cities from 10,000 thru 24,999",10615,34,0,34,2,1,3,36,1,37,3.49,"WESTWEGO POLICE DEPARTMENT                        ","Westwego Police Department"
"3118",2003,"LA0640000","Winn",NA,"LA","West South Central","South","WINN","County","Non-MSA counties from 10,000 thru 24,999",10967,22,0,22,6,0,6,28,0,28,2.55,"WINN PARISH SHERIFF'S OFFICE                      ","Winn Parish Sheriff's Office"
"3119",2003,"LA0540100","Newellton",NA,"LA","West South Central","South","TENSAS","City","Cities under 2,500",1444,2,0,2,0,0,0,2,0,2,1.39,"NEWELLTON POLICE DEPARTMENT                       ","Newellton Police Department"
"3120",2003,"LA0510500","Baldwin",NA,"LA","West South Central","South","ST MARY","City","Cities from 2,500 thru 9,999",2685,6,0,6,2,1,3,8,1,9,3.35,"BALDWIN POLICE DEPARTMENT                         ","Baldwin Police Department"
"3121",2003,"LA0610100","Port Allen",NA,"LA","West South Central","South","WEST BATON ROUGE","City","Cities from 2,500 thru 9,999",5176,17,0,17,1,4,5,18,4,22,4.25,"PORT ALLEN POLICE DEPARTMENT                      ","Port Allen Police Department"
"3122",2003,"LA0580100","Leesville",NA,"LA","West South Central","South","VERNON","City","Cities from 2,500 thru 9,999",6471,19,0,19,9,0,9,28,0,28,4.33,"LEESVILLE POLICE DEPARTMENT                       ","Leesville Police Department"
"3123",2003,"LA0590200","Franklinton",NA,"LA","West South Central","South","WASHINGTON","City","Cities from 2,500 thru 9,999",3656,13,0,13,1,5,6,14,5,19,5.2,"FRANKLINTON POLICE DEPARTMENT                     ","Franklinton Police Department"
"3124",2003,"LA0020300","Oberlin",NA,"LA","West South Central","South","ALLEN","City","Cities under 2,500",1850,6,6,12,0,0,0,6,6,12,6.49,"OBERLIN POLICE DEPARTMENT                         ","Oberlin Police Department"
"3125",2003,"LA0100200","Lake Charles",NA,"LA","West South Central","South","CALCASIEU","City","Cities from 50,000 thru 99,999",70942,141,5,146,13,36,49,154,41,195,2.75,"LAKE CHARLES POLICE DEPARTMENT                    ","Lake Charles Police Department"
"3126",2003,"LA0030200","Gonzales",NA,"LA","West South Central","South","ASCENSION","City","Cities from 2,500 thru 9,999",8265,26,0,26,4,0,4,30,0,30,3.63,"GONZALES POLICE DEPARTMENT                        ","Gonzales Police Department"
"3127",2003,"LA0240600","St. Gabriel",NA,"LA","West South Central","South","IBERVILLE","City","Cities from 2,500 thru 9,999",5546,7,0,7,0,6,6,7,6,13,2.34,"ST. GABRIEL POLICE DEPARTMENT                     ","St. Gabriel Police Department"
"3128",2003,"LA0510300","Morgan City",NA,"LA","West South Central","South","ST MARY","City","Cities from 10,000 thru 24,999",12293,30,2,32,16,8,24,46,10,56,4.56,"MORGAN CITY POLICE DEPARTMENT                     ","Morgan City Police Department"
"3129",2003,"LA0550100","Houma",NA,"LA","West South Central","South","TERREBONNE","City","Cities from 25,000 thru 49,999",32228,62,1,63,9,16,25,71,17,88,2.73,"HOUMA POLICE DEPARTMENT                           ","Houma Police Department"
"3130",2003,"LA0490300","Arnaudville",NA,"LA","West South Central","South","ST LANDRY, ST MARTIN","City","Cities under 2,500",1391,5,0,5,0,5,5,5,5,10,7.19,"ARNAUDVILLE POLICE DEPARTMENT                     ","Arnaudville Police Department"
"3131",2003,"LA0140100","Haynesville",NA,"LA","West South Central","South","CLAIBORNE","City","Cities from 2,500 thru 9,999",2581,7,0,7,0,0,0,7,0,7,2.71,"HAYNESVILLE POLICE DEPT                           ","Haynesville Police Police Department"
"3132",2003,"LA0170200","Baton Rouge",NA,"LA","West South Central","South","EAST BATON ROUGE","City","Cities from 100,000 thru 249,999",226391,525,10,535,83,146,229,608,156,764,3.37,"BATON ROUGE POLICE DEPARTMENT                     ","Baton Rouge Police Department"
"3133",2003,"LA0100100","De Quincy",NA,"LA","West South Central","South","CALCASIEU","City","Cities from 2,500 thru 9,999",3350,11,0,11,2,0,2,13,0,13,3.88,"DEQUINCY POLICE DEPARTMENT                        ","Dequincy Police Department"
"3134",2003,"LA0560200","Bernice",NA,"LA","West South Central","South","UNION","City","Cities under 2,500",1785,4,0,4,1,0,1,5,0,5,2.8,"BERNICE POLICE DEPARTMENT                         ","Bernice Police Department"
"3135",2003,"LA0260200","Harahan",NA,"LA","West South Central","South","JEFFERSON","City","Cities from 2,500 thru 9,999",9842,21,1,22,7,0,7,28,1,29,2.95,"HARAHAN POLICE DEPARTMENT                         ","Harahan Police Department"
"3136",2003,"LA0620000","West Carroll",NA,"LA","West South Central","South","WEST CARROLL","County","Non-MSA counties from 10,000 thru 24,999",12140,13,0,13,3,3,6,16,3,19,1.57,"WEST CARROLL PARISH SHERIFF'S OFFICE              ","West Carroll Parish Sheriff's Office"
"3137",2003,"LA0540000","Tensas",NA,"LA","West South Central","South","TENSAS","County","Non-MSA counties under 10,000",2973,30,38,68,5,58,63,35,96,131,44.06,"TENSAS PARISH SHERIFF'S OFFICE                    ","Tensas Parish Sheriff's Office"
"3138",2003,"LA0520000","St. Tammany",NA,"LA","West South Central","South","ST TAMMANY","County","MSA counties 100,000 or over",150956,384,29,413,113,72,185,497,101,598,3.96,"ST. TAMMANY PARISH SHERIFF'S OFFICE               ","St. Tammany Parish Sheriff's Office"
"3139",2003,"LA0030000","Ascension",NA,"LA","West South Central","South","ASCENSION","County","MSA counties from 25,000 thru 99,999",72513,165,18,183,23,38,61,188,56,244,3.36,"ASCENSION PARISH SHERIFF'S OFFICE                 ","Ascension Parish Sheriff's Office"
"3140",2003,"LA0290600","Nicholls State University",NA,"LA","West South Central","South","LAFOURCHE","University or College","Cities under 2,500",0,7,1,8,3,3,6,10,4,14,NA,"NICHOLLS STATE UNIVERSITY POLICE                  ","Nicholls State University Police"
"3141",2003,"LA0361700","Louisiana State University:","Health Sciences Center, New Orleans","LA","West South Central","South","ORLEANS","University or College","Cities under 2,500",0,49,1,50,10,0,10,59,1,60,NA,"LSU HEALTH SCIENCES CENTER POLICE DEPARTMENT      ","Lsu Health Sciences Center Police Department"
"3142",2003,"LA0420000","Richland",NA,"LA","West South Central","South","RICHLAND","County","Non-MSA counties from 10,000 thru 24,999",13463,66,1,67,46,12,58,112,13,125,9.28,"RICHLAND PARISH SHERIFF'S OFFICE                  ","Richland Parish Sheriff's Office"
"3143",2003,"LA0320700","French Settlement",NA,"LA","West South Central","South","LIVINGSTON","City","Cities under 2,500",989,2,0,2,0,0,0,2,0,2,2.02,"FRENCH SETTLEMENT POLICE DEPARTMENT               ","French Settlement Police Department"
"3144",2003,"LA0290500","Thibodaux",NA,"LA","West South Central","South","LAFOURCHE","City","Cities from 10,000 thru 24,999",14558,55,6,61,7,6,13,62,12,74,5.08,"THIBODAUX POLICE DEPARTMENT                       ","Thibodaux Police Department"
"3145",2003,"LA0030300","Sorrento",NA,"LA","West South Central","South","ASCENSION","City","Cities under 2,500",1264,4,0,4,0,1,1,4,1,5,3.96,"SORRENTO POLICE DEPARTMENT                        ","Sorrento Police Department"
"3146",2003,"LA0480000","St. John the Baptist",NA,"LA","West South Central","South","ST JOHN THE BAPTIST","County","MSA counties from 25,000 thru 99,999",44657,156,1,157,53,0,53,209,1,210,4.7,"ST. JOHN THE BAPTIST PARISH SHERIFF'S OFFICE      ","St. John The Baptist Parish Sheriff's Office"
"3147",2003,"LA0130200","Sicily Island",NA,"LA","West South Central","South","CATAHOULA","City","Cities under 2,500",446,2,0,2,0,1,1,2,1,3,6.73,"SICILY ISLAND POLICE DEPARTMENT                   ","Sicily Island Police Department"
"3148",2003,"LA0280400","Duson",NA,"LA","West South Central","South","ACADIA, LAFAYETTE","City","Cities under 2,500",1678,5,0,5,0,0,0,5,0,5,2.98,"DUSON POLICE DEPARTMENT                           ","Duson Police Department"
"3149",2003,"LA0240000","Iberville",NA,"LA","West South Central","South","IBERVILLE","County","MSA counties from 10,000 thru 24,999",17358,63,26,89,6,51,57,69,77,146,8.41,"IBERVILLE PARISH SHERIFF'S OFFICE                 ","Iberville Parish Sheriff's Office"
"3150",2003,"LA0270000","Jefferson Davis",NA,"LA","West South Central","South","JEFFERSON DAVIS","County","Non-MSA counties from 10,000 thru 24,999",12923,30,1,31,2,12,14,32,13,45,3.48,"JEFFERSON DAVIS PARISH SHERIFF'S OFFICE           ","Jefferson Davis Parish Sheriff's Office"
"3151",2003,"LA0330000","Madison",NA,"LA","West South Central","South","MADISON","County","Non-MSA counties under 10,000",4428,52,0,52,9,0,9,61,0,61,13.78,"MADISON PARISH SHERIFF'S OFFICE                   ","Madison Parish Sheriff's Office"
"3152",2003,"LA0310300","Grambling",NA,"LA","West South Central","South","LINCOLN","City","Cities from 2,500 thru 9,999",4380,10,0,10,2,6,8,12,6,18,4.11,"GRAMBLING POLICE DEPARTMENT                       ","Grambling Police Department"
"3153",2003,"LANPD0000","New Orleans",NA,"LA","West South Central","South","ORLEANS","City","Cities from 250,000 thru 499,999",475128,1325,53,1378,287,330,617,1612,383,1995,4.2,"NEW ORLEANS POLICE DEPARTMENT                     ","New Orleans Police Department"
"3154",2003,"LA0580200","New Llano",NA,"LA","West South Central","South","VERNON","City","Cities under 2,500",2311,8,0,8,0,0,0,8,0,8,3.46,"NEW LLANO POLICE DEPARTMENT                       ","New Llano Police Department"
"3155",2003,"LA0590100","Bogalusa",NA,"LA","West South Central","South","WASHINGTON","City","Cities from 10,000 thru 24,999",13104,34,9,43,3,12,15,37,21,58,4.43,"BOGALUSA POLICE DEPARTMENT                        ","Bogalusa Police Department"
"3156",2003,"LA0600800","Dixie Inn",NA,"LA","West South Central","South","WEBSTER","City","Cities under 2,500",335,3,0,3,0,1,1,3,1,4,11.94,"DIXIE INN POLICE DEPARTMENT                       ","Dixie Inn Police Department"
"3157",2003,"LA0350000","Natchitoches",NA,"LA","West South Central","South","NATCHITOCHES","County","Non-MSA counties from 10,000 thru 24,999",21013,42,8,50,13,2,15,55,10,65,3.09,"NATCHITOCHES PARISH SHERIFF'S OFFICE              ","Natchitoches Parish Sheriff's Office"
"3158",2003,"LA0370400","University of Louisiana:","Monroe","LA","West South Central","South","OUACHITA","University or College","Cities under 2,500",0,18,0,18,4,3,7,22,3,25,NA,"UNIVERSITY OF LOUISIANA - MONROE POLICE           ","University Of Louisiana - Monroe Police"
"3159",2003,"LA0170400","Louisiana State University:","Baton Rouge","LA","West South Central","South","EAST BATON ROUGE","University or College","Cities under 2,500",0,59,0,59,6,2,8,65,2,67,NA,"LOUISIANA STATE UNIVERSITY POLICE DEPARTMENT      ","Louisiana State University Police Department"
"3160",2003,"LA0280500","Youngsville",NA,"LA","West South Central","South","LAFAYETTE","City","Cities from 2,500 thru 9,999",4437,8,0,8,2,0,2,10,0,10,2.25,"YOUNGSVILLE POLICE DEPARTMENT                     ","Youngsville Police Department"
"3161",2003,"LA0340100","Bastrop",NA,"LA","West South Central","South","MOREHOUSE","City","Cities from 10,000 thru 24,999",12756,31,0,31,17,5,22,48,5,53,4.15,"BASTROP POLICE DEPARTMENT                         ","Bastrop Police Department"
"3162",2003,"LA0520700","Folsom",NA,"LA","West South Central","South","ST TAMMANY","City","Cities under 2,500",592,3,0,3,0,1,1,3,1,4,6.76,"FOLSOM POLICE DEPARTMENT                          ","Folsom Police Department"
"3163",2003,"LA0290300","Lockport",NA,"LA","West South Central","South","LAFOURCHE","City","Cities from 2,500 thru 9,999",2640,5,0,5,0,0,0,5,0,5,1.89,"LOCKPORT POLICE DEPARTMENT                        ","Lockport Police Department"
"3164",2003,"LA0470000","St. James",NA,"LA","West South Central","South","ST JAMES","County","Non-MSA counties from 10,000 thru 24,999",18273,58,7,65,17,19,36,75,26,101,5.53,"ST. JAMES PARISH SHERIFF'S OFFICE                 ","St. James Parish Sheriff's Office"
"3165",2003,"LA0300100","Jena",NA,"LA","West South Central","South","LA SALLE","City","Cities from 2,500 thru 9,999",2951,6,0,6,0,1,1,6,1,7,2.37,"JENA POLICE DEPARTMENT                            ","Jena Police Department"
"3166",2003,"LA0370000","Ouachita",NA,"LA","West South Central","South","OUACHITA","County","MSA counties from 25,000 thru 99,999",78812,102,127,229,3,133,136,105,260,365,4.63,"OUACHITA PARISH SHERIFF'S OFFICE                  ","Ouachita Parish Sheriff's Office"
"3167",2003,"LA0100400","Vinton",NA,"LA","West South Central","South","CALCASIEU","City","Cities from 2,500 thru 9,999",3264,9,0,9,4,0,4,13,0,13,3.98,"VINTON POLICE DEPARTMENT                          ","Vinton Police Department"
"3168",2003,"LA0360300","University of New Orleans",NA,"LA","West South Central","South","ORLEANS","University or College","Cities under 2,500",0,18,2,20,5,6,11,23,8,31,NA,"UNIVERSITY OF NEW ORLEANS POLICE DEPT.            ","University Of New Orleans Police Police Department"
"3169",2003,"LA0280100","Broussard",NA,"LA","West South Central","South","LAFAYETTE, ST MARTIN","City","Cities from 2,500 thru 9,999",6255,14,0,14,0,3,3,14,3,17,2.72,"BROUSSARD POLICE DEPARTMENT                       ","Broussard Police Department"
"3170",2003,"LA0290000","Lafourche",NA,"LA","West South Central","South","LAFOURCHE","County","MSA counties from 25,000 thru 99,999",72124,163,31,194,57,70,127,220,101,321,4.45,"LAFOURCHE PARISH SHERIFF'S OFFICE                 ","Lafourche Parish Sheriff's Office"
"3171",2003,"LA0120000","Cameron",NA,"LA","West South Central","South","CAMERON","County","MSA counties under 10,000",9673,59,0,59,17,0,17,76,0,76,7.86,"CAMERON PARISH SHERIFF'S OFFICE                   ","Cameron Parish Sheriff's Office"
"3172",2003,"LA0340000","Morehouse",NA,"LA","West South Central","South","MOREHOUSE","County","Non-MSA counties from 10,000 thru 24,999",17780,86,0,86,45,0,45,131,0,131,7.37,"MOREHOUSE PARISH SHERIFF'S OFFICE                 ","Morehouse Parish Sheriff's Office"
"3173",2003,"LA0160800","Stonewall",NA,"LA","West South Central","South","DE SOTO","City","Cities under 2,500",1859,1,0,1,0,0,0,1,0,1,0.54,"STONEWALL POLICE DEPARTMENT                       ","Stonewall Police Department"
"3174",2003,"LA0600400","Cullen",NA,"LA","West South Central","South","WEBSTER","City","Cities under 2,500",1270,4,0,4,1,0,1,5,0,5,3.94,"CULLEN POLICE DEPARTMENT                          ","Cullen Police Department"
"3175",2003,"LA0040100","Napoleonville",NA,"LA","West South Central","South","ASSUMPTION","City","Cities under 2,500",706,1,0,1,1,0,1,2,0,2,2.83,"NAPOLEONVILLE POLICE DEPARTMENT                   ","Napoleonville Police Department"
"3176",2003,"LA0530400","Amite",NA,"LA","West South Central","South","TANGIPAHOA","City","Cities from 2,500 thru 9,999",4084,18,0,18,2,0,2,20,0,20,4.9,"AMITE POLICE DEPARTMENT                           ","Amite Police Department"
"3177",2003,"LA0010300","Church Point",NA,"LA","West South Central","South","ACADIA","City","Cities from 2,500 thru 9,999",4720,10,3,13,7,1,8,17,4,21,4.45,"CHURCH POINT POLICE DEPARTMENT                    ","Church Point Police Department"
"3178",2003,"LA0570200","Kaplan",NA,"LA","West South Central","South","VERMILION","City","Cities from 2,500 thru 9,999",5145,13,0,13,7,0,7,20,0,20,3.89,"KAPLAN POLICE DEPARTMENT                          ","Kaplan Police Department"
"3179",2003,"LA0520300","Mandeville",NA,"LA","West South Central","South","ST TAMMANY","City","Cities from 10,000 thru 24,999",11395,30,2,32,7,12,19,37,14,51,4.48,"MANDEVILLE POLICE DEPARTMENT                      ","Mandeville Police Department"
"3180",2003,"LA0610200","Brusly",NA,"LA","West South Central","South","WEST BATON ROUGE","City","Cities under 2,500",2018,7,0,7,0,1,1,7,1,8,3.96,"BRUSLY POLICE DEPARTMENT                          ","Brusly Police Department"
"3181",2003,"LA0090100","Shreveport",NA,"LA","West South Central","South","BOSSIER, CADDO","City","Cities from 100,000 thru 249,999",199641,409,31,440,78,124,202,487,155,642,3.22,"SHREVEPORT POLICE DEPARTMENT                      ","Shreveport Police Department"
"3182",2003,"LA0090400","Blanchard",NA,"LA","West South Central","South","CADDO","City","Cities under 2,500",2099,4,1,5,0,0,0,4,1,5,2.38,"BLANCHARD POLICE DEPARTMENT                       ","Blanchard Police Department"
"3183",2003,"LA0140000","Claiborne",NA,"LA","West South Central","South","CLAIBORNE","County","Non-MSA counties from 10,000 thru 24,999",10276,16,38,54,5,32,37,21,70,91,8.86,"CLAIBORNE PARISH SHERIFF'S OFFICE                 ","Claiborne Parish Sheriff's Office"
"3184",2003,"LA0080000","Bossier",NA,"LA","West South Central","South","BOSSIER","County","MSA counties from 25,000 thru 99,999",40082,167,4,171,16,19,35,183,23,206,5.14,"BOSSIER PARISH SHERIFF'S OFFICE                   ","Bossier Parish Sheriff's Office"
"3185",2003,"LA0270200","Jennings",NA,"LA","West South Central","South","JEFFERSON DAVIS","City","Cities from 10,000 thru 24,999",10818,24,3,27,8,3,11,32,6,38,3.51,"JENNINGS POLICE DEPARTMENT                        ","Jennings Police Department"
"3186",2003,"LA0400200","Pineville",NA,"LA","West South Central","South","RAPIDES","City","Cities from 10,000 thru 24,999",13917,44,1,45,2,6,8,46,7,53,3.81,"PINEVILLE POLICE DEPARTMENT                       ","Pineville Police Department"
"3187",2003,"LA0530500","Independence",NA,"LA","West South Central","South","TANGIPAHOA","City","Cities under 2,500",1717,7,0,7,0,0,0,7,0,7,4.08,"INDEPENDENCE POLICE DEPARTMENT                    ","Independence Police Department"
"3188",2003,"LA0530900","Southeastern Louisiana University",NA,"LA","West South Central","South","TANGIPAHOA","University or College","Cities under 2,500",0,23,1,24,2,8,10,25,9,34,NA,"SOUTHEASTERN LOUISIANA UNIVERSITY POLICE          ","Southeastern Louisiana University Police"
"3189",2003,"LA0510100","Berwick",NA,"LA","West South Central","South","ST MARY","City","Cities from 2,500 thru 9,999",4361,9,0,9,2,1,3,11,1,12,2.75,"BERWICK POLICE DEPARTMENT                         ","Berwick Police Department"
"3190",2003,"LA0450000","St. Charles",NA,"LA","West South Central","South","ST CHARLES","County","MSA counties from 25,000 thru 99,999",49400,208,8,216,44,90,134,252,98,350,7.09,"ST. CHARLES PARISH SHERIFF'S OFFICE               ","St. Charles Parish Sheriff's Office"
"3191",2003,"LA0580000","Vernon",NA,"LA","West South Central","South","VERNON","County","Non-MSA counties from 25,000 thru 99,999",42017,89,0,89,40,0,40,129,0,129,3.07,"VERNON PARISH SHERIFF'S OFFICE                    ","Vernon Parish Sheriff's Office"
"3192",2003,"LA0510200","Franklin",NA,"LA","West South Central","South","ST MARY","City","Cities from 2,500 thru 9,999",8146,12,1,13,9,1,10,21,2,23,2.82,"FRANKLIN POLICE DEPARTMENT                        ","Franklin Police Department"
"3193",2003,"LA0240200","Plaquemine",NA,"LA","West South Central","South","IBERVILLE","City","Cities from 2,500 thru 9,999",6979,21,2,23,3,6,9,24,8,32,4.59,"PLAQUEMINE POLICE DEPARTMENT                      ","Plaquemine Police Department"
"3194",2003,"LA0170600","Southern University and A&M College:","Baton Rouge","LA","West South Central","South","EAST BATON ROUGE","University or College","Cities under 2,500",0,17,0,17,5,3,8,22,3,25,NA,"SOUTHERN UNIVERSITY AND A & M COLLEGE POLICE      ","Southern University And A & M College Police"
"3195",2003,"LA0630100","St. Francisville",NA,"LA","West South Central","South","WEST FELICIANA","City","Cities under 2,500",1678,6,0,6,1,1,2,7,1,8,4.77,"ST. FRANCISVILLE POLICE DEPARTMENT                ","St. Francisville Police Department"
"3196",2003,"LALSP0000","State Police",NA,"LA","West South Central","South","UNMAPPED COUNTY","State Police","Non-MSA counties under 10,000",0,976,247,1223,36,412,448,1012,659,1671,NA,"LOUISIANA STATE POLICE                            ","Louisiana State Police"
"3197",2003,"LA0190000","East Feliciana",NA,"LA","West South Central","South","EAST FELICIANA","County","MSA counties from 10,000 thru 24,999",14941,40,27,67,3,1,4,43,28,71,4.75,"EAST FELICIANA PARISH SHERIFF'S OFFICE            ","East Feliciana Parish Sheriff's Office"
"3198",2003,"LA0490600","Port Barre",NA,"LA","West South Central","South","ST LANDRY","City","Cities under 2,500",2294,10,0,10,0,5,5,10,5,15,6.54,"PORT BARRE POLICE DEPT                            ","Port Barre Police Police Department"
"3199",2003,"LA0250100","Jonesboro",NA,"LA","West South Central","South","JACKSON","City","Cities from 2,500 thru 9,999",3867,13,3,16,1,1,2,14,4,18,4.65,"JONESBORO POLICE DEPARTMENT                       ","Jonesboro Police Department"
"3200",2003,"LA0190200","Jackson",NA,"LA","West South Central","South","EAST FELICIANA","City","Cities from 2,500 thru 9,999",3940,7,1,8,0,0,0,7,1,8,2.03,"JACKSON POLICE DEPARTMENT                         ","Jackson Police Department"
"3201",2003,"LA0560100","Farmerville",NA,"LA","West South Central","South","UNION","City","Cities from 2,500 thru 9,999",3790,6,0,6,3,0,3,9,0,9,2.37,"FARMERVILLE POLICE DEPARTMENT                     ","Farmerville Police Department"
"3202",2003,"LA0090200","Vivian",NA,"LA","West South Central","South","CADDO","City","Cities from 2,500 thru 9,999",3975,9,0,9,0,6,6,9,6,15,3.77,"VIVIAN POLICE DEPARTMENT                          ","Vivian Police Department"
"3203",2003,"LA0600100","Minden",NA,"LA","West South Central","South","WEBSTER","City","Cities from 10,000 thru 24,999",13286,29,0,29,3,1,4,32,1,33,2.48,"MINDEN POLICE DEPARTMENT                          ","Minden Police Department"
"3204",2003,"LA0100500","Westlake",NA,"LA","West South Central","South","CALCASIEU","City","Cities from 2,500 thru 9,999",4619,13,0,13,7,1,8,20,1,21,4.55,"WESTLAKE POLICE DEPARTMENT                        ","Westlake Police Department"
"3205",2003,"LA0160100","Mansfield",NA,"LA","West South Central","South","DE SOTO","City","Cities from 2,500 thru 9,999",5537,12,0,12,1,4,5,13,4,17,3.07,"MANSFIELD POLICE DEPARTMENT                       ","Mansfield Police Department"
"3206",2003,"LA0600200","Springhill",NA,"LA","West South Central","South","WEBSTER","City","Cities from 2,500 thru 9,999",5323,13,0,13,1,0,1,14,0,14,2.63,"SPRINGHILL POLICE DEPARTMENT                      ","Springhill Police Department"
"3207",2003,"LA0200300","Ville Platte",NA,"LA","West South Central","South","EVANGELINE","City","Cities from 2,500 thru 9,999",8464,22,0,22,3,0,3,25,0,25,2.95,"VILLE PLATTE POLICE DEPARTMENT                    ","Ville Platte Police Department"
"3208",2003,"LA0530200","Kentwood",NA,"LA","West South Central","South","TANGIPAHOA","City","Cities under 2,500",2194,9,0,9,1,0,1,10,0,10,4.56,"KENTWOOD POLICE DEPARTMENT                        ","Kentwood Police Department"
"3209",2003,"LA0520500","Pearl River",NA,"LA","West South Central","South","ST TAMMANY","City","Cities under 2,500",1918,6,0,6,0,5,5,6,5,11,5.74,"PEARL RIVER POLICE DEPARTMENT                     ","Pearl River Police Department"
"3210",2003,"LA0070000","Bienville",NA,"LA","West South Central","South","BIENVILLE","County","Non-MSA counties from 10,000 thru 24,999",15492,23,6,29,1,10,11,24,16,40,2.58,"BIENVILLE PARISH SHERIFF'S OFFICE                 ","Bienville Parish Sheriff's Office"
"3211",2003,"LA0140200","Homer",NA,"LA","West South Central","South","CLAIBORNE","City","Cities from 2,500 thru 9,999",3645,10,0,10,1,0,1,11,0,11,3.02,"HOMER POLICE DEPARTMENT                           ","Homer Police Department"
"3212",2003,"LA0520100","Covington",NA,"LA","West South Central","South","ST TAMMANY","City","Cities from 2,500 thru 9,999",8608,28,1,29,2,10,12,30,11,41,4.76,"COVINGTON POLICE DEPARTMENT                       ","Covington Police Department"
"3213",2003,"LA0300000","La Salle",NA,"LA","West South Central","South","LA SALLE","County","Non-MSA counties under 10,000",9926,29,3,32,14,2,16,43,5,48,4.84,"LA SALLE PARISH SHERIFF'S OFFICE                  ","La Salle Parish Sheriff's Office"
"3214",2003,"LA0300200","Olla",NA,"LA","West South Central","South","LA SALLE","City","Cities under 2,500",1382,4,0,4,0,0,0,4,0,4,2.89,"OLLA POLICE DEPARTMENT                            ","Olla Police Department"
"3215",2003,"LA0310000","Lincoln",NA,"LA","West South Central","South","LINCOLN","County","Non-MSA counties from 10,000 thru 24,999",16633,39,1,40,9,1,10,48,2,50,3.01,"LINCOLN PARISH SHERIFF'S OFFICE                   ","Lincoln Parish Sheriff's Office"
"3216",2003,"LA0330100","Tallulah",NA,"LA","West South Central","South","MADISON","City","Cities from 2,500 thru 9,999",8930,8,0,8,7,0,7,15,0,15,1.68,"TALLULAH POLICE DEPT.                             ","Tallulah Police Police Department"
"3217",2003,"LA0350100","Natchitoches",NA,"LA","West South Central","South","NATCHITOCHES","City","Cities from 10,000 thru 24,999",17768,53,3,56,5,15,20,58,18,76,4.28,"NATCHITOCHES POLICE DEPARTMENT                    ","Natchitoches Police Department"
"3218",2003,"LA0100700","Iowa",NA,"LA","West South Central","South","CALCASIEU","City","Cities from 2,500 thru 9,999",2639,11,1,12,1,1,2,12,2,14,5.31,"IOWA POLICE DEPARTMENT                            ","Iowa Police Department"
"3219",2003,"LA0170300","Zachary",NA,"LA","West South Central","South","EAST BATON ROUGE","City","Cities from 10,000 thru 24,999",11678,25,0,25,9,2,11,34,2,36,3.08,"ZACHARY POLICE DEPARTMENT                         ","Zachary Police Department"
"3220",2003,"LA0200100","Basile",NA,"LA","West South Central","South","EVANGELINE","City","Cities under 2,500",1632,7,0,7,0,5,5,7,5,12,7.35,"BASILE POLICE DEPARTMENT                          ","Basile Police Department"
"3221",2003,"LA0230300","New Iberia",NA,"LA","West South Central","South","IBERIA","City","Cities from 25,000 thru 49,999",32605,61,1,62,6,15,21,67,16,83,2.55,"NEW IBERIA PD                                     ","New Iberia Police Department"
"3222",2003,"LA0280600","Scott",NA,"LA","West South Central","South","LAFAYETTE","City","Cities from 2,500 thru 9,999",7920,16,0,16,2,1,3,18,1,19,2.4,"SCOTT POLICE DEPARTMENT                           ","Scott Police Department"
"3223",2003,"LA0270100","Elton",NA,"LA","West South Central","South","JEFFERSON DAVIS","City","Cities under 2,500",1252,5,0,5,0,0,0,5,0,5,3.99,"ELTON POLICE DEPARTMENT                           ","Elton Police Department"
"3224",2003,"LA0570100","Abbeville",NA,"LA","West South Central","South","VERMILION","City","Cities from 10,000 thru 24,999",11814,41,1,42,5,1,6,46,2,48,4.06,"ABBEVILLE POLICE DEPARTMENT                       ","Abbeville Police Department"
"3225",2003,"LA0370500","Richwood",NA,"LA","West South Central","South","OUACHITA","City","Cities under 2,500",2111,9,0,9,1,5,6,10,5,15,7.11,"RICHWOOD POLICE DEPARTMENT                        ","Richwood Police Department"
"3226",2003,"LA0640100","Winnfield",NA,"LA","West South Central","South","WINN","City","Cities from 2,500 thru 9,999",5580,15,0,15,0,7,7,15,7,22,3.94,"WINNFIELD POLICE DEPT                             ","Winnfield Police Police Department"
"3227",2003,"LA0530100","Hammond",NA,"LA","West South Central","South","TANGIPAHOA","City","Cities from 10,000 thru 24,999",17678,68,10,78,8,13,21,76,23,99,5.6,"HAMMOND POLICE DEPARTMENT                         ","Hammond Police Department"
"3228",2003,"LA0370200","West Monroe",NA,"LA","West South Central","South","OUACHITA","City","Cities from 10,000 thru 24,999",13089,55,3,58,15,2,17,70,5,75,5.73,"WEST MONROE POLICE DEPARTMENT                     ","West Monroe Police Department"
"3229",2003,"LA0460000","St. Helena",NA,"LA","West South Central","South","ST HELENA","County","MSA counties from 10,000 thru 24,999",10435,14,14,28,3,15,18,17,29,46,4.41,"ST. HELENA PARISH SHERIFF'S OFFICE                ","St. Helena Parish Sheriff's Office"
"3230",2003,"LA036209E","Tulane University",NA,"LA","West South Central","South","ORLEANS","University or College","Cities under 2,500",0,32,4,36,5,9,14,37,13,50,NA,NA,"Tulane University"
"3231",2003,"LA0370100","Monroe",NA,"LA","West South Central","South","OUACHITA","City","Cities from 50,000 thru 99,999",52520,161,7,168,21,35,56,182,42,224,4.27,"MONROE POLICE DEPARTMENT                          ","Monroe Police Department"
"3232",2003,"LA0420200","Rayville",NA,"LA","West South Central","South","RICHLAND","City","Cities from 2,500 thru 9,999",4154,6,0,6,1,0,1,7,0,7,1.69,"RAYVILLE POLICE DEPARTMENT                        ","Rayville Police Department"
"3233",2003,"LA0100000","Calcasieu",NA,"LA","West South Central","South","CALCASIEU","County","MSA counties from 25,000 thru 99,999",78987,451,2,453,214,9,223,665,11,676,8.56,"CALCASIEU PARISH SHERIFF'S OFFICE                 ","Calcasieu Parish Sheriff's Office"
"3234",2003,"LA0290100","Golden Meadow",NA,"LA","West South Central","South","LAFOURCHE","City","Cities under 2,500",2179,4,0,4,1,0,1,5,0,5,2.29,"GOLDEN MEADOW POLICE DEPARTMENT                   ","Golden Meadow Police Department"
"3235",2003,"LA0210000","Franklin",NA,"LA","West South Central","South","FRANKLIN","County","Non-MSA counties from 10,000 thru 24,999",20915,57,0,57,16,0,16,73,0,73,3.49,"FRANKLIN PARISH SHERIFF'S OFFICE                  ","Franklin Parish Sheriff's Office"
"3236",2003,"LA0490000","St. Landry",NA,"LA","West South Central","South","ST LANDRY","County","Non-MSA counties from 25,000 thru 99,999",46250,72,1,73,42,1,43,114,2,116,2.51,"ST. LANDRY PARISH SHERIFF'S OFFICE                ","St. Landry Parish Sheriff's Office"
"3237",2003,"LA0320600","Port Vincent",NA,"LA","West South Central","South","LIVINGSTON","City","Cities under 2,500",488,3,0,3,1,0,1,4,0,4,8.2,"PORT VINCENT POLICE DEPT.                         ","Port Vincent Police Police Department"
"3238",2003,"LA0060000","Beauregard",NA,"LA","West South Central","South","BEAUREGARD","County","Non-MSA counties from 10,000 thru 24,999",24023,50,3,53,5,13,18,55,16,71,2.96,"BEAUREGARD PARISH SHERIFF'S OFFICE                ","Beauregard Parish Sheriff's Office"
"3239",2003,"LA0280700","University of Louisiana:","Lafayette","LA","West South Central","South","LAFAYETTE","University or College","Cities under 2,500",0,23,0,23,1,2,3,24,2,26,NA,"UNIVERSITY OF LOUISIANA AT LAFAYETTE POLICE       ","University Of Louisiana At Lafayette Police"
"3240",2003,"LA0050600","Moreauville",NA,"LA","West South Central","South","AVOYELLES","City","Cities under 2,500",930,1,0,1,0,0,0,1,0,1,1.08,"MOREAUVILLE POLICE DEPARTMENT                     ","Moreauville Police Department"
"3241",2003,"LA0401000","Ball",NA,"LA","West South Central","South","RAPIDES","City","Cities from 2,500 thru 9,999",3642,5,0,5,0,1,1,5,1,6,1.65,"BALL POLICE DEPARTMENT                            ","Ball Police Department"
"3242",2003,"LA0150000","Concordia",NA,"LA","West South Central","South","CONCORDIA","County","Non-MSA counties from 10,000 thru 24,999",11992,166,0,166,51,1,52,217,1,218,18.18,"CONCORDIA PARISH SHERIFF'S OFFICE                 ","Concordia Parish Sheriff's Office"
"3243",2003,"LA0320100","Denham Springs",NA,"LA","West South Central","South","LIVINGSTON","City","Cities from 2,500 thru 9,999",9162,27,2,29,0,12,12,27,14,41,4.48,"DENHAM SPRINGS POLICE DEPARTMENT                  ","Denham Springs Police Department"
"3244",2003,"LA0500100","Breaux Bridge",NA,"LA","West South Central","South","ST MARTIN","City","Cities from 2,500 thru 9,999",7417,15,0,15,10,0,10,25,0,25,3.37,"BREAUX BRIDGE POLICE DEPARTMENT                   ","Breaux Bridge Police Department"
"3245",2003,"LA0010100","Crowley",NA,"LA","West South Central","South","ACADIA","City","Cities from 10,000 thru 24,999",14031,27,0,27,7,1,8,34,1,35,2.49,"CROWLEY POLICE DEPARTMENT                         ","Crowley Police Department"
"3246",2003,"LA0610300","Addis",NA,"LA","West South Central","South","WEST BATON ROUGE","City","Cities under 2,500",2242,6,0,6,0,1,1,6,1,7,3.12,"ADDIS POLICE DEPARTMENT                           ","Addis Police Department"
"3247",2003,"LA0500300","Parks",NA,"LA","West South Central","South","ST MARTIN","City","Cities under 2,500",539,2,0,2,0,0,0,2,0,2,3.71,"PARKS POLICE DEPARTMENT                           ","Parks Police Department"
"3248",2003,"LA0430000","Sabine",NA,"LA","West South Central","South","SABINE","County","Non-MSA counties from 10,000 thru 24,999",20819,38,0,38,21,0,21,59,0,59,2.83,"SABINE PARISH SHERIFF'S OFFICE                    ","Sabine Parish Sheriff's Office"
"3249",2003,"LA0370900","Tensas Basin Levee District",NA,"LA","West South Central","South","OUACHITA","Other State Agency","Cities under 2,500",0,2,0,2,0,1,1,2,1,3,NA,"TENSAS BASIN LEVEE DISTRICT POLICE                ","Tensas Basin Levee District Police"
"3250",2003,"LA0410000","Red River",NA,"LA","West South Central","South","RED RIVER","County","Non-MSA counties under 10,000",7366,31,3,34,6,5,11,37,8,45,6.11,"RED RIVER PARISH SHERIFF'S OFFICE                 ","Red River Parish Sheriff's Office"
"3251",2003,"LA0361200","Southern University and A&M College:","New Orleans","LA","West South Central","South","ORLEANS","University or College","Cities under 2,500",0,5,2,7,4,0,4,9,2,11,NA,"SOUTHERN UNIV PD NEW ORLEANS                      ","Southern Univ Police Department New Orleans"
"3252",2003,"LA0100800","McNeese State University",NA,"LA","West South Central","South","CALCASIEU","University or College","Cities under 2,500",0,9,5,14,2,2,4,11,7,18,NA,"MCNEESE STATE UNIVERSITY POLICE                   ","Mcneese State University Police"
"3253",2003,"LA0150100","Ferriday",NA,"LA","West South Central","South","CONCORDIA","City","Cities from 2,500 thru 9,999",3643,11,2,13,1,4,5,12,6,18,4.94,"FERRIDAY POLICE DEPARTMENT                        ","Ferriday Police Department"
"3254",2003,"LA0310700","Louisiana Tech University",NA,"LA","West South Central","South","LINCOLN","University or College","Cities under 2,500",0,13,0,13,5,2,7,18,2,20,NA,"LOUISIANA TECH UNIVERSITY POLICE                  ","Louisiana Tech University Police"
"3255",2003,"LA0490100","Eunice",NA,"LA","West South Central","South","ACADIA, ST LANDRY","City","Cities from 10,000 thru 24,999",11444,33,1,34,3,8,11,36,9,45,3.93,"EUNICE POLICE DEPARTMENT                          ","Eunice Police Department"
"3256",2003,"LA0190500","Norwood",NA,"LA","West South Central","South","EAST FELICIANA","City","Cities under 2,500",331,1,1,2,0,0,0,1,1,2,6.04,"NORWOOD POLICE DEPT                               ","Norwood Police Police Department"
"3257",2003,"LA0510400","Patterson",NA,"LA","West South Central","South","ST MARY","City","Cities from 2,500 thru 9,999",5146,12,0,12,5,0,5,17,0,17,3.3,"PATTERSON POLICE DEPARTMENT                       ","Patterson Police Department"
"3258",2003,"LA0220500","Pollock",NA,"LA","West South Central","South","GRANT","City","Cities under 2,500",366,2,0,2,0,0,0,2,0,2,5.46,"POLLOCK POLICE DEPARTMENT                         ","Pollock Police Department"
"3259",2003,"LA0280300","Lafayette",NA,"LA","West South Central","South","LAFAYETTE","City","Cities from 100,000 thru 249,999",111612,216,10,226,17,54,71,233,64,297,2.66,"LAFAYETTE POLICE DEPARTMENT                       ","Lafayette Police Department"
"3260",2003,"LA0010400","Iota",NA,"LA","West South Central","South","ACADIA","City","Cities under 2,500",1381,4,0,4,0,0,0,4,0,4,2.9,"IOTA POLICE DEPARTMENT                            ","Iota Police Department"
"3261",2003,"LA0530300","Ponchatoula",NA,"LA","West South Central","South","TANGIPAHOA","City","Cities from 2,500 thru 9,999",5416,15,1,16,2,4,6,17,5,22,4.06,"PONCHATOULA POLICE DEPARTMENT                     ","Ponchatoula Police Department"
"3262",2003,"LA0010200","Rayne",NA,"LA","West South Central","South","ACADIA","City","Cities from 2,500 thru 9,999",8579,18,1,19,4,0,4,22,1,23,2.68,"RAYNE POLICE DEPARTMENT                           ","Rayne Police Department"
"3263",2003,"LA0270300","Lake Arthur",NA,"LA","West South Central","South","JEFFERSON DAVIS","City","Cities from 2,500 thru 9,999",2951,5,0,5,5,0,5,10,0,10,3.39,"LAKE ARTHUR POLICE DEPARTMENT                     ","Lake Arthur Police Department"
"3264",2003,"LA0600000","Webster",NA,"LA","West South Central","South","WEBSTER","County","Non-MSA counties from 10,000 thru 24,999",21422,92,0,92,41,0,41,133,0,133,6.21,"WEBSTER PARISH SHERIFF'S OFFICE                   ","Webster Parish Sheriff's Office"
"3265",2003,"LA0250000","Jackson",NA,"LA","West South Central","South","JACKSON","County","Non-MSA counties from 10,000 thru 24,999",11557,26,0,26,8,0,8,34,0,34,2.94,"JACKSON PARISH SHERIFF'S OFFICE                   ","Jackson Parish Sheriff's Office"
"3266",2003,"LA0090000","Caddo",NA,"LA","West South Central","South","CADDO","County","MSA counties from 25,000 thru 99,999",47013,343,33,376,73,176,249,416,209,625,13.29,"CADDO PARISH SHERIFF'S OFFICE                     ","Caddo Parish Sheriff's Office"
"3267",2003,"LA0060100","De Ridder",NA,"LA","West South Central","South","BEAUREGARD, VERNON","City","Cities from 2,500 thru 9,999",9772,20,0,20,2,6,8,22,6,28,2.87,"DERIDDER POLICE DEPARTMENT                        ","Deridder Police Department"
"3268",2003,"LA0400000","Rapides",NA,"LA","West South Central","South","RAPIDES","County","MSA counties from 25,000 thru 99,999",58592,326,26,352,45,59,104,371,85,456,7.78,"RAPIDES PARISH SHERIFF'S OFFICE                   ","Rapides Parish Sheriff's Office"
"3269",2003,"LA0080500","Louisiana State University:","Health Sciences Center, Shreveport","LA","West South Central","South","BOSSIER","University or College","Cities under 2,500",0,33,4,37,7,14,21,40,18,58,NA,"LOUISIANA STATE UNIVERSITY HEALTH SCIENCES CENTER ","Louisiana State University Health Sciences Center"
"3270",2003,"LA0430100","Many",NA,"LA","West South Central","South","SABINE","City","Cities from 2,500 thru 9,999",2851,10,1,11,3,0,3,13,1,14,4.91,"MANY POLICE DEPARTMENT                            ","Many Police Department"
"3271",2003,"LA0180100","Lake Providence",NA,"LA","West South Central","South","EAST CARROLL","City","Cities from 2,500 thru 9,999",4832,6,0,6,6,0,6,12,0,12,2.48,"LAKE PROVIDENCE POLICE DEPARTMENT                 ","Lake Providence Police Department"
"3272",2003,"LA0050300","Simmesport",NA,"LA","West South Central","South","AVOYELLES","City","Cities under 2,500",2227,3,1,4,0,0,0,3,1,4,1.8,"SIMMESPORT POLICE DEPT.                           ","Simmesport Police Police Department"
"3273",2003,"LA0400700","Woodworth",NA,"LA","West South Central","South","RAPIDES","City","Cities under 2,500",1113,4,0,4,0,2,2,4,2,6,5.39,"WOODWORTH POLICE DEPARTMENT                       ","Woodworth Police Department"
"3274",2003,"LA0230200","Jeanerette",NA,"LA","West South Central","South","IBERIA","City","Cities from 2,500 thru 9,999",5987,9,0,9,8,0,8,17,0,17,2.84,"JEANERETTE POLICE DEPARTMENT                      ","Jeanerette Police Department"
"3275",2003,"LA0400500","Cheneyville",NA,"LA","West South Central","South","RAPIDES","City","Cities under 2,500",901,6,0,6,0,1,1,6,1,7,7.77,"CHENEYVILLE POLICE DEPT.                          ","Cheneyville Police Police Department"
"3276",2003,"LA0470200","Gramercy",NA,"LA","West South Central","South","ST JAMES","City","Cities from 2,500 thru 9,999",3141,6,0,6,1,0,1,7,0,7,2.23,"GRAMERCY POLICE DEPARTMENT                        ","Gramercy Police Department"
"3277",2003,"LA0190100","Clinton",NA,"LA","West South Central","South","EAST FELICIANA","City","Cities under 2,500",1971,6,0,6,1,0,1,7,0,7,3.55,"CLINTON POLICE DEPT.                              ","Clinton Police Police Department"
"3278",2003,"LA0500200","St. Martinville",NA,"LA","West South Central","South","ST MARTIN","City","Cities from 2,500 thru 9,999",7033,12,0,12,2,6,8,14,6,20,2.84,"ST. MARTINVILLE POLICE DEPARTMENT                 ","St. Martinville Police Department"
"3279",2003,"LA0520200","Slidell",NA,"LA","West South Central","South","ST TAMMANY","City","Cities from 25,000 thru 49,999",26547,75,10,85,7,22,29,82,32,114,4.29,"SLIDELL POLICE DEPARTMENT                         ","Slidell Police Department"
"3280",2003,"LA0420100","Delhi",NA,"LA","West South Central","South","RICHLAND","City","Cities from 2,500 thru 9,999",3142,7,1,8,1,3,4,8,4,12,3.82,"DELHI POLICE DEPARTMENT                           ","Delhi Police Department"
"3281",2003,"LA0380000","Plaquemines",NA,"LA","West South Central","South","PLAQUEMINES","County","MSA counties from 25,000 thru 99,999",27415,124,5,129,34,34,68,158,39,197,7.19,"PLAQUEMINES PARISH SHERIFF'S OFFICE               ","Plaquemines Parish Sheriff's Office"
"3282",2003,"LA0020100","Kinder",NA,"LA","West South Central","South","ALLEN","City","Cities under 2,500",2102,11,0,11,1,5,6,12,5,17,8.09,"KINDER POLICE DEPARTMENT                          ","Kinder Police Department"
"3283",2003,"LA0560000","Union",NA,"LA","West South Central","South","UNION","County","MSA counties from 10,000 thru 24,999",17266,33,5,38,4,8,12,37,13,50,2.9,"UNION PARISH SHERIFF'S OFFICE                     ","Union Parish Sheriff's Office"
"3284",2003,"LA0310600","Grambling State University",NA,"LA","West South Central","South","LINCOLN","University or College","Cities under 2,500",0,5,0,5,5,1,6,10,1,11,NA,"GRAMBLING STATE UNIVERSITY POLICE DEPT.           ","Grambling State University Police Police Department"
"3285",2003,"LA0540200","Waterproof",NA,"LA","West South Central","South","TENSAS","City","Cities under 2,500",814,2,0,2,0,0,0,2,0,2,2.46,"WATERPROOF POLICE DEPARTMENT                      ","Waterproof Police Department"
"3286",2003,"LA0100300","Sulphur",NA,"LA","West South Central","South","CALCASIEU","City","Cities from 10,000 thru 24,999",20103,40,7,47,6,12,18,46,19,65,3.23,"SULPHUR POLICE DEPARTMENT                         ","Sulphur Police Department"
"3287",2003,"LA0160000","De Soto",NA,"LA","West South Central","South","DE SOTO","County","MSA counties from 10,000 thru 24,999",18687,57,0,57,17,8,25,74,8,82,4.39,"DE SOTO PARISH SHERIFF'S OFFICE                   ","De Soto Parish Sheriff's Office"
"3288",2003,"LA0240300","White Castle",NA,"LA","West South Central","South","IBERVILLE","City","Cities under 2,500",1921,8,0,8,1,4,5,9,4,13,6.77,"WHITE CASTLE POLICE DEPARTMENT                    ","White Castle Police Department"
"3289",2002,"LA0260000","Jefferson",NA,"LA","West South Central","South","JEFFERSON","County","MSA counties 100,000 or over",347942,1027,374,1401,639,519,1158,1666,893,2559,7.35,"JEFFERSON PARISH SHERIFF'S OFFICE                 ","Jefferson Parish Sheriff's Office"
"3290",2002,"LA0170100","Baker",NA,"LA","West South Central","South","EAST BATON ROUGE","City","Cities from 10,000 thru 24,999",13835,26,0,26,5,0,5,31,0,31,2.24,"BAKER POLICE DEPARTMENT                           ","Baker Police Department"
"3291",2002,"LA0110000","Caldwell",NA,"LA","West South Central","South","CALDWELL","County","Non-MSA counties from 10,000 thru 24,999",10592,18,0,18,3,0,3,21,0,21,1.98,"CALDWELL PARISH SHERIFF'S OFFICE                  ","Caldwell Parish Sheriff's Office"
"3292",2002,"LA0080700","Southern University and A&M College:","Shreveport","LA","West South Central","South","BOSSIER","University or College","Cities under 2,500",0,6,0,6,2,0,2,8,0,8,NA,"SOUTHERN UNIVERSITY AND A & M COLLEGE - SHREVEPORT","Southern University And A & M College - Shreveport"
"3293",2002,"LA0390000","Pointe Coupee",NA,"LA","West South Central","South","POINTE COUPEE","County","Non-MSA counties from 10,000 thru 24,999",17851,37,35,72,2,34,36,39,69,108,6.05,"POINTE COUPEE PARISH SHERIFF'S OFFICE             ","Pointe Coupee Parish Sheriff's Office"
"3294",2002,"LA0100800","McNeese State University",NA,"LA","West South Central","South","CALCASIEU","University or College","Cities under 2,500",0,9,4,13,1,3,4,10,7,17,NA,"MCNEESE STATE UNIVERSITY POLICE                   ","Mcneese State University Police"
"3295",2002,"LA0150100","Ferriday",NA,"LA","West South Central","South","CONCORDIA","City","Cities from 2,500 thru 9,999",3734,9,2,11,2,3,5,11,5,16,4.28,"FERRIDAY POLICE DEPARTMENT                        ","Ferriday Police Department"
"3296",2002,"LA0270100","Elton",NA,"LA","West South Central","South","JEFFERSON DAVIS","City","Cities under 2,500",1264,5,0,5,0,0,0,5,0,5,3.96,"ELTON POLICE DEPARTMENT                           ","Elton Police Department"
"3297",2002,"LA0300200","Olla",NA,"LA","West South Central","South","LA SALLE","City","Cities under 2,500",1421,3,0,3,0,0,0,3,0,3,2.11,"OLLA POLICE DEPARTMENT                            ","Olla Police Department"
"3298",2002,"LA0590200","Franklinton",NA,"LA","West South Central","South","WASHINGTON","City","Cities from 2,500 thru 9,999",3668,12,1,13,1,5,6,13,6,19,5.18,"FRANKLINTON POLICE DEPARTMENT                     ","Franklinton Police Department"
"3299",2002,"LA0580100","Leesville",NA,"LA","West South Central","South","VERNON","City","Cities from 2,500 thru 9,999",6774,20,0,20,8,0,8,28,0,28,4.13,"LEESVILLE POLICE DEPARTMENT                       ","Leesville Police Department"
"3300",2002,"LA0300000","La Salle",NA,"LA","West South Central","South","LA SALLE","County","Non-MSA counties under 10,000",9924,29,3,32,14,2,16,43,5,48,4.84,"LA SALLE PARISH SHERIFF'S OFFICE                  ","La Salle Parish Sheriff's Office"
"3301",2002,"LA0310000","Lincoln",NA,"LA","West South Central","South","LINCOLN","County","Non-MSA counties from 10,000 thru 24,999",16522,39,0,39,11,0,11,50,0,50,3.03,"LINCOLN PARISH SHERIFF'S OFFICE                   ","Lincoln Parish Sheriff's Office"
"3302",2002,"LA0330100","Tallulah",NA,"LA","West South Central","South","MADISON","City","Cities from 2,500 thru 9,999",9217,9,0,9,7,0,7,16,0,16,1.74,"TALLULAH POLICE DEPT.                             ","Tallulah Police Police Department"
"3303",2002,"LA0350100","Natchitoches",NA,"LA","West South Central","South","NATCHITOCHES","City","Cities from 10,000 thru 24,999",17920,49,1,50,5,12,17,54,13,67,3.74,"NATCHITOCHES POLICE DEPARTMENT                    ","Natchitoches Police Department"
"3304",2002,"LA0200100","Basile",NA,"LA","West South Central","South","EVANGELINE","City","Cities under 2,500",1666,8,0,8,0,6,6,8,6,14,8.4,"BASILE POLICE DEPARTMENT                          ","Basile Police Department"
"3305",2002,"LA0640100","Winnfield",NA,"LA","West South Central","South","WINN","City","Cities from 2,500 thru 9,999",5767,15,2,17,0,6,6,15,8,23,3.99,"WINNFIELD POLICE DEPT                             ","Winnfield Police Police Department"
"3306",2002,"LA0170300","Zachary",NA,"LA","West South Central","South","EAST BATON ROUGE","City","Cities from 10,000 thru 24,999",11310,24,0,24,9,1,10,33,1,34,3.01,"ZACHARY POLICE DEPARTMENT                         ","Zachary Police Department"
"3307",2002,"LA0100700","Iowa",NA,"LA","West South Central","South","CALCASIEU","City","Cities from 2,500 thru 9,999",2671,9,1,10,1,1,2,10,2,12,4.49,"IOWA POLICE DEPARTMENT                            ","Iowa Police Department"
"3308",2002,"LA0530100","Hammond",NA,"LA","West South Central","South","TANGIPAHOA","City","Cities from 10,000 thru 24,999",17692,64,10,74,7,15,22,71,25,96,5.43,"HAMMOND POLICE DEPARTMENT                         ","Hammond Police Department"
"3309",2002,"LA0230300","New Iberia",NA,"LA","West South Central","South","IBERIA","City","Cities from 25,000 thru 49,999",32723,63,2,65,6,14,20,69,16,85,2.6,"NEW IBERIA PD                                     ","New Iberia Police Department"
"3310",2002,"LA0490100","Eunice",NA,"LA","West South Central","South","ACADIA, ST LANDRY","City","Cities from 10,000 thru 24,999",11535,37,1,38,3,4,7,40,5,45,3.9,"EUNICE POLICE DEPARTMENT                          ","Eunice Police Department"
"3311",2002,"LA0370900","Tensas Basin Levee District",NA,"LA","West South Central","South","OUACHITA","Other State Agency","Cities under 2,500",0,2,1,3,0,0,0,2,1,3,NA,"TENSAS BASIN LEVEE DISTRICT POLICE                ","Tensas Basin Levee District Police"
"3312",2002,"LA0410000","Red River",NA,"LA","West South Central","South","RED RIVER","County","Non-MSA counties under 10,000",7345,32,1,33,8,6,14,40,7,47,6.4,"RED RIVER PARISH SHERIFF'S OFFICE                 ","Red River Parish Sheriff's Office"
"3313",2002,"LA0430000","Sabine",NA,"LA","West South Central","South","SABINE","County","Non-MSA counties from 10,000 thru 24,999",20632,44,1,45,21,1,22,65,2,67,3.25,"SABINE PARISH SHERIFF'S OFFICE                    ","Sabine Parish Sheriff's Office"
"3314",2002,"LA0310700","Louisiana Tech University",NA,"LA","West South Central","South","LINCOLN","University or College","Cities under 2,500",0,12,0,12,5,2,7,17,2,19,NA,"LOUISIANA TECH UNIVERSITY POLICE                  ","Louisiana Tech University Police"
"3315",2002,"LA0361200","Southern University and A&M College:","New Orleans","LA","West South Central","South","ORLEANS","University or College","Cities under 2,500",0,5,0,5,3,0,3,8,0,8,NA,"SOUTHERN UNIV PD NEW ORLEANS                      ","Southern Univ Police Department New Orleans"
"3316",2002,"LA0520500","Pearl River",NA,"LA","West South Central","South","ST TAMMANY","City","Cities under 2,500",1845,6,0,6,0,4,4,6,4,10,5.42,"PEARL RIVER POLICE DEPARTMENT                     ","Pearl River Police Department"
"3317",2002,"LA0420200","Rayville",NA,"LA","West South Central","South","RICHLAND","City","Cities from 2,500 thru 9,999",4247,9,0,9,1,0,1,10,0,10,2.35,"RAYVILLE POLICE DEPARTMENT                        ","Rayville Police Department"
"3318",2002,"LA0070000","Bienville",NA,"LA","West South Central","South","BIENVILLE","County","Non-MSA counties from 10,000 thru 24,999",15800,28,1,29,10,2,12,38,3,41,2.59,"BIENVILLE PARISH SHERIFF'S OFFICE                 ","Bienville Parish Sheriff's Office"
"3319",2002,"LA0140200","Homer",NA,"LA","West South Central","South","CLAIBORNE","City","Cities from 2,500 thru 9,999",3799,10,0,10,1,0,1,11,0,11,2.9,"HOMER POLICE DEPARTMENT                           ","Homer Police Department"
"3320",2002,"LA0370100","Monroe",NA,"LA","West South Central","South","OUACHITA","City","Cities from 50,000 thru 99,999",53270,162,6,168,24,42,66,186,48,234,4.39,"MONROE POLICE DEPARTMENT                          ","Monroe Police Department"
"3321",2002,"LA0610000","West Baton Rouge",NA,"LA","West South Central","South","WEST BATON ROUGE","County","MSA counties from 10,000 thru 24,999",12100,110,2,112,23,28,51,133,30,163,13.47,"WEST BATON ROUGE PARISH SHERIFF'S OFFICE          ","West Baton Rouge Parish Sheriff's Office"
"3322",2002,"LA0510400","Patterson",NA,"LA","West South Central","South","ST MARY","City","Cities from 2,500 thru 9,999",5146,13,1,14,5,0,5,18,1,19,3.69,"PATTERSON POLICE DEPARTMENT                       ","Patterson Police Department"
"3323",2002,"LA0190000","East Feliciana",NA,"LA","West South Central","South","EAST FELICIANA","County","Non-MSA counties from 10,000 thru 24,999",14942,41,1,42,3,17,20,44,18,62,4.15,"EAST FELICIANA PARISH SHERIFF'S OFFICE            ","East Feliciana Parish Sheriff's Office"
"3324",2002,"LA0280500","Youngsville",NA,"LA","West South Central","South","LAFAYETTE","City","Cities from 2,500 thru 9,999",4004,8,2,10,0,0,0,8,2,10,2.5,"YOUNGSVILLE POLICE DEPARTMENT                     ","Youngsville Police Department"
"3325",2002,"LA0240200","Plaquemine",NA,"LA","West South Central","South","IBERVILLE","City","Cities from 2,500 thru 9,999",7085,16,0,16,4,4,8,20,4,24,3.39,"PLAQUEMINE POLICE DEPARTMENT                      ","Plaquemine Police Department"
"3326",2002,"LA0290300","Lockport",NA,"LA","West South Central","South","LAFOURCHE","City","Cities from 2,500 thru 9,999",2632,5,0,5,0,0,0,5,0,5,1.9,"LOCKPORT POLICE DEPARTMENT                        ","Lockport Police Department"
"3327",2002,"LA0170600","Southern University and A&M College:","Baton Rouge","LA","West South Central","South","EAST BATON ROUGE","University or College","Cities under 2,500",0,22,6,28,6,8,14,28,14,42,NA,"SOUTHERN UNIVERSITY AND A & M COLLEGE POLICE      ","Southern University And A & M College Police"
"3328",2002,"LA0250100","Jonesboro",NA,"LA","West South Central","South","JACKSON","City","Cities from 2,500 thru 9,999",3926,10,2,12,1,2,3,11,4,15,3.82,"JONESBORO POLICE DEPARTMENT                       ","Jonesboro Police Department"
"3329",2002,"LA0340100","Bastrop",NA,"LA","West South Central","South","MOREHOUSE","City","Cities from 10,000 thru 24,999",13028,29,0,29,15,5,20,44,5,49,3.76,"BASTROP POLICE DEPARTMENT                         ","Bastrop Police Department"
"3330",2002,"LA0270300","Lake Arthur",NA,"LA","West South Central","South","JEFFERSON DAVIS","City","Cities from 2,500 thru 9,999",3016,5,0,5,5,0,5,10,0,10,3.32,"LAKE ARTHUR POLICE DEPARTMENT                     ","Lake Arthur Police Department"
"3331",2002,"LA0190500","Norwood",NA,"LA","West South Central","South","EAST FELICIANA","City","Cities under 2,500",338,1,1,2,0,0,0,1,1,2,5.92,"NORWOOD POLICE DEPT                               ","Norwood Police Police Department"
"3332",2002,"LA0280300","Lafayette",NA,"LA","West South Central","South","LAFAYETTE","City","Cities from 100,000 thru 249,999",110594,195,23,218,17,52,69,212,75,287,2.6,"LAFAYETTE POLICE DEPARTMENT                       ","Lafayette Police Department"
"3333",2002,"LA0220500","Pollock",NA,"LA","West South Central","South","GRANT","City","Cities under 2,500",377,2,0,2,0,0,0,2,0,2,5.31,"POLLOCK POLICE DEPARTMENT                         ","Pollock Police Department"
"3334",2002,"LA0520700","Folsom",NA,"LA","West South Central","South","ST TAMMANY","City","Cities under 2,500",526,2,0,2,0,1,1,2,1,3,5.7,"FOLSOM POLICE DEPARTMENT                          ","Folsom Police Department"
"3335",2002,"LA0370200","West Monroe",NA,"LA","West South Central","South","OUACHITA","City","Cities from 10,000 thru 24,999",13290,55,3,58,16,2,18,71,5,76,5.72,"WEST MONROE POLICE DEPARTMENT                     ","West Monroe Police Department"
"3336",2002,"LA0250000","Jackson",NA,"LA","West South Central","South","JACKSON","County","Non-MSA counties from 10,000 thru 24,999",11518,26,0,26,6,0,6,32,0,32,2.78,"JACKSON PARISH SHERIFF'S OFFICE                   ","Jackson Parish Sheriff's Office"
"3337",2002,"LA0090000","Caddo",NA,"LA","West South Central","South","CADDO","County","MSA counties from 25,000 thru 99,999",46812,340,31,371,72,180,252,412,211,623,13.31,"CADDO PARISH SHERIFF'S OFFICE                     ","Caddo Parish Sheriff's Office"
"3338",2002,"LA0060100","De Ridder",NA,"LA","West South Central","South","BEAUREGARD, VERNON","City","Cities from 2,500 thru 9,999",9838,17,0,17,7,1,8,24,1,25,2.54,"DERIDDER POLICE DEPARTMENT                        ","Deridder Police Department"
"3339",2002,"LA0370500","Richwood",NA,"LA","West South Central","South","OUACHITA","City","Cities under 2,500",2122,6,1,7,0,6,6,6,7,13,6.13,"RICHWOOD POLICE DEPARTMENT                        ","Richwood Police Department"
"3340",2002,"LA0080500","Louisiana State University:","Health Sciences Center, Shreveport","LA","West South Central","South","BOSSIER","University or College","Cities under 2,500",0,30,7,37,8,13,21,38,20,58,NA,"LOUISIANA STATE UNIVERSITY HEALTH SCIENCES CENTER ","Louisiana State University Health Sciences Center"
"3341",2002,"LA0050300","Simmesport",NA,"LA","West South Central","South","AVOYELLES","City","Cities under 2,500",2246,5,0,5,0,0,0,5,0,5,2.23,"SIMMESPORT POLICE DEPT.                           ","Simmesport Police Police Department"
"3342",2002,"LA0180100","Lake Providence",NA,"LA","West South Central","South","EAST CARROLL","City","Cities from 2,500 thru 9,999",5120,4,0,4,7,0,7,11,0,11,2.15,"LAKE PROVIDENCE POLICE DEPARTMENT                 ","Lake Providence Police Department"
"3343",2002,"LA0520100","Covington",NA,"LA","West South Central","South","ST TAMMANY","City","Cities from 2,500 thru 9,999",8509,30,0,30,2,10,12,32,10,42,4.94,"COVINGTON POLICE DEPARTMENT                       ","Covington Police Department"
"3344",2002,"LA0190200","Jackson",NA,"LA","West South Central","South","EAST FELICIANA","City","Cities from 2,500 thru 9,999",4142,6,1,7,0,0,0,6,1,7,1.69,"JACKSON POLICE DEPARTMENT                         ","Jackson Police Department"
"3345",2002,"LA0090200","Vivian",NA,"LA","West South Central","South","CADDO","City","Cities from 2,500 thru 9,999",4043,9,0,9,0,3,3,9,3,12,2.97,"VIVIAN POLICE DEPARTMENT                          ","Vivian Police Department"
"3346",2002,"LA0100500","Westlake",NA,"LA","West South Central","South","CALCASIEU","City","Cities from 2,500 thru 9,999",4682,14,0,14,6,1,7,20,1,21,4.49,"WESTLAKE POLICE DEPARTMENT                        ","Westlake Police Department"
"3347",2002,"LA0200300","Ville Platte",NA,"LA","West South Central","South","EVANGELINE","City","Cities from 2,500 thru 9,999",8170,20,0,20,3,0,3,23,0,23,2.82,"VILLE PLATTE POLICE DEPARTMENT                    ","Ville Platte Police Department"
"3348",2002,"LA0160100","Mansfield",NA,"LA","West South Central","South","DE SOTO","City","Cities from 2,500 thru 9,999",5599,10,0,10,1,4,5,11,4,15,2.68,"MANSFIELD POLICE DEPARTMENT                       ","Mansfield Police Department"
"3349",2002,"LA0310600","Grambling State University",NA,"LA","West South Central","South","LINCOLN","University or College","Cities under 2,500",0,5,0,5,8,1,9,13,1,14,NA,"GRAMBLING STATE UNIVERSITY POLICE DEPT.           ","Grambling State University Police Police Department"
"3350",2002,"LA0380000","Plaquemines",NA,"LA","West South Central","South","PLAQUEMINES","County","MSA counties from 25,000 thru 99,999",26839,109,4,113,85,10,95,194,14,208,7.75,"PLAQUEMINES PARISH SHERIFF'S OFFICE               ","Plaquemines Parish Sheriff's Office"
"3351",2002,"LA0600100","Minden",NA,"LA","West South Central","South","WEBSTER","City","Cities from 10,000 thru 24,999",13067,30,0,30,3,1,4,33,1,34,2.6,"MINDEN POLICE DEPARTMENT                          ","Minden Police Department"
"3352",2002,"LA0560100","Farmerville",NA,"LA","West South Central","South","UNION","City","Cities from 2,500 thru 9,999",3819,8,0,8,5,0,5,13,0,13,3.4,"FARMERVILLE POLICE DEPARTMENT                     ","Farmerville Police Department"
"3353",2002,"LA0530200","Kentwood",NA,"LA","West South Central","South","TANGIPAHOA","City","Cities under 2,500",2212,9,0,9,1,0,1,10,0,10,4.52,"KENTWOOD POLICE DEPARTMENT                        ","Kentwood Police Department"
"3354",2002,"LA0600200","Springhill",NA,"LA","West South Central","South","WEBSTER","City","Cities from 2,500 thru 9,999",5456,12,0,12,1,0,1,13,0,13,2.38,"SPRINGHILL POLICE DEPARTMENT                      ","Springhill Police Department"
"3355",2002,"LA0400000","Rapides",NA,"LA","West South Central","South","RAPIDES","County","MSA counties from 25,000 thru 99,999",57547,284,23,307,38,58,96,322,81,403,7,"RAPIDES PARISH SHERIFF'S OFFICE                   ","Rapides Parish Sheriff's Office"
"3356",2002,"LA0430100","Many",NA,"LA","West South Central","South","SABINE","City","Cities from 2,500 thru 9,999",2898,10,1,11,3,0,3,13,1,14,4.83,"MANY POLICE DEPARTMENT                            ","Many Police Department"
"3357",2002,"LA0600000","Webster",NA,"LA","West South Central","South","WEBSTER","County","MSA counties from 10,000 thru 24,999",21783,25,65,90,3,35,38,28,100,128,5.88,"WEBSTER PARISH SHERIFF'S OFFICE                   ","Webster Parish Sheriff's Office"
"3358",2002,"LA0170400","Louisiana State University:","Baton Rouge","LA","West South Central","South","EAST BATON ROUGE","University or College","Cities under 2,500",0,52,0,52,8,2,10,60,2,62,NA,"LOUISIANA STATE UNIVERSITY POLICE DEPARTMENT      ","Louisiana State University Police Department"
"3359",2002,"LA0550100","Houma",NA,"LA","West South Central","South","TERREBONNE","City","Cities from 25,000 thru 49,999",32492,62,1,63,9,14,23,71,15,86,2.65,"HOUMA POLICE DEPARTMENT                           ","Houma Police Department"
"3360",2002,"LA0280700","University of Louisiana:","Lafayette","LA","West South Central","South","LAFAYETTE","University or College","Cities under 2,500",0,21,0,21,2,1,3,23,1,24,NA,"UNIVERSITY OF LOUISIANA AT LAFAYETTE POLICE       ","University Of Louisiana At Lafayette Police"
"3361",2002,"LA0320100","Denham Springs",NA,"LA","West South Central","South","LIVINGSTON","City","Cities from 2,500 thru 9,999",8784,27,2,29,0,13,13,27,15,42,4.78,"DENHAM SPRINGS POLICE DEPARTMENT                  ","Denham Springs Police Department"
"3362",2002,"LA0320600","Port Vincent",NA,"LA","West South Central","South","LIVINGSTON","City","Cities under 2,500",464,3,0,3,0,1,1,3,1,4,8.62,"PORT VINCENT POLICE DEPT.                         ","Port Vincent Police Police Department"
"3363",2002,"LA0401000","Ball",NA,"LA","West South Central","South","RAPIDES","City","Cities from 2,500 thru 9,999",3692,4,1,5,0,0,0,4,1,5,1.35,"BALL POLICE DEPARTMENT                            ","Ball Police Department"
"3364",2002,"LA0550000","Terrebonne",NA,"LA","West South Central","South","TERREBONNE","County","MSA counties from 25,000 thru 99,999",72331,206,19,225,83,10,93,289,29,318,4.4,"TERREBONNE PARISH SHERIFF'S OFFICE                ","Terrebonne Parish Sheriff's Office"
"3365",2002,"LA0010400","Iota",NA,"LA","West South Central","South","ACADIA","City","Cities under 2,500",1380,4,0,4,0,0,0,4,0,4,2.9,"IOTA POLICE DEPARTMENT                            ","Iota Police Department"
"3366",2002,"LA0010200","Rayne",NA,"LA","West South Central","South","ACADIA","City","Cities from 2,500 thru 9,999",8578,20,0,20,4,1,5,24,1,25,2.91,"RAYNE POLICE DEPARTMENT                           ","Rayne Police Department"
"3367",2002,"LA0060000","Beauregard",NA,"LA","West South Central","South","BEAUREGARD","County","Non-MSA counties from 10,000 thru 24,999",23630,49,5,54,5,12,17,54,17,71,3,"BEAUREGARD PARISH SHERIFF'S OFFICE                ","Beauregard Parish Sheriff's Office"
"3368",2002,"LA0530300","Ponchatoula",NA,"LA","West South Central","South","TANGIPAHOA","City","Cities from 2,500 thru 9,999",5196,14,1,15,2,4,6,16,5,21,4.04,"PONCHATOULA POLICE DEPARTMENT                     ","Ponchatoula Police Department"
"3369",2002,"LA0150000","Concordia",NA,"LA","West South Central","South","CONCORDIA","County","Non-MSA counties from 10,000 thru 24,999",12019,147,0,147,55,1,56,202,1,203,16.89,"CONCORDIA PARISH SHERIFF'S OFFICE                 ","Concordia Parish Sheriff's Office"
"3370",2002,"LA0240000","Iberville",NA,"LA","West South Central","South","IBERVILLE","County","Non-MSA counties from 10,000 thru 24,999",17427,78,16,94,8,46,54,86,62,148,8.49,"IBERVILLE PARISH SHERIFF'S OFFICE                 ","Iberville Parish Sheriff's Office"
"3371",2002,"LA0020200","Oakdale",NA,"LA","West South Central","South","ALLEN","City","Cities from 2,500 thru 9,999",8162,19,0,19,6,0,6,25,0,25,3.06,"OAKDALE POLICE DEPARTMENT                         ","Oakdale Police Department"
"3372",2002,"LA0570200","Kaplan",NA,"LA","West South Central","South","VERMILION","City","Cities from 2,500 thru 9,999",5193,15,0,15,7,0,7,22,0,22,4.24,"KAPLAN POLICE DEPARTMENT                          ","Kaplan Police Department"
"3373",2002,"LA0290500","Thibodaux",NA,"LA","West South Central","South","LAFOURCHE","City","Cities from 10,000 thru 24,999",14475,51,4,55,4,10,14,55,14,69,4.77,"THIBODAUX POLICE DEPARTMENT                       ","Thibodaux Police Department"
"3374",2002,"LA0320700","French Settlement",NA,"LA","West South Central","South","LIVINGSTON","City","Cities under 2,500",948,2,0,2,0,0,0,2,0,2,2.11,"FRENCH SETTLEMENT POLICE DEPARTMENT               ","French Settlement Police Department"
"3375",2002,"LA0520300","Mandeville",NA,"LA","West South Central","South","ST TAMMANY","City","Cities from 10,000 thru 24,999",10521,28,2,30,9,7,16,37,9,46,4.37,"MANDEVILLE POLICE DEPARTMENT                      ","Mandeville Police Department"
"3376",2002,"LA0610200","Brusly",NA,"LA","West South Central","South","WEST BATON ROUGE","City","Cities under 2,500",2027,9,0,9,0,1,1,9,1,10,4.93,"BRUSLY POLICE DEPARTMENT                          ","Brusly Police Department"
"3377",2002,"LA0170200","Baton Rouge",NA,"LA","West South Central","South","EAST BATON ROUGE","City","Cities from 100,000 thru 249,999",228515,514,12,526,79,144,223,593,156,749,3.28,"BATON ROUGE POLICE DEPARTMENT                     ","Baton Rouge Police Department"
"3378",2002,"LA0420000","Richland",NA,"LA","West South Central","South","RICHLAND","County","Non-MSA counties from 10,000 thru 24,999",13724,64,1,65,46,12,58,110,13,123,8.96,"RICHLAND PARISH SHERIFF'S OFFICE                  ","Richland Parish Sheriff's Office"
"3379",2002,"LA0100100","De Quincy",NA,"LA","West South Central","South","CALCASIEU","City","Cities from 2,500 thru 9,999",3408,11,0,11,2,0,2,13,0,13,3.81,"DEQUINCY POLICE DEPARTMENT                        ","Dequincy Police Department"
"3380",2002,"LA0361700","Louisiana State University:","Health Sciences Center, New Orleans","LA","West South Central","South","ORLEANS","University or College","Cities under 2,500",0,43,1,44,15,0,15,58,1,59,NA,"LSU HEALTH SCIENCES CENTER POLICE DEPARTMENT      ","Lsu Health Sciences Center Police Department"
"3381",2002,"LA0290600","Nicholls State University",NA,"LA","West South Central","South","LAFOURCHE","University or College","Cities under 2,500",0,9,1,10,3,5,8,12,6,18,NA,"NICHOLLS STATE UNIVERSITY POLICE                  ","Nicholls State University Police"
"3382",2002,"LA0260200","Harahan",NA,"LA","West South Central","South","JEFFERSON","City","Cities from 2,500 thru 9,999",9915,20,0,20,5,0,5,25,0,25,2.52,"HARAHAN POLICE DEPARTMENT                         ","Harahan Police Department"
"3383",2002,"LA0140100","Haynesville",NA,"LA","West South Central","South","CLAIBORNE","City","Cities from 2,500 thru 9,999",2687,7,0,7,1,0,1,8,0,8,2.98,"HAYNESVILLE POLICE DEPT                           ","Haynesville Police Police Department"
"3384",2002,"LA0230200","Jeanerette",NA,"LA","West South Central","South","IBERIA","City","Cities from 2,500 thru 9,999",6015,10,0,10,1,4,5,11,4,15,2.49,"JEANERETTE POLICE DEPARTMENT                      ","Jeanerette Police Department"
"3385",2002,"LA0470200","Gramercy",NA,"LA","West South Central","South","ST JAMES","City","Cities from 2,500 thru 9,999",3075,6,0,6,1,0,1,7,0,7,2.28,"GRAMERCY POLICE DEPARTMENT                        ","Gramercy Police Department"
"3386",2002,"LA0400600","Glenmora",NA,"LA","West South Central","South","RAPIDES","City","Cities under 2,500",1562,5,0,5,1,0,1,6,0,6,3.84,"GLENMORA POLICE DEPARTMENT                        ","Glenmora Police Department"
"3387",2002,"LA0190100","Clinton",NA,"LA","West South Central","South","EAST FELICIANA","City","Cities under 2,500",2004,6,0,6,1,0,1,7,0,7,3.49,"CLINTON POLICE DEPT.                              ","Clinton Police Police Department"
"3388",2002,"LA0310100","Dubach",NA,"LA","West South Central","South","LINCOLN","City","Cities under 2,500",802,2,0,2,0,0,0,2,0,2,2.49,"DUBACH POLICE DEPT                                ","Dubach Police Police Department"
"3389",2002,"LA0220000","Grant",NA,"LA","West South Central","South","GRANT","County","Non-MSA counties from 10,000 thru 24,999",18378,36,0,36,12,0,12,48,0,48,2.61,"GRANT PARISH SHERIFF'S OFFICE                     ","Grant Parish Sheriff's Office"
"3390",2002,"LA0050200","Marksville",NA,"LA","West South Central","South","AVOYELLES","City","Cities from 2,500 thru 9,999",5554,12,0,12,2,8,10,14,8,22,3.96,"MARKSVILLE POLICE DEPARTMENT                      ","Marksville Police Department"
"3391",2002,"LA0260100","Gretna",NA,"LA","West South Central","South","JEFFERSON","City","Cities from 10,000 thru 24,999",17476,64,3,67,16,18,34,80,21,101,5.78,"GRETNA POLICE DEPARTMENT                          ","Gretna Police Department"
"3392",2002,"LA0360200","Delgado Community College",NA,"LA","West South Central","South","ORLEANS","University or College","Cities under 2,500",0,13,2,15,2,3,5,15,5,20,NA,"DELGADO COMMUNITY COLLEGE POLICE                  ","Delgado Community College Police"
"3393",2002,"LA0080100","Bossier City",NA,"LA","West South Central","South","BOSSIER","City","Cities from 50,000 thru 99,999",56634,140,15,155,10,39,49,150,54,204,3.6,"BOSSIER CITY POLICE DEPT                          ","Bossier City Police Police Department"
"3394",2002,"LA0530800","Tickfaw",NA,"LA","West South Central","South","TANGIPAHOA","City","Cities under 2,500",619,5,0,5,2,0,2,7,0,7,11.31,"TICKFAW POLICE DEPARTMENT                         ","Tickfaw Police Department"
"3395",2002,"LA0570000","Vermilion",NA,"LA","West South Central","South","VERMILION","County","Non-MSA counties from 25,000 thru 99,999",34661,49,26,75,5,19,24,54,45,99,2.86,"VERMILION PARISH SHERIFF'S OFFICE                 ","Vermilion Parish Sheriff's Office"
"3396",2002,"LA0030300","Sorrento",NA,"LA","West South Central","South","ASCENSION","City","Cities under 2,500",1230,4,0,4,1,0,1,5,0,5,4.07,"SORRENTO POLICE DEPARTMENT                        ","Sorrento Police Department"
"3397",2002,"LA0500200","St. Martinville",NA,"LA","West South Central","South","ST MARTIN","City","Cities from 2,500 thru 9,999",7010,13,2,15,2,6,8,15,8,23,3.28,"ST. MARTINVILLE POLICE DEPARTMENT                 ","St. Martinville Police Department"
"3398",2002,"LA0560000","Union",NA,"LA","West South Central","South","UNION","County","Non-MSA counties from 10,000 thru 24,999",17239,35,7,42,2,12,14,37,19,56,3.25,"UNION PARISH SHERIFF'S OFFICE                     ","Union Parish Sheriff's Office"
"3399",2002,"LA0020100","Kinder",NA,"LA","West South Central","South","ALLEN","City","Cities under 2,500",2155,8,0,8,5,0,5,13,0,13,6.03,"KINDER POLICE DEPARTMENT                          ","Kinder Police Department"
"3400",2002,"LA0520200","Slidell",NA,"LA","West South Central","South","ST TAMMANY","City","Cities from 25,000 thru 49,999",25774,73,10,83,3,26,29,76,36,112,4.35,"SLIDELL POLICE DEPARTMENT                         ","Slidell Police Department"
"3401",2002,"LA0540200","Waterproof",NA,"LA","West South Central","South","TENSAS","City","Cities under 2,500",836,6,0,6,0,2,2,6,2,8,9.57,"WATERPROOF POLICE DEPARTMENT                      ","Waterproof Police Department"
"3402",2002,"LA0100400","Vinton",NA,"LA","West South Central","South","CALCASIEU","City","Cities from 2,500 thru 9,999",3348,9,0,9,3,0,3,12,0,12,3.58,"VINTON POLICE DEPARTMENT                          ","Vinton Police Department"
"3403",2002,"LA0530900","Southeastern Louisiana University",NA,"LA","West South Central","South","TANGIPAHOA","University or College","Cities under 2,500",0,25,0,25,1,7,8,26,7,33,NA,"SOUTHEASTERN LOUISIANA UNIVERSITY POLICE          ","Southeastern Louisiana University Police"
"3404",2002,"LA0530500","Independence",NA,"LA","West South Central","South","TANGIPAHOA","City","Cities under 2,500",1730,7,0,7,0,0,0,7,0,7,4.05,"INDEPENDENCE POLICE DEPARTMENT                    ","Independence Police Department"
"3405",2002,"LA0510100","Berwick",NA,"LA","West South Central","South","ST MARY","City","Cities from 2,500 thru 9,999",4431,8,0,8,2,0,2,10,0,10,2.26,"BERWICK POLICE DEPARTMENT                         ","Berwick Police Department"
"3406",2002,"LA0580000","Vernon",NA,"LA","West South Central","South","VERNON","County","Non-MSA counties from 25,000 thru 99,999",43113,90,0,90,41,0,41,131,0,131,3.04,"VERNON PARISH SHERIFF'S OFFICE                    ","Vernon Parish Sheriff's Office"
"3407",2002,"LA036209E","Tulane University",NA,"LA","West South Central","South","ORLEANS","University or College","Cities under 2,500",0,29,3,32,5,10,15,34,13,47,NA,NA,"Tulane University"
"3408",2002,"LA0610300","Addis",NA,"LA","West South Central","South","WEST BATON ROUGE","City","Cities under 2,500",2245,5,0,5,0,1,1,5,1,6,2.67,"ADDIS POLICE DEPARTMENT                           ","Addis Police Department"
"3409",2002,"LA0500100","Breaux Bridge",NA,"LA","West South Central","South","ST MARTIN","City","Cities from 2,500 thru 9,999",7303,16,0,16,6,0,6,22,0,22,3.01,"BREAUX BRIDGE POLICE DEPARTMENT                   ","Breaux Bridge Police Department"
"3410",2002,"LA0010100","Crowley",NA,"LA","West South Central","South","ACADIA","City","Cities from 10,000 thru 24,999",14268,26,0,26,6,1,7,32,1,33,2.31,"CROWLEY POLICE DEPARTMENT                         ","Crowley Police Department"
"3411",2002,"LA0460000","St. Helena",NA,"LA","West South Central","South","ST HELENA","County","Non-MSA counties from 10,000 thru 24,999",10557,15,16,31,8,14,22,23,30,53,5.02,"ST. HELENA PARISH SHERIFF'S OFFICE                ","St. Helena Parish Sheriff's Office"
"3412",2002,"LA0360300","University of New Orleans",NA,"LA","West South Central","South","ORLEANS","University or College","Cities under 2,500",0,24,2,26,5,7,12,29,9,38,NA,"UNIVERSITY OF NEW ORLEANS POLICE DEPT.            ","University Of New Orleans Police Police Department"
"3413",2002,"LA0290000","Lafourche",NA,"LA","West South Central","South","LAFOURCHE","County","MSA counties from 25,000 thru 99,999",70942,121,76,197,48,66,114,169,142,311,4.38,"LAFOURCHE PARISH SHERIFF'S OFFICE                 ","Lafourche Parish Sheriff's Office"
"3414",2002,"LA0600400","Cullen",NA,"LA","West South Central","South","WEBSTER","City","Cities under 2,500",1300,4,0,4,1,0,1,5,0,5,3.85,"CULLEN POLICE DEPARTMENT                          ","Cullen Police Department"
"3415",2002,"LA0340000","Morehouse",NA,"LA","West South Central","South","MOREHOUSE","County","Non-MSA counties from 10,000 thru 24,999",18088,102,0,102,51,0,51,153,0,153,8.46,"MOREHOUSE PARISH SHERIFF'S OFFICE                 ","Morehouse Parish Sheriff's Office"
"3416",2002,"LA0280100","Broussard",NA,"LA","West South Central","South","LAFAYETTE, ST MARTIN","City","Cities from 2,500 thru 9,999",5892,14,0,14,0,2,2,14,2,16,2.72,"BROUSSARD POLICE DEPARTMENT                       ","Broussard Police Department"
"3417",2002,"LA0600800","Dixie Inn",NA,"LA","West South Central","South","WEBSTER","City","Cities under 2,500",353,3,0,3,0,0,0,3,0,3,8.5,"DIXIE INN POLICE DEPARTMENT                       ","Dixie Inn Police Department"
"3418",2002,"LA0590100","Bogalusa",NA,"LA","West South Central","South","WASHINGTON","City","Cities from 10,000 thru 24,999",13406,34,10,44,4,10,14,38,20,58,4.33,"BOGALUSA POLICE DEPARTMENT                        ","Bogalusa Police Department"
"3419",2002,"LA0590000","Washington",NA,"LA","West South Central","South","WASHINGTON","County","Non-MSA counties from 25,000 thru 99,999",26987,88,0,88,16,0,16,104,0,104,3.85,"WASHINGTON PARISH SHERIFF'S OFFICE                ","Washington Parish Sheriff's Office"
"3420",2002,"LA0010000","Acadia",NA,"LA","West South Central","South","ACADIA","County","MSA counties from 25,000 thru 99,999",29464,74,6,80,15,16,31,89,22,111,3.77,"ACADIA PARISH SHERIFF'S OFFICE                    ","Acadia Parish Sheriff's Office"
"3421",2002,"LA0500000","St. Martin",NA,"LA","West South Central","South","ST MARTIN","County","MSA counties from 25,000 thru 99,999",33815,144,3,147,53,32,85,197,35,232,6.86,"ST. MARTIN PARISH SHERIFF'S OFFICE                ","St. Martin Parish Sheriff's Office"
"3422",2002,"LA0020000","Allen",NA,"LA","West South Central","South","ALLEN","County","Non-MSA counties from 10,000 thru 24,999",13342,28,5,33,1,11,12,29,16,45,3.37,"ALLEN PARISH SHERIFF'S OFFICE                     ","Allen Parish Sheriff's Office"
"3423",2002,"LA0200200","Mamou",NA,"LA","West South Central","South","EVANGELINE","City","Cities from 2,500 thru 9,999",3577,11,2,13,4,1,5,15,3,18,5.03,"MAMOU POLICE DEPARTMENT                           ","Mamou Police Department"
"3424",2002,"LA0350000","Natchitoches",NA,"LA","West South Central","South","NATCHITOCHES","County","Non-MSA counties from 10,000 thru 24,999",21279,39,7,46,12,1,13,51,8,59,2.77,"NATCHITOCHES PARISH SHERIFF'S OFFICE              ","Natchitoches Parish Sheriff's Office"
"3425",2002,"LA0370400","University of Louisiana:","Monroe","LA","West South Central","South","OUACHITA","University or College","Cities under 2,500",0,19,1,20,1,4,5,20,5,25,NA,"UNIVERSITY OF LOUISIANA - MONROE POLICE           ","University Of Louisiana - Monroe Police"
"3426",2002,"LA0040100","Napoleonville",NA,"LA","West South Central","South","ASSUMPTION","City","Cities under 2,500",688,2,0,2,1,0,1,3,0,3,4.36,"NAPOLEONVILLE POLICE DEPARTMENT                   ","Napoleonville Police Department"
"3427",2002,"LA0470000","St. James",NA,"LA","West South Central","South","ST JAMES","County","MSA counties from 10,000 thru 24,999",18206,56,10,66,17,20,37,73,30,103,5.66,"ST. JAMES PARISH SHERIFF'S OFFICE                 ","St. James Parish Sheriff's Office"
"3428",2002,"LA0510200","Franklin",NA,"LA","West South Central","South","ST MARY","City","Cities from 2,500 thru 9,999",8380,12,0,12,9,1,10,21,1,22,2.63,"FRANKLIN POLICE DEPARTMENT                        ","Franklin Police Department"
"3429",2002,"LA0300100","Jena",NA,"LA","West South Central","South","LA SALLE","City","Cities from 2,500 thru 9,999",2980,5,0,5,0,0,0,5,0,5,1.68,"JENA POLICE DEPARTMENT                            ","Jena Police Department"
"3430",2002,"LALSP0000","State Police",NA,"LA","West South Central","South","UNMAPPED COUNTY","State Police","Non-MSA counties under 10,000",0,974,222,1196,35,376,411,1009,598,1607,NA,"LOUISIANA STATE POLICE                            ","Louisiana State Police"
"3431",2002,"LA0370000","Ouachita",NA,"LA","West South Central","South","OUACHITA","County","MSA counties from 25,000 thru 99,999",77739,209,0,209,109,0,109,318,0,318,4.09,"OUACHITA PARISH SHERIFF'S OFFICE                  ","Ouachita Parish Sheriff's Office"
"3432",2002,"LA0520000","St. Tammany",NA,"LA","West South Central","South","ST TAMMANY","County","MSA counties 100,000 or over",142715,362,20,382,127,66,193,489,86,575,4.03,"ST. TAMMANY PARISH SHERIFF'S OFFICE               ","St. Tammany Parish Sheriff's Office"
"3433",2002,"LA0030000","Ascension",NA,"LA","West South Central","South","ASCENSION","County","MSA counties from 25,000 thru 99,999",67451,175,13,188,18,47,65,193,60,253,3.75,"ASCENSION PARISH SHERIFF'S OFFICE                 ","Ascension Parish Sheriff's Office"
"3434",2002,"LA0620000","West Carroll",NA,"LA","West South Central","South","WEST CARROLL","County","Non-MSA counties from 10,000 thru 24,999",12352,13,0,13,6,0,6,19,0,19,1.54,"WEST CARROLL PARISH SHERIFF'S OFFICE              ","West Carroll Parish Sheriff's Office"
"3435",2002,"LA0540000","Tensas",NA,"LA","West South Central","South","TENSAS","County","Non-MSA counties under 10,000",2972,18,61,79,4,52,56,22,113,135,45.42,"TENSAS PARISH SHERIFF'S OFFICE                    ","Tensas Parish Sheriff's Office"
"3436",2002,"LA0390100","New Roads",NA,"LA","West South Central","South","POINTE COUPEE","City","Cities from 2,500 thru 9,999",4982,15,1,16,2,1,3,17,2,19,3.81,"NEW ROADS POLICE DEPARTMENT                       ","New Roads Police Department"
"3437",2002,"LA0510500","Baldwin",NA,"LA","West South Central","South","ST MARY","City","Cities from 2,500 thru 9,999",2505,6,0,6,2,1,3,8,1,9,3.59,"BALDWIN POLICE DEPARTMENT                         ","Baldwin Police Department"
"3438",2002,"LA0640000","Winn",NA,"LA","West South Central","South","WINN","County","Non-MSA counties from 10,000 thru 24,999",11178,21,0,21,5,0,5,26,0,26,2.33,"WINN PARISH SHERIFF'S OFFICE                      ","Winn Parish Sheriff's Office"
"3439",2002,"LA0610100","Port Allen",NA,"LA","West South Central","South","WEST BATON ROUGE","City","Cities from 2,500 thru 9,999",5295,18,0,18,1,4,5,19,4,23,4.34,"PORT ALLEN POLICE DEPARTMENT                      ","Port Allen Police Department"
"3440",2002,"LA0320000","Livingston",NA,"LA","West South Central","South","LIVINGSTON","County","MSA counties from 25,000 thru 99,999",81899,123,0,123,62,0,62,185,0,185,2.26,"LIVINGSTON PARISH SHERIFF'S OFFICE                ","Livingston Parish Sheriff's Office"
"3441",2002,"LA0370300","Sterlington",NA,"LA","West South Central","South","OUACHITA","City","Cities under 2,500",1280,5,0,5,0,0,0,5,0,5,3.91,"STERLINGTON POLICE DEPARTMENT                     ","Sterlington Police Department"
"3442",2002,"LA0280000","Lafayette",NA,"LA","West South Central","South","LAFAYETTE","County","MSA counties from 25,000 thru 99,999",61312,305,38,343,65,93,158,370,131,501,8.17,"LAFAYETTE PARISH SHERIFF'S OFFICE                 ","Lafayette Parish Sheriff's Office"
"3443",2002,"LA0490200","Opelousas",NA,"LA","West South Central","South","ST LANDRY","City","Cities from 10,000 thru 24,999",22930,54,1,55,3,15,18,57,16,73,3.18,"OPELOUSAS POLICE DEPARTMENT                       ","Opelousas Police Department"
"3444",2002,"LA0450000","St. Charles",NA,"LA","West South Central","South","ST CHARLES","County","MSA counties from 25,000 thru 99,999",48219,203,13,216,46,85,131,249,98,347,7.2,"ST. CHARLES PARISH SHERIFF'S OFFICE               ","St. Charles Parish Sheriff's Office"
"3445",2002,"LA0400200","Pineville",NA,"LA","West South Central","South","RAPIDES","City","Cities from 10,000 thru 24,999",13871,41,0,41,2,5,7,43,5,48,3.46,"PINEVILLE POLICE DEPARTMENT                       ","Pineville Police Department"
"3446",2002,"LA0270200","Jennings",NA,"LA","West South Central","South","JEFFERSON DAVIS","City","Cities from 10,000 thru 24,999",11019,24,5,29,8,3,11,32,8,40,3.63,"JENNINGS POLICE DEPARTMENT                        ","Jennings Police Department"
"3447",2002,"LA0290100","Golden Meadow",NA,"LA","West South Central","South","LAFOURCHE","City","Cities under 2,500",2200,4,0,4,0,1,1,4,1,5,2.27,"GOLDEN MEADOW POLICE DEPARTMENT                   ","Golden Meadow Police Department"
"3448",2002,"LA0100000","Calcasieu",NA,"LA","West South Central","South","CALCASIEU","County","MSA counties from 25,000 thru 99,999",77479,200,290,490,37,199,236,237,489,726,9.37,"CALCASIEU PARISH SHERIFF'S OFFICE                 ","Calcasieu Parish Sheriff's Office"
"3449",2002,"LA0210000","Franklin",NA,"LA","West South Central","South","FRANKLIN","County","Non-MSA counties from 10,000 thru 24,999",21328,59,0,59,16,0,16,75,0,75,3.52,"FRANKLIN PARISH SHERIFF'S OFFICE                  ","Franklin Parish Sheriff's Office"
"3450",2002,"LA0080400","Haughton",NA,"LA","West South Central","South","BOSSIER","City","Cities from 2,500 thru 9,999",2801,6,0,6,0,0,0,6,0,6,2.14,"HAUGHTON POLICE DEPARTMENT                        ","Haughton Police Department"
"3451",2002,"LA0401300","McNary",NA,"LA","West South Central","South","RAPIDES","City","Cities under 2,500",212,1,0,1,0,1,1,1,1,2,9.43,"MCNARY POLICE DEPARTMENT                          ","Mcnary Police Department"
"3452",2002,"LA0410100","Coushatta",NA,"LA","West South Central","South","RED RIVER","City","Cities under 2,500",2306,4,0,4,2,0,2,6,0,6,2.6,"COUSHATTA POLICE DEPARTMENT                       ","Coushatta Police Department"
"3453",2002,"LA0400100","Alexandria",NA,"LA","West South Central","South","RAPIDES","City","Cities from 25,000 thru 49,999",46483,144,5,149,10,29,39,154,34,188,4.04,"ALEXANDRIA POLICE DEPARTMENT                      ","Alexandria Police Department"
"3454",2002,"LA0310200","Ruston",NA,"LA","West South Central","South","LINCOLN","City","Cities from 10,000 thru 24,999",20608,38,0,38,3,9,12,41,9,50,2.43,"RUSTON POLICE DEPARTMENT                          ","Ruston Police Department"
"3455",2002,"LA0150200","Vidalia",NA,"LA","West South Central","South","CONCORDIA","City","Cities from 2,500 thru 9,999",4556,14,1,15,2,5,7,16,6,22,4.83,"VIDALIA POLICE DEPARTMENT                         ","Vidalia Police Department"
"3456",2002,"LA0351000","Northwestern State University",NA,"LA","West South Central","South","NATCHITOCHES","University or College","Cities under 2,500",0,13,0,13,1,1,2,14,1,15,NA,"NORTHWESTERN STATE UNIVERSITY OF LOUISIANA POLICE ","Northwestern State University Of Louisiana Police"
"3457",2002,"LA0200000","Evangeline",NA,"LA","West South Central","South","EVANGELINE","County","Non-MSA counties from 10,000 thru 24,999",22129,23,8,31,2,26,28,25,34,59,2.67,"EVANGELINE PARISH SHERIFF'S OFFICE                ","Evangeline Parish Sheriff's Office"
"3458",2002,"LA0040000","Assumption",NA,"LA","West South Central","South","ASSUMPTION","County","Non-MSA counties from 10,000 thru 24,999",22771,36,16,52,5,22,27,41,38,79,3.47,"ASSUMPTION PARISH SHERIFF'S OFFICE                ","Assumption Parish Sheriff's Office"
"3459",2002,"LA0090400","Blanchard",NA,"LA","West South Central","South","CADDO","City","Cities under 2,500",2057,4,0,4,0,0,0,4,0,4,1.94,"BLANCHARD POLICE DEPARTMENT                       ","Blanchard Police Department"
"3460",2002,"LA0480000","St. John the Baptist",NA,"LA","West South Central","South","ST JOHN THE BAPTIST","County","MSA counties from 25,000 thru 99,999",43175,159,1,160,55,0,55,214,1,215,4.98,"ST. JOHN THE BAPTIST PARISH SHERIFF'S OFFICE      ","St. John The Baptist Parish Sheriff's Office"
"3461",2002,"LA0090100","Shreveport",NA,"LA","West South Central","South","BOSSIER, CADDO","City","Cities from 100,000 thru 249,999",200757,427,24,451,72,115,187,499,139,638,3.18,"SHREVEPORT POLICE DEPARTMENT                      ","Shreveport Police Department"
"3462",2002,"LA0080000","Bossier",NA,"LA","West South Central","South","BOSSIER","County","MSA counties from 25,000 thru 99,999",38440,155,0,155,32,0,32,187,0,187,4.86,"BOSSIER PARISH SHERIFF'S OFFICE                   ","Bossier Parish Sheriff's Office"
"3463",2002,"LA0140000","Claiborne",NA,"LA","West South Central","South","CLAIBORNE","County","Non-MSA counties from 10,000 thru 24,999",10416,17,40,57,3,32,35,20,72,92,8.83,"CLAIBORNE PARISH SHERIFF'S OFFICE                 ","Claiborne Parish Sheriff's Office"
"3464",2002,"LA0160800","Stonewall",NA,"LA","West South Central","South","DE SOTO","City","Cities under 2,500",1674,1,0,1,0,0,0,1,0,1,0.6,"STONEWALL POLICE DEPARTMENT                       ","Stonewall Police Department"
"3465",2002,"LA0120000","Cameron",NA,"LA","West South Central","South","CAMERON","County","Non-MSA counties from 10,000 thru 24,999",10021,57,2,59,9,8,17,66,10,76,7.58,"CAMERON PARISH SHERIFF'S OFFICE                   ","Cameron Parish Sheriff's Office"
"3466",2002,"LA0490500","Washington",NA,"LA","West South Central","South","ST LANDRY","City","Cities under 2,500",1085,5,0,5,0,0,0,5,0,5,4.61,"WASHINGTON POLICE DEPARTMENT                      ","Washington Police Department"
"3467",2002,"LA0530000","Tangipahoa",NA,"LA","West South Central","South","TANGIPAHOA","County","Non-MSA counties from 25,000 thru 99,999",69324,205,0,205,72,0,72,277,0,277,4,"TANGIPAHOA PARISH SHERIFF'S OFFICE                ","Tangipahoa Parish Sheriff's Office"
"3468",2002,"LA0630000","West Feliciana",NA,"LA","West South Central","South","WEST FELICIANA","County","Non-MSA counties from 10,000 thru 24,999",13440,56,0,56,16,3,19,72,3,75,5.58,"WEST FELICIANA PARISH SHERIFF'S OFFICE            ","West Feliciana Parish Sheriff's Office"
"3469",2002,"LA0270400","Welsh",NA,"LA","West South Central","South","JEFFERSON DAVIS","City","Cities from 2,500 thru 9,999",3390,10,0,10,3,0,3,13,0,13,3.83,"WELSH POLICE DEPARTMENT                           ","Welsh Police Department"
"3470",2002,"LA0260300","Kenner",NA,"LA","West South Central","South","JEFFERSON","City","Cities from 50,000 thru 99,999",70733,160,24,184,16,56,72,176,80,256,3.62,"KENNER POLICE DEPARTMENT                          ","Kenner Police Department"
"3471",2002,"LA0510300","Morgan City",NA,"LA","West South Central","South","ST MARY","City","Cities from 10,000 thru 24,999",12742,31,2,33,16,8,24,47,10,57,4.47,"MORGAN CITY POLICE DEPARTMENT                     ","Morgan City Police Department"
"3472",2002,"LA0130000","Catahoula",NA,"LA","West South Central","South","CATAHOULA","County","Non-MSA counties from 10,000 thru 24,999",10499,18,56,74,14,3,17,32,59,91,8.67,"CATAHOULA PARISH SHERIFF'S OFFICE                 ","Catahoula Parish Sheriff's Office"
"3473",2002,"LA0180000","East Carroll",NA,"LA","West South Central","South","EAST CARROLL","County","Non-MSA counties under 10,000",4330,121,1,122,45,12,57,166,13,179,41.34,"EAST CARROLL PARISH SHERIFF'S OFFICE              ","East Carroll Parish Sheriff's Office"
"3474",2002,"LA0080600","Louisiana State University:","Shreveport","LA","West South Central","South","BOSSIER","University or College","Cities under 2,500",0,9,0,9,0,0,0,9,0,9,NA,"LOUISIANA STATE UNIVERSITY - SHREVEPORT POLICE    ","Louisiana State University - Shreveport Police"
"3475",2002,"LA0230000","Iberia",NA,"LA","West South Central","South","IBERIA","County","Non-MSA counties from 25,000 thru 99,999",34752,97,53,150,21,55,76,118,108,226,6.5,"IBERIA PARISH SHERIFF'S OFFICE                    ","Iberia Parish Sheriff's Office"
"3476",2002,"LA0170000","East Baton Rouge",NA,"LA","West South Central","South","EAST BATON ROUGE","County","MSA counties 100,000 or over",160455,505,10,515,142,123,265,647,133,780,4.86,"EAST BATON ROUGE PARISH SHERIFF'S OFFICE          ","East Baton Rouge Parish Sheriff's Office"
"3477",2002,"LA0330000","Madison",NA,"LA","West South Central","South","MADISON","County","Non-MSA counties under 10,000",4553,48,0,48,9,0,9,57,0,57,12.52,"MADISON PARISH SHERIFF'S OFFICE                   ","Madison Parish Sheriff's Office"
"3478",2002,"LA0270000","Jefferson Davis",NA,"LA","West South Central","South","JEFFERSON DAVIS","County","Non-MSA counties from 10,000 thru 24,999",12842,28,2,30,2,11,13,30,13,43,3.35,"JEFFERSON DAVIS PARISH SHERIFF'S OFFICE           ","Jefferson Davis Parish Sheriff's Office"
"3479",2002,"LA0310300","Grambling",NA,"LA","West South Central","South","LINCOLN","City","Cities from 2,500 thru 9,999",4707,10,0,10,3,5,8,13,5,18,3.82,"GRAMBLING POLICE DEPARTMENT                       ","Grambling Police Department"
"3480",2002,"LA0440000","St. Bernard",NA,"LA","West South Central","South","ST BERNARD","County","MSA counties from 25,000 thru 99,999",67435,213,71,284,40,25,65,253,96,349,5.18,"ST. BERNARD PARISH SHERIFF'S OFFICE               ","St. Bernard Parish Sheriff's Office"
"3481",2002,"LA0260400","Westwego",NA,"LA","West South Central","South","JEFFERSON","City","Cities from 10,000 thru 24,999",10796,35,0,35,2,1,3,37,1,38,3.52,"WESTWEGO POLICE DEPARTMENT                        ","Westwego Police Department"
"3482",2002,"LA0570400","Erath",NA,"LA","West South Central","South","VERMILION","City","Cities under 2,500",2194,6,1,7,1,2,3,7,3,10,4.56,"ERATH POLICE DEPARTMENT                           ","Erath Police Department"
"3483",2002,"LA0240600","St. Gabriel",NA,"LA","West South Central","South","IBERVILLE","City","Cities from 2,500 thru 9,999",5531,6,0,6,1,8,9,7,8,15,2.71,"ST. GABRIEL POLICE DEPARTMENT                     ","St. Gabriel Police Department"
"3484",2002,"LA0030200","Gonzales",NA,"LA","West South Central","South","ASCENSION","City","Cities from 2,500 thru 9,999",8181,26,0,26,4,0,4,30,0,30,3.67,"GONZALES POLICE DEPARTMENT                        ","Gonzales Police Department"
"3485",2002,"LA0100200","Lake Charles",NA,"LA","West South Central","South","CALCASIEU","City","Cities from 50,000 thru 99,999",71976,134,3,137,36,4,40,170,7,177,2.46,"LAKE CHARLES POLICE DEPARTMENT                    ","Lake Charles Police Department"
"3486",2002,"LANPD0000","New Orleans",NA,"LA","West South Central","South","ORLEANS","City","Cities from 250,000 thru 499,999",486157,1350,51,1401,263,336,599,1613,387,2000,4.11,"NEW ORLEANS POLICE DEPARTMENT                     ","New Orleans Police Department"
"3487",2002,"LA0100300","Sulphur",NA,"LA","West South Central","South","CALCASIEU","City","Cities from 10,000 thru 24,999",20574,45,0,45,12,4,16,57,4,61,2.96,"SULPHUR POLICE DEPARTMENT                         ","Sulphur Police Department"
"3488",2002,"LA0160000","De Soto",NA,"LA","West South Central","South","DE SOTO","County","Non-MSA counties from 10,000 thru 24,999",18299,58,0,58,16,8,24,74,8,82,4.48,"DE SOTO PARISH SHERIFF'S OFFICE                   ","De Soto Parish Sheriff's Office"
"3489",2002,"LA0520600","Abita Springs",NA,"LA","West South Central","South","ST TAMMANY","City","Cities under 2,500",1963,6,0,6,1,1,2,7,1,8,4.08,"ABITA SPRINGS PD                                  ","Abita Springs Police Department"
"3490",2002,"LA0510000","St. Mary",NA,"LA","West South Central","South","ST MARY","County","Non-MSA counties from 10,000 thru 24,999",20460,83,14,97,28,25,53,111,39,150,7.33,"ST. MARY PARISH SHERIFF'S OFFICE                  ","St. Mary Parish Sheriff's Office"
"3491",2002,"LA0560200","Bernice",NA,"LA","West South Central","South","UNION","City","Cities under 2,500",1815,5,0,5,1,0,1,6,0,6,3.31,"BERNICE POLICE DEPARTMENT                         ","Bernice Police Department"
"3492",2002,"LA0130200","Sicily Island",NA,"LA","West South Central","South","CATAHOULA","City","Cities under 2,500",454,2,0,2,0,1,1,2,1,3,6.61,"SICILY ISLAND POLICE DEPARTMENT                   ","Sicily Island Police Department"
"3493",2002,"LA0490800","Krotz Springs",NA,"LA","West South Central","South","ST LANDRY","City","Cities under 2,500",1222,2,2,4,1,3,4,3,5,8,6.55,"KROTZ SPRINGS POLICE DEPARTMENT                   ","Krotz Springs Police Department"
"3494",2002,"LA0530400","Amite",NA,"LA","West South Central","South","TANGIPAHOA","City","Cities from 2,500 thru 9,999",4122,17,0,17,3,0,3,20,0,20,4.85,"AMITE POLICE DEPARTMENT                           ","Amite Police Department"
"3495",2002,"LA0010300","Church Point",NA,"LA","West South Central","South","ACADIA","City","Cities from 2,500 thru 9,999",4770,12,0,12,5,0,5,17,0,17,3.56,"CHURCH POINT POLICE DEPARTMENT                    ","Church Point Police Department"
"3496",2001,"LA0490000","St. Landry",NA,"LA","West South Central","South","ST LANDRY","County","MSA counties from 25,000 thru 99,999",45327,74,0,74,43,1,44,117,1,118,2.6,"ST. LANDRY PARISH SHERIFF'S OFFICE                ","St. Landry Parish Sheriff's Office"
"3497",2001,"LA0290100","Golden Meadow",NA,"LA","West South Central","South","LAFOURCHE","City","Cities under 2,500",2191,5,0,5,0,1,1,5,1,6,2.74,"GOLDEN MEADOW POLICE DEPARTMENT                   ","Golden Meadow Police Department"
"3498",2001,"LA0140200","Homer",NA,"LA","West South Central","South","CLAIBORNE","City","Cities from 2,500 thru 9,999",3785,10,0,10,1,0,1,11,0,11,2.91,"HOMER POLICE DEPARTMENT                           ","Homer Police Department"
"3499",2001,"LA0310200","Ruston",NA,"LA","West South Central","South","LINCOLN","City","Cities from 10,000 thru 24,999",20530,38,0,38,3,8,11,41,8,49,2.39,"RUSTON POLICE DEPARTMENT                          ","Ruston Police Department"
"3500",2001,"LA0070000","Bienville",NA,"LA","West South Central","South","BIENVILLE","County","Non-MSA counties from 10,000 thru 24,999",15740,31,0,31,10,1,11,41,1,42,2.67,"BIENVILLE PARISH SHERIFF'S OFFICE                 ","Bienville Parish Sheriff's Office"
"3501",2001,"LA0400100","Alexandria",NA,"LA","West South Central","South","RAPIDES","City","Cities from 25,000 thru 49,999",46305,147,4,151,11,31,42,158,35,193,4.17,"ALEXANDRIA POLICE DEPARTMENT                      ","Alexandria Police Department"
"3502",2001,"LA0410100","Coushatta",NA,"LA","West South Central","South","RED RIVER","City","Cities under 2,500",2297,4,0,4,2,0,2,6,0,6,2.61,"COUSHATTA POLICE DEPARTMENT                       ","Coushatta Police Department"
"3503",2001,"LA0230000","Iberia",NA,"LA","West South Central","South","IBERIA","County","Non-MSA counties from 25,000 thru 99,999",34619,75,52,127,13,56,69,88,108,196,5.66,"IBERIA PARISH SHERIFF'S OFFICE                    ","Iberia Parish Sheriff's Office"
"3504",2001,"LA0570400","Erath",NA,"LA","West South Central","South","VERMILION","City","Cities under 2,500",2185,7,0,7,3,0,3,10,0,10,4.58,"ERATH POLICE DEPARTMENT                           ","Erath Police Department"
"3505",2001,"LA0080600","Louisiana State University:","Shreveport","LA","West South Central","South","BOSSIER","University or College","Cities under 2,500",0,9,0,9,0,0,0,9,0,9,NA,"LOUISIANA STATE UNIVERSITY - SHREVEPORT POLICE    ","Louisiana State University - Shreveport Police"
"3506",2001,"LA0180000","East Carroll",NA,"LA","West South Central","South","EAST CARROLL","County","Non-MSA counties under 10,000",4314,123,6,129,26,19,45,149,25,174,40.33,"EAST CARROLL PARISH SHERIFF'S OFFICE              ","East Carroll Parish Sheriff's Office"
"3507",2001,"LA0170000","East Baton Rouge",NA,"LA","West South Central","South","EAST BATON ROUGE","County","MSA counties 100,000 or over",159839,489,0,489,263,0,263,752,0,752,4.7,"EAST BATON ROUGE PARISH SHERIFF'S OFFICE          ","East Baton Rouge Parish Sheriff's Office"
"3508",2001,"LA0470000","St. James",NA,"LA","West South Central","South","ST JAMES","County","MSA counties from 10,000 thru 24,999",18135,44,21,65,9,28,37,53,49,102,5.62,"ST. JAMES PARISH SHERIFF'S OFFICE                 ","St. James Parish Sheriff's Office"
"3509",2001,"LA0300100","Jena",NA,"LA","West South Central","South","LA SALLE","City","Cities from 2,500 thru 9,999",2969,5,0,5,0,0,0,5,0,5,1.68,"JENA POLICE DEPARTMENT                            ","Jena Police Department"
"3510",2001,"LA0250000","Jackson",NA,"LA","West South Central","South","JACKSON","County","Non-MSA counties from 10,000 thru 24,999",11474,27,0,27,6,0,6,33,0,33,2.88,"JACKSON PARISH SHERIFF'S OFFICE                   ","Jackson Parish Sheriff's Office"
"3511",2001,"LA0370000","Ouachita",NA,"LA","West South Central","South","OUACHITA","County","MSA counties from 25,000 thru 99,999",77441,207,0,207,118,0,118,325,0,325,4.2,"OUACHITA PARISH SHERIFF'S OFFICE                  ","Ouachita Parish Sheriff's Office"
"3512",2001,"LA0060100","De Ridder",NA,"LA","West South Central","South","BEAUREGARD, VERNON","City","Cities from 2,500 thru 9,999",9800,20,0,20,6,1,7,26,1,27,2.76,"DERIDDER POLICE DEPARTMENT                        ","Deridder Police Department"
"3513",2001,"LA0090000","Caddo",NA,"LA","West South Central","South","CADDO","County","MSA counties from 25,000 thru 99,999",46632,334,31,365,71,169,240,405,200,605,12.97,"CADDO PARISH SHERIFF'S OFFICE                     ","Caddo Parish Sheriff's Office"
"3514",2001,"LA0420200","Rayville",NA,"LA","West South Central","South","RICHLAND","City","Cities from 2,500 thru 9,999",4231,8,0,8,1,2,3,9,2,11,2.6,"RAYVILLE POLICE DEPARTMENT                        ","Rayville Police Department"
"3515",2001,"LA0370100","Monroe",NA,"LA","West South Central","South","OUACHITA","City","Cities from 50,000 thru 99,999",53065,161,4,165,17,40,57,178,44,222,4.18,"MONROE POLICE DEPARTMENT                          ","Monroe Police Department"
"3516",2001,"LA0520500","Pearl River",NA,"LA","West South Central","South","ST TAMMANY","City","Cities under 2,500",1838,6,0,6,0,5,5,6,5,11,5.98,"PEARL RIVER POLICE DEPARTMENT                     ","Pearl River Police Department"
"3517",2001,"LA0400400","Lecompte",NA,"LA","West South Central","South","RAPIDES","City","Cities under 2,500",1365,5,0,5,0,0,0,5,0,5,3.66,"LECOMPTE POLICE DEPARTMENT                        ","Lecompte Police Department"
"3518",2001,"LA0600000","Webster",NA,"LA","West South Central","South","WEBSTER","County","MSA counties from 10,000 thru 24,999",21699,25,60,85,1,22,23,26,82,108,4.98,"WEBSTER PARISH SHERIFF'S OFFICE                   ","Webster Parish Sheriff's Office"
"3519",2001,"LA0370500","Richwood",NA,"LA","West South Central","South","OUACHITA","City","Cities under 2,500",2113,8,1,9,2,5,7,10,6,16,7.57,"RICHWOOD POLICE DEPARTMENT                        ","Richwood Police Department"
"3520",2001,"LA0370200","West Monroe",NA,"LA","West South Central","South","OUACHITA","City","Cities from 10,000 thru 24,999",13239,50,6,56,2,14,16,52,20,72,5.44,"WEST MONROE POLICE DEPARTMENT                     ","West Monroe Police Department"
"3521",2001,"LA0490500","Washington",NA,"LA","West South Central","South","ST LANDRY","City","Cities under 2,500",1081,6,0,6,0,0,0,6,0,6,5.55,"WASHINGTON POLICE DEPARTMENT                      ","Washington Police Department"
"3522",2001,"LA0270400","Welsh",NA,"LA","West South Central","South","JEFFERSON DAVIS","City","Cities from 2,500 thru 9,999",3377,8,0,8,3,0,3,11,0,11,3.26,"WELSH POLICE DEPARTMENT                           ","Welsh Police Department"
"3523",2001,"LA0260300","Kenner",NA,"LA","West South Central","South","JEFFERSON","City","Cities from 50,000 thru 99,999",70461,124,24,148,11,57,68,135,81,216,3.07,"KENNER POLICE DEPARTMENT                          ","Kenner Police Department"
"3524",2001,"LA0530000","Tangipahoa",NA,"LA","West South Central","South","TANGIPAHOA","County","Non-MSA counties from 25,000 thru 99,999",69057,211,0,211,70,0,70,281,0,281,4.07,"TANGIPAHOA PARISH SHERIFF'S OFFICE                ","Tangipahoa Parish Sheriff's Office"
"3525",2001,"LA0630000","West Feliciana",NA,"LA","West South Central","South","WEST FELICIANA","County","Non-MSA counties from 10,000 thru 24,999",13388,62,0,62,13,3,16,75,3,78,5.83,"WEST FELICIANA PARISH SHERIFF'S OFFICE            ","West Feliciana Parish Sheriff's Office"
"3526",2001,"LA0210000","Franklin",NA,"LA","West South Central","South","FRANKLIN","County","Non-MSA counties from 10,000 thru 24,999",21246,55,0,55,15,0,15,70,0,70,3.29,"FRANKLIN PARISH SHERIFF'S OFFICE                  ","Franklin Parish Sheriff's Office"
"3527",2001,"LA0100000","Calcasieu",NA,"LA","West South Central","South","CALCASIEU","County","MSA counties from 25,000 thru 99,999",77180,200,334,534,37,212,249,237,546,783,10.15,"CALCASIEU PARISH SHERIFF'S OFFICE                 ","Calcasieu Parish Sheriff's Office"
"3528",2001,"LA0510200","Franklin",NA,"LA","West South Central","South","ST MARY","City","Cities from 2,500 thru 9,999",8347,11,1,12,7,2,9,18,3,21,2.52,"FRANKLIN POLICE DEPARTMENT                        ","Franklin Police Department"
"3529",2001,"LA0100400","Vinton",NA,"LA","West South Central","South","CALCASIEU","City","Cities from 2,500 thru 9,999",3335,8,0,8,3,0,3,11,0,11,3.3,"VINTON POLICE DEPARTMENT                          ","Vinton Police Department"
"3530",2001,"LA0630100","St. Francisville",NA,"LA","West South Central","South","WEST FELICIANA","City","Cities under 2,500",1711,7,0,7,0,1,1,7,1,8,4.68,"ST. FRANCISVILLE POLICE DEPARTMENT                ","St. Francisville Police Department"
"3531",2001,"LA0490600","Port Barre",NA,"LA","West South Central","South","ST LANDRY","City","Cities under 2,500",2285,9,0,9,0,5,5,9,5,14,6.13,"PORT BARRE POLICE DEPT                            ","Port Barre Police Police Department"
"3532",2001,"LALSP0000","State Police",NA,"LA","West South Central","South","UNMAPPED COUNTY","State Police","Non-MSA counties under 10,000",0,1064,123,1187,45,324,369,1109,447,1556,NA,"LOUISIANA STATE POLICE                            ","Louisiana State Police"
"3533",2001,"LA0260400","Westwego",NA,"LA","West South Central","South","JEFFERSON","City","Cities from 10,000 thru 24,999",10754,30,0,30,3,1,4,33,1,34,3.16,"WESTWEGO POLICE DEPARTMENT                        ","Westwego Police Department"
"3534",2001,"LA0440000","St. Bernard",NA,"LA","West South Central","South","ST BERNARD","County","MSA counties from 25,000 thru 99,999",67176,200,7,207,39,28,67,239,35,274,4.08,"ST. BERNARD PARISH SHERIFF'S OFFICE               ","St. Bernard Parish Sheriff's Office"
"3535",2001,"LA0130000","Catahoula",NA,"LA","West South Central","South","CATAHOULA","County","Non-MSA counties from 10,000 thru 24,999",10458,15,5,20,1,11,12,16,16,32,3.06,"CATAHOULA PARISH SHERIFF'S OFFICE                 ","Catahoula Parish Sheriff's Office"
"3536",2001,"LA0150200","Vidalia",NA,"LA","West South Central","South","CONCORDIA","City","Cities from 2,500 thru 9,999",4539,17,0,17,6,0,6,23,0,23,5.07,"VIDALIA POLICE DEPARTMENT                         ","Vidalia Police Department"
"3537",2001,"LA0200000","Evangeline",NA,"LA","West South Central","South","EVANGELINE","County","Non-MSA counties from 10,000 thru 24,999",22045,29,5,34,1,23,24,30,28,58,2.63,"EVANGELINE PARISH SHERIFF'S OFFICE                ","Evangeline Parish Sheriff's Office"
"3538",2001,"LA0040000","Assumption",NA,"LA","West South Central","South","ASSUMPTION","County","Non-MSA counties from 10,000 thru 24,999",22684,35,18,53,7,21,28,42,39,81,3.57,"ASSUMPTION PARISH SHERIFF'S OFFICE                ","Assumption Parish Sheriff's Office"
"3539",2001,"LA0520600","Abita Springs",NA,"LA","West South Central","South","ST TAMMANY","City","Cities under 2,500",1955,6,1,7,0,0,0,6,1,7,3.58,"ABITA SPRINGS PD                                  ","Abita Springs Police Department"
"3540",2001,"LA0351000","Northwestern State University",NA,"LA","West South Central","South","NATCHITOCHES","University or College","Cities under 2,500",0,13,1,14,1,2,3,14,3,17,NA,"NORTHWESTERN STATE UNIVERSITY OF LOUISIANA POLICE ","Northwestern State University Of Louisiana Police"
"3541",2001,"LA0510000","St. Mary",NA,"LA","West South Central","South","ST MARY","County","Non-MSA counties from 10,000 thru 24,999",20383,87,7,94,45,17,62,132,24,156,7.65,"ST. MARY PARISH SHERIFF'S OFFICE                  ","St. Mary Parish Sheriff's Office"
"3542",2001,"LA0610200","Brusly",NA,"LA","West South Central","South","WEST BATON ROUGE","City","Cities under 2,500",2018,8,0,8,0,1,1,8,1,9,4.46,"BRUSLY POLICE DEPARTMENT                          ","Brusly Police Department"
"3543",2001,"LA0520300","Mandeville",NA,"LA","West South Central","South","ST TAMMANY","City","Cities from 10,000 thru 24,999",10481,27,2,29,8,7,15,35,9,44,4.2,"MANDEVILLE POLICE DEPARTMENT                      ","Mandeville Police Department"
"3544",2001,"LA0570200","Kaplan",NA,"LA","West South Central","South","VERMILION","City","Cities from 2,500 thru 9,999",5173,14,0,14,8,0,8,22,0,22,4.25,"KAPLAN POLICE DEPARTMENT                          ","Kaplan Police Department"
"3545",2001,"LA0320700","French Settlement",NA,"LA","West South Central","South","LIVINGSTON","City","Cities under 2,500",944,2,0,2,0,0,0,2,0,2,2.12,"FRENCH SETTLEMENT POLICE DEPARTMENT               ","French Settlement Police Department"
"3546",2001,"LA0030300","Sorrento",NA,"LA","West South Central","South","ASCENSION","City","Cities under 2,500",1226,4,0,4,0,1,1,4,1,5,4.08,"SORRENTO POLICE DEPARTMENT                        ","Sorrento Police Department"
"3547",2001,"LA0290500","Thibodaux",NA,"LA","West South Central","South","LAFOURCHE","City","Cities from 10,000 thru 24,999",14420,46,4,50,10,5,15,56,9,65,4.51,"THIBODAUX POLICE DEPARTMENT                       ","Thibodaux Police Department"
"3548",2001,"LA0200300","Ville Platte",NA,"LA","West South Central","South","EVANGELINE","City","Cities from 2,500 thru 9,999",8139,25,0,25,4,0,4,29,0,29,3.56,"VILLE PLATTE POLICE DEPARTMENT                    ","Ville Platte Police Department"
"3549",2001,"LA0380000","Plaquemines",NA,"LA","West South Central","South","PLAQUEMINES","County","MSA counties from 25,000 thru 99,999",26736,136,5,141,90,9,99,226,14,240,8.98,"PLAQUEMINES PARISH SHERIFF'S OFFICE               ","Plaquemines Parish Sheriff's Office"
"3550",2001,"LA0310600","Grambling State University",NA,"LA","West South Central","South","LINCOLN","University or College","Cities under 2,500",0,9,0,9,7,1,8,16,1,17,NA,"GRAMBLING STATE UNIVERSITY POLICE DEPT.           ","Grambling State University Police Police Department"
"3551",2001,"LA0160100","Mansfield",NA,"LA","West South Central","South","DE SOTO","City","Cities from 2,500 thru 9,999",5578,12,0,12,5,0,5,17,0,17,3.05,"MANSFIELD POLICE DEPARTMENT                       ","Mansfield Police Department"
"3552",2001,"LA0090200","Vivian",NA,"LA","West South Central","South","CADDO","City","Cities from 2,500 thru 9,999",4028,7,0,7,1,2,3,8,2,10,2.48,"VIVIAN POLICE DEPARTMENT                          ","Vivian Police Department"
"3553",2001,"LA0100500","Westlake",NA,"LA","West South Central","South","CALCASIEU","City","Cities from 2,500 thru 9,999",4664,14,0,14,6,1,7,20,1,21,4.5,"WESTLAKE POLICE DEPARTMENT                        ","Westlake Police Department"
"3554",2001,"LA0140100","Haynesville",NA,"LA","West South Central","South","CLAIBORNE","City","Cities from 2,500 thru 9,999",2677,10,0,10,0,0,0,10,0,10,3.74,"HAYNESVILLE POLICE DEPT                           ","Haynesville Police Police Department"
"3555",2001,"LA0540000","Tensas",NA,"LA","West South Central","South","TENSAS","County","Non-MSA counties under 10,000",2960,11,72,83,2,62,64,13,134,147,49.66,"TENSAS PARISH SHERIFF'S OFFICE                    ","Tensas Parish Sheriff's Office"
"3556",2001,"LA0100100","De Quincy",NA,"LA","West South Central","South","CALCASIEU","City","Cities from 2,500 thru 9,999",3395,11,0,11,2,0,2,13,0,13,3.83,"DEQUINCY POLICE DEPARTMENT                        ","Dequincy Police Department"
"3557",2001,"LA0170200","Baton Rouge",NA,"LA","West South Central","South","EAST BATON ROUGE","City","Cities from 100,000 thru 249,999",227637,517,13,530,79,151,230,596,164,760,3.34,"BATON ROUGE POLICE DEPARTMENT                     ","Baton Rouge Police Department"
"3558",2001,"LA0620000","West Carroll",NA,"LA","West South Central","South","WEST CARROLL","County","Non-MSA counties from 10,000 thru 24,999",12304,12,0,12,5,0,5,17,0,17,1.38,"WEST CARROLL PARISH SHERIFF'S OFFICE              ","West Carroll Parish Sheriff's Office"
"3559",2001,"LA0520000","St. Tammany",NA,"LA","West South Central","South","ST TAMMANY","County","MSA counties 100,000 or over",142166,322,25,347,96,69,165,418,94,512,3.6,"ST. TAMMANY PARISH SHERIFF'S OFFICE               ","St. Tammany Parish Sheriff's Office"
"3560",2001,"LA0030000","Ascension",NA,"LA","West South Central","South","ASCENSION","County","MSA counties from 25,000 thru 99,999",67190,168,12,180,18,47,65,186,59,245,3.65,"ASCENSION PARISH SHERIFF'S OFFICE                 ","Ascension Parish Sheriff's Office"
"3561",2001,"LA0510100","Berwick",NA,"LA","West South Central","South","ST MARY","City","Cities from 2,500 thru 9,999",4414,12,0,12,2,0,2,14,0,14,3.17,"BERWICK POLICE DEPARTMENT                         ","Berwick Police Department"
"3562",2001,"LA0530900","Southeastern Louisiana University",NA,"LA","West South Central","South","TANGIPAHOA","University or College","Cities under 2,500",0,22,0,22,2,7,9,24,7,31,NA,"SOUTHEASTERN LOUISIANA UNIVERSITY POLICE          ","Southeastern Louisiana University Police"
"3563",2001,"LA0530500","Independence",NA,"LA","West South Central","South","TANGIPAHOA","City","Cities under 2,500",1723,6,0,6,0,0,0,6,0,6,3.48,"INDEPENDENCE POLICE DEPARTMENT                    ","Independence Police Department"
"3564",2001,"LA0580000","Vernon",NA,"LA","West South Central","South","VERNON","County","Non-MSA counties from 25,000 thru 99,999",42948,98,0,98,43,0,43,141,0,141,3.28,"VERNON PARISH SHERIFF'S OFFICE                    ","Vernon Parish Sheriff's Office"
"3565",2001,"LA0420000","Richland",NA,"LA","West South Central","South","RICHLAND","County","Non-MSA counties from 10,000 thru 24,999",16733,69,0,69,45,14,59,114,14,128,7.65,"RICHLAND PARISH SHERIFF'S OFFICE                  ","Richland Parish Sheriff's Office"
"3566",2001,"LA0361700","Louisiana State University:","Health Sciences Center, New Orleans","LA","West South Central","South","ORLEANS","University or College","Cities under 2,500",0,39,1,40,15,0,15,54,1,55,NA,"LSU HEALTH SCIENCES CENTER POLICE DEPARTMENT      ","Lsu Health Sciences Center Police Department"
"3567",2001,"LA0290600","Nicholls State University",NA,"LA","West South Central","South","LAFOURCHE","University or College","Cities under 2,500",0,8,0,8,2,4,6,10,4,14,NA,"NICHOLLS STATE UNIVERSITY POLICE                  ","Nicholls State University Police"
"3568",2001,"LA0260200","Harahan",NA,"LA","West South Central","South","JEFFERSON","City","Cities from 2,500 thru 9,999",9877,21,0,21,6,0,6,27,0,27,2.73,"HARAHAN POLICE DEPARTMENT                         ","Harahan Police Department"
"3569",2001,"LA0550100","Houma",NA,"LA","West South Central","South","TERREBONNE","City","Cities from 25,000 thru 49,999",32367,54,0,54,6,13,19,60,13,73,2.26,"HOUMA POLICE DEPARTMENT                           ","Houma Police Department"
"3570",2001,"LA0080000","Bossier",NA,"LA","West South Central","South","BOSSIER","County","MSA counties from 25,000 thru 99,999",38293,141,6,147,29,2,31,170,8,178,4.65,"BOSSIER PARISH SHERIFF'S OFFICE                   ","Bossier Parish Sheriff's Office"
"3571",2001,"LA0140000","Claiborne",NA,"LA","West South Central","South","CLAIBORNE","County","Non-MSA counties from 10,000 thru 24,999",10376,19,38,57,3,28,31,22,66,88,8.48,"CLAIBORNE PARISH SHERIFF'S OFFICE                 ","Claiborne Parish Sheriff's Office"
"3572",2001,"LA0090400","Blanchard",NA,"LA","West South Central","South","CADDO","City","Cities under 2,500",2048,4,0,4,0,0,0,4,0,4,1.95,"BLANCHARD POLICE DEPARTMENT                       ","Blanchard Police Department"
"3573",2001,"LA0090100","Shreveport",NA,"LA","West South Central","South","BOSSIER, CADDO","City","Cities from 100,000 thru 249,999",199986,429,10,439,82,98,180,511,108,619,3.1,"SHREVEPORT POLICE DEPARTMENT                      ","Shreveport Police Department"
"3574",2001,"LA0240000","Iberville",NA,"LA","West South Central","South","IBERVILLE","County","Non-MSA counties from 10,000 thru 24,999",18113,84,12,96,15,41,56,99,53,152,8.39,"IBERVILLE PARISH SHERIFF'S OFFICE                 ","Iberville Parish Sheriff's Office"
"3575",2001,"LA0390000","Pointe Coupee",NA,"LA","West South Central","South","POINTE COUPEE","County","Non-MSA counties from 10,000 thru 24,999",17783,29,38,67,1,34,35,30,72,102,5.74,"POINTE COUPEE PARISH SHERIFF'S OFFICE             ","Pointe Coupee Parish Sheriff's Office"
"3576",2001,"LA0610100","Port Allen",NA,"LA","West South Central","South","WEST BATON ROUGE","City","Cities from 2,500 thru 9,999",5274,20,0,20,4,0,4,24,0,24,4.55,"PORT ALLEN POLICE DEPARTMENT                      ","Port Allen Police Department"
"3577",2001,"LA0510500","Baldwin",NA,"LA","West South Central","South","ST MARY","City","Cities under 2,500",2495,6,0,6,2,1,3,8,1,9,3.61,"BALDWIN POLICE DEPARTMENT                         ","Baldwin Police Department"
"3578",2001,"LA0400200","Pineville",NA,"LA","West South Central","South","RAPIDES","City","Cities from 10,000 thru 24,999",13818,40,0,40,2,7,9,42,7,49,3.55,"PINEVILLE POLICE DEPARTMENT                       ","Pineville Police Department"
"3579",2001,"LA0270200","Jennings",NA,"LA","West South Central","South","JEFFERSON DAVIS","City","Cities from 10,000 thru 24,999",10977,28,4,32,7,4,11,35,8,43,3.92,"JENNINGS POLICE DEPARTMENT                        ","Jennings Police Department"
"3580",2001,"LA0450000","St. Charles",NA,"LA","West South Central","South","ST CHARLES","County","MSA counties from 25,000 thru 99,999",48034,202,11,213,37,87,124,239,98,337,7.02,"ST. CHARLES PARISH SHERIFF'S OFFICE               ","St. Charles Parish Sheriff's Office"
"3581",2001,"LA0600100","Minden",NA,"LA","West South Central","South","WEBSTER","City","Cities from 10,000 thru 24,999",13017,28,0,28,3,1,4,31,1,32,2.46,"MINDEN POLICE DEPARTMENT                          ","Minden Police Department"
"3582",2001,"LA0400600","Glenmora",NA,"LA","West South Central","South","RAPIDES","City","Cities under 2,500",1557,5,0,5,0,0,0,5,0,5,3.21,"GLENMORA POLICE DEPARTMENT                        ","Glenmora Police Department"
"3583",2001,"LA0530200","Kentwood",NA,"LA","West South Central","South","TANGIPAHOA","City","Cities under 2,500",2203,8,0,8,1,0,1,9,0,9,4.09,"KENTWOOD POLICE DEPARTMENT                        ","Kentwood Police Department"
"3584",2001,"LA0560100","Farmerville",NA,"LA","West South Central","South","UNION","City","Cities from 2,500 thru 9,999",3805,9,0,9,3,0,3,12,0,12,3.15,"FARMERVILLE POLICE DEPARTMENT                     ","Farmerville Police Department"
"3585",2001,"LA0470200","Gramercy",NA,"LA","West South Central","South","ST JAMES","City","Cities from 2,500 thru 9,999",3064,6,0,6,1,0,1,7,0,7,2.28,"GRAMERCY POLICE DEPARTMENT                        ","Gramercy Police Department"
"3586",2001,"LA0600200","Springhill",NA,"LA","West South Central","South","WEBSTER","City","Cities from 2,500 thru 9,999",5435,13,0,13,2,0,2,15,0,15,2.76,"SPRINGHILL POLICE DEPARTMENT                      ","Springhill Police Department"
"3587",2001,"LA0530400","Amite",NA,"LA","West South Central","South","TANGIPAHOA","City","Cities from 2,500 thru 9,999",4107,14,0,14,4,0,4,18,0,18,4.38,"AMITE POLICE DEPARTMENT                           ","Amite Police Department"
"3588",2001,"LA0010300","Church Point",NA,"LA","West South Central","South","ACADIA","City","Cities from 2,500 thru 9,999",4752,12,0,12,5,0,5,17,0,17,3.58,"CHURCH POINT POLICE DEPARTMENT                    ","Church Point Police Department"
"3589",2001,"LA0490800","Krotz Springs",NA,"LA","West South Central","South","ST LANDRY","City","Cities under 2,500",1218,3,0,3,1,1,2,4,1,5,4.11,"KROTZ SPRINGS POLICE DEPARTMENT                   ","Krotz Springs Police Department"
"3590",2001,"LA0540300","St. Joseph",NA,"LA","West South Central","South","TENSAS","City","Cities under 2,500",1339,3,0,3,0,0,0,3,0,3,2.24,"ST. JOSEPH POLICE DEPARTMENT                      ","St. Joseph Police Department"
"3591",2001,"LA0500000","St. Martin",NA,"LA","West South Central","South","ST MARTIN","County","MSA counties from 25,000 thru 99,999",33684,130,2,132,51,31,82,181,33,214,6.35,"ST. MARTIN PARISH SHERIFF'S OFFICE                ","St. Martin Parish Sheriff's Office"
"3592",2001,"LA0490400","Sunset",NA,"LA","West South Central","South","ST LANDRY","City","Cities under 2,500",2350,5,0,5,5,0,5,10,0,10,4.26,"SUNSET POLICE DEPARTMENT                          ","Sunset Police Department"
"3593",2001,"LA0020000","Allen",NA,"LA","West South Central","South","ALLEN","County","Non-MSA counties from 10,000 thru 24,999",13291,36,5,41,0,11,11,36,16,52,3.91,"ALLEN PARISH SHERIFF'S OFFICE                     ","Allen Parish Sheriff's Office"
"3594",2001,"LA0010000","Acadia",NA,"LA","West South Central","South","ACADIA","County","MSA counties from 25,000 thru 99,999",29349,81,0,81,6,25,31,87,25,112,3.82,"ACADIA PARISH SHERIFF'S OFFICE                    ","Acadia Parish Sheriff's Office"
"3595",2001,"LA0080700","Southern University and A&M College:","Shreveport","LA","West South Central","South","BOSSIER","University or College","Cities under 2,500",0,2,0,2,4,0,4,6,0,6,NA,"SOUTHERN UNIVERSITY AND A & M COLLEGE - SHREVEPORT","Southern University And A & M College - Shreveport"
"3596",2001,"LA0110000","Caldwell",NA,"LA","West South Central","South","CALDWELL","County","Non-MSA counties from 10,000 thru 24,999",10552,22,0,22,9,0,9,31,0,31,2.94,"CALDWELL PARISH SHERIFF'S OFFICE                  ","Caldwell Parish Sheriff's Office"
"3597",2001,"LA0170100","Baker",NA,"LA","West South Central","South","EAST BATON ROUGE","City","Cities from 10,000 thru 24,999",13782,25,0,25,4,0,4,29,0,29,2.1,"BAKER POLICE DEPARTMENT                           ","Baker Police Department"
"3598",2001,"LA0260000","Jefferson",NA,"LA","West South Central","South","JEFFERSON","County","MSA counties 100,000 or over",346604,847,157,1004,217,335,552,1064,492,1556,4.49,"JEFFERSON PARISH SHERIFF'S OFFICE                 ","Jefferson Parish Sheriff's Office"
"3599",2001,"LA0320000","Livingston",NA,"LA","West South Central","South","LIVINGSTON","County","MSA counties from 25,000 thru 99,999",81584,119,0,119,61,0,61,180,0,180,2.21,"LIVINGSTON PARISH SHERIFF'S OFFICE                ","Livingston Parish Sheriff's Office"
"3600",2001,"LA0390100","New Roads",NA,"LA","West South Central","South","POINTE COUPEE","City","Cities from 2,500 thru 9,999",4962,17,1,18,1,1,2,18,2,20,4.03,"NEW ROADS POLICE DEPARTMENT                       ","New Roads Police Department"
"3601",2001,"LA0200200","Mamou",NA,"LA","West South Central","South","EVANGELINE","City","Cities from 2,500 thru 9,999",3563,12,0,12,3,12,15,15,12,27,7.58,"MAMOU POLICE DEPARTMENT                           ","Mamou Police Department"
"3602",2001,"LA0370300","Sterlington",NA,"LA","West South Central","South","OUACHITA","City","Cities under 2,500",1275,5,0,5,0,0,0,5,0,5,3.92,"STERLINGTON POLICE DEPARTMENT                     ","Sterlington Police Department"
"3603",2001,"LA0280000","Lafayette",NA,"LA","West South Central","South","LAFAYETTE","County","MSA counties from 25,000 thru 99,999",61077,381,0,381,0,88,88,381,88,469,7.68,"LAFAYETTE PARISH SHERIFF'S OFFICE                 ","Lafayette Parish Sheriff's Office"
"3604",2001,"LA0490200","Opelousas",NA,"LA","West South Central","South","ST LANDRY","City","Cities from 10,000 thru 24,999",22842,50,1,51,3,13,16,53,14,67,2.93,"OPELOUSAS POLICE DEPARTMENT                       ","Opelousas Police Department"
"3605",2001,"LA0310000","Lincoln",NA,"LA","West South Central","South","LINCOLN","County","Non-MSA counties from 10,000 thru 24,999",16457,39,0,39,10,0,10,49,0,49,2.98,"LINCOLN PARISH SHERIFF'S OFFICE                   ","Lincoln Parish Sheriff's Office"
"3606",2001,"LA0230300","New Iberia",NA,"LA","West South Central","South","IBERIA","City","Cities from 25,000 thru 49,999",32597,62,2,64,7,14,21,69,16,85,2.61,"NEW IBERIA PD                                     ","New Iberia Police Department"
"3607",2001,"LA0100700","Iowa",NA,"LA","West South Central","South","CALCASIEU","City","Cities from 2,500 thru 9,999",2661,9,0,9,1,1,2,10,1,11,4.13,"IOWA POLICE DEPARTMENT                            ","Iowa Police Department"
"3608",2001,"LA0330100","Tallulah",NA,"LA","West South Central","South","MADISON","City","Cities from 2,500 thru 9,999",9182,9,0,9,6,0,6,15,0,15,1.63,"TALLULAH POLICE DEPT.                             ","Tallulah Police Police Department"
"3609",2001,"LA0200100","Basile",NA,"LA","West South Central","South","EVANGELINE","City","Cities under 2,500",1659,8,0,8,0,5,5,8,5,13,7.84,"BASILE POLICE DEPARTMENT                          ","Basile Police Department"
"3610",2001,"LA0350100","Natchitoches",NA,"LA","West South Central","South","NATCHITOCHES","City","Cities from 10,000 thru 24,999",17851,54,1,55,19,0,19,73,1,74,4.15,"NATCHITOCHES POLICE DEPARTMENT                    ","Natchitoches Police Department"
"3611",2001,"LA0280600","Scott",NA,"LA","West South Central","South","LAFAYETTE","City","Cities from 2,500 thru 9,999",7864,15,0,15,1,0,1,16,0,16,2.03,"SCOTT POLICE DEPARTMENT                           ","Scott Police Department"
"3612",2001,"LA0300000","La Salle",NA,"LA","West South Central","South","LA SALLE","County","Non-MSA counties under 10,000",9886,30,0,30,14,2,16,44,2,46,4.65,"LA SALLE PARISH SHERIFF'S OFFICE                  ","La Salle Parish Sheriff's Office"
"3613",2001,"LA0300200","Olla",NA,"LA","West South Central","South","LA SALLE","City","Cities under 2,500",1416,3,0,3,0,0,0,3,0,3,2.12,"OLLA POLICE DEPARTMENT                            ","Olla Police Department"
"3614",2001,"LA0170300","Zachary",NA,"LA","West South Central","South","EAST BATON ROUGE","City","Cities from 10,000 thru 24,999",11266,21,1,22,7,2,9,28,3,31,2.75,"ZACHARY POLICE DEPARTMENT                         ","Zachary Police Department"
"3615",2001,"LA0500200","St. Martinville",NA,"LA","West South Central","South","ST MARTIN","City","Cities from 2,500 thru 9,999",6983,13,0,13,2,5,7,15,5,20,2.86,"ST. MARTINVILLE POLICE DEPARTMENT                 ","St. Martinville Police Department"
"3616",2001,"LA0520200","Slidell",NA,"LA","West South Central","South","ST TAMMANY","City","Cities from 25,000 thru 49,999",25675,69,7,76,2,26,28,71,33,104,4.05,"SLIDELL POLICE DEPARTMENT                         ","Slidell Police Department"
"3617",2001,"LA0230200","Jeanerette",NA,"LA","West South Central","South","IBERIA","City","Cities from 2,500 thru 9,999",5992,10,0,10,6,0,6,16,0,16,2.67,"JEANERETTE POLICE DEPARTMENT                      ","Jeanerette Police Department"
"3618",2001,"LA0540200","Waterproof",NA,"LA","West South Central","South","TENSAS","City","Cities under 2,500",833,7,0,7,0,1,1,7,1,8,9.6,"WATERPROOF POLICE DEPARTMENT                      ","Waterproof Police Department"
"3619",2001,"LA0190100","Clinton",NA,"LA","West South Central","South","EAST FELICIANA","City","Cities under 2,500",1996,7,0,7,0,0,0,7,0,7,3.51,"CLINTON POLICE DEPT.                              ","Clinton Police Police Department"
"3620",2001,"LA0020100","Kinder",NA,"LA","West South Central","South","ALLEN","City","Cities under 2,500",2146,10,0,10,5,0,5,15,0,15,6.99,"KINDER POLICE DEPARTMENT                          ","Kinder Police Department"
"3621",2001,"LA0560000","Union",NA,"LA","West South Central","South","UNION","County","Non-MSA counties from 10,000 thru 24,999",17172,29,5,34,3,10,13,32,15,47,2.74,"UNION PARISH SHERIFF'S OFFICE                     ","Union Parish Sheriff's Office"
"3622",2001,"LA0020200","Oakdale",NA,"LA","West South Central","South","ALLEN","City","Cities from 2,500 thru 9,999",8131,17,0,17,4,3,7,21,3,24,2.95,"OAKDALE POLICE DEPARTMENT                         ","Oakdale Police Department"
"3623",2001,"LA0080400","Haughton",NA,"LA","West South Central","South","BOSSIER","City","Cities from 2,500 thru 9,999",2790,6,0,6,0,2,2,6,2,8,2.87,"HAUGHTON POLICE DEPARTMENT                        ","Haughton Police Department"
"3624",2001,"LA0240300","White Castle",NA,"LA","West South Central","South","IBERVILLE","City","Cities under 2,500",1944,6,0,6,0,4,4,6,4,10,5.14,"WHITE CASTLE POLICE DEPARTMENT                    ","White Castle Police Department"
"3625",2001,"LA0160000","De Soto",NA,"LA","West South Central","South","DE SOTO","County","Non-MSA counties from 10,000 thru 24,999",18229,57,0,57,17,8,25,74,8,82,4.5,"DE SOTO PARISH SHERIFF'S OFFICE                   ","De Soto Parish Sheriff's Office"
"3626",2001,"LA0100300","Sulphur",NA,"LA","West South Central","South","CALCASIEU","City","Cities from 10,000 thru 24,999",20496,42,2,44,5,9,14,47,11,58,2.83,"SULPHUR POLICE DEPARTMENT                         ","Sulphur Police Department"
"3627",2001,"LA0150100","Ferriday",NA,"LA","West South Central","South","CONCORDIA","City","Cities from 2,500 thru 9,999",3720,10,2,12,2,3,5,12,5,17,4.57,"FERRIDAY POLICE DEPARTMENT                        ","Ferriday Police Department"
"3628",2001,"LA0410000","Red River",NA,"LA","West South Central","South","RED RIVER","County","Non-MSA counties under 10,000",7317,33,1,34,11,2,13,44,3,47,6.42,"RED RIVER PARISH SHERIFF'S OFFICE                 ","Red River Parish Sheriff's Office"
"3629",2001,"LA0430000","Sabine",NA,"LA","West South Central","South","SABINE","County","Non-MSA counties from 10,000 thru 24,999",20553,44,0,44,18,3,21,62,3,65,3.16,"SABINE PARISH SHERIFF'S OFFICE                    ","Sabine Parish Sheriff's Office"
"3630",2001,"LA0361200","Southern University and A&M College:","New Orleans","LA","West South Central","South","ORLEANS","University or College","Cities under 2,500",0,7,0,7,3,0,3,10,0,10,NA,"SOUTHERN UNIV PD NEW ORLEANS                      ","Southern Univ Police Department New Orleans"
"3631",2001,"LA0100800","McNeese State University",NA,"LA","West South Central","South","CALCASIEU","University or College","Cities under 2,500",0,10,1,11,1,5,6,11,6,17,NA,"MCNEESE STATE UNIVERSITY POLICE                   ","Mcneese State University Police"
"3632",2001,"LA0370900","Tensas Basin Levee District",NA,"LA","West South Central","South","OUACHITA","Other State Agency","Cities under 2,500",0,2,0,2,0,1,1,2,1,3,NA,"TENSAS BASIN LEVEE DISTRICT POLICE                ","Tensas Basin Levee District Police"
"3633",2001,"LA0490100","Eunice",NA,"LA","West South Central","South","ACADIA, ST LANDRY","City","Cities from 10,000 thru 24,999",11490,34,0,34,8,1,9,42,1,43,3.74,"EUNICE POLICE DEPARTMENT                          ","Eunice Police Department"
"3634",2001,"LA0310700","Louisiana Tech University",NA,"LA","West South Central","South","LINCOLN","University or College","Cities under 2,500",0,13,0,13,4,2,6,17,2,19,NA,"LOUISIANA TECH UNIVERSITY POLICE                  ","Louisiana Tech University Police"
"3635",2001,"LA0550000","Terrebonne",NA,"LA","West South Central","South","TERREBONNE","County","MSA counties from 25,000 thru 99,999",72053,196,0,196,88,0,88,284,0,284,3.94,"TERREBONNE PARISH SHERIFF'S OFFICE                ","Terrebonne Parish Sheriff's Office"
"3636",2001,"LA0530300","Ponchatoula",NA,"LA","West South Central","South","TANGIPAHOA","City","Cities from 2,500 thru 9,999",5176,15,1,16,2,3,5,17,4,21,4.06,"PONCHATOULA POLICE DEPARTMENT                     ","Ponchatoula Police Department"
"3637",2001,"LA0010200","Rayne",NA,"LA","West South Central","South","ACADIA","City","Cities from 2,500 thru 9,999",8545,20,0,20,5,0,5,25,0,25,2.93,"RAYNE POLICE DEPARTMENT                           ","Rayne Police Department"
"3638",2001,"LA0370400","University of Louisiana:","Monroe","LA","West South Central","South","OUACHITA","University or College","Cities under 2,500",0,16,1,17,2,4,6,18,5,23,NA,"UNIVERSITY OF LOUISIANA - MONROE POLICE           ","University Of Louisiana - Monroe Police"
"3639",2001,"LA0350000","Natchitoches",NA,"LA","West South Central","South","NATCHITOCHES","County","Non-MSA counties from 10,000 thru 24,999",21198,42,5,47,14,0,14,56,5,61,2.88,"NATCHITOCHES PARISH SHERIFF'S OFFICE              ","Natchitoches Parish Sheriff's Office"
"3640",2001,"LA0040100","Napoleonville",NA,"LA","West South Central","South","ASSUMPTION","City","Cities under 2,500",685,2,0,2,0,0,0,2,0,2,2.92,"NAPOLEONVILLE POLICE DEPARTMENT                   ","Napoleonville Police Department"
"3641",2001,"LA0430100","Many",NA,"LA","West South Central","South","SABINE","City","Cities from 2,500 thru 9,999",2887,10,0,10,3,0,3,13,0,13,4.5,"MANY POLICE DEPARTMENT                            ","Many Police Department"
"3642",2001,"LA0050300","Simmesport",NA,"LA","West South Central","South","AVOYELLES","City","Cities under 2,500",2237,5,1,6,0,0,0,5,1,6,2.68,"SIMMESPORT POLICE DEPT.                           ","Simmesport Police Police Department"
"3643",2001,"LA0400000","Rapides",NA,"LA","West South Central","South","RAPIDES","County","MSA counties from 25,000 thru 99,999",57324,280,23,303,37,58,95,317,81,398,6.94,"RAPIDES PARISH SHERIFF'S OFFICE                   ","Rapides Parish Sheriff's Office"
"3644",2001,"LA0600800","Dixie Inn",NA,"LA","West South Central","South","WEBSTER","City","Cities under 2,500",352,3,0,3,0,0,0,3,0,3,8.52,"DIXIE INN POLICE DEPARTMENT                       ","Dixie Inn Police Department"
"3645",2001,"LA0220500","Pollock",NA,"LA","West South Central","South","GRANT","City","Cities under 2,500",376,2,0,2,0,0,0,2,0,2,5.32,"POLLOCK POLICE DEPARTMENT                         ","Pollock Police Department"
"3646",2001,"LA0190500","Norwood",NA,"LA","West South Central","South","EAST FELICIANA","City","Cities under 2,500",337,2,0,2,0,0,0,2,0,2,5.93,"NORWOOD POLICE DEPT                               ","Norwood Police Police Department"
"3647",2001,"LA0580200","New Llano",NA,"LA","West South Central","South","VERNON","City","Cities under 2,500",2413,10,0,10,0,0,0,10,0,10,4.14,"NEW LLANO POLICE DEPARTMENT                       ","New Llano Police Department"
"3648",2001,"LA0590000","Washington",NA,"LA","West South Central","South","WASHINGTON","County","Non-MSA counties from 25,000 thru 99,999",26883,72,0,72,26,0,26,98,0,98,3.65,"WASHINGTON PARISH SHERIFF'S OFFICE                ","Washington Parish Sheriff's Office"
"3649",2001,"LA0590100","Bogalusa",NA,"LA","West South Central","South","WASHINGTON","City","Cities from 10,000 thru 24,999",13354,34,7,41,4,2,6,38,9,47,3.52,"BOGALUSA POLICE DEPARTMENT                        ","Bogalusa Police Department"
"3650",2001,"LA0270300","Lake Arthur",NA,"LA","West South Central","South","JEFFERSON DAVIS","City","Cities from 2,500 thru 9,999",3005,6,0,6,5,0,5,11,0,11,3.66,"LAKE ARTHUR POLICE DEPARTMENT                     ","Lake Arthur Police Department"
"3651",2001,"LA0510400","Patterson",NA,"LA","West South Central","South","ST MARY","City","Cities from 2,500 thru 9,999",5126,13,1,14,5,0,5,18,1,19,3.71,"PATTERSON POLICE DEPARTMENT                       ","Patterson Police Department"
"3652",2001,"LA0280300","Lafayette",NA,"LA","West South Central","South","LAFAYETTE","City","Cities from 100,000 thru 249,999",110170,200,14,214,16,52,68,216,66,282,2.56,"LAFAYETTE POLICE DEPARTMENT                       ","Lafayette Police Department"
"3653",2001,"LA0610000","West Baton Rouge",NA,"LA","West South Central","South","WEST BATON ROUGE","County","MSA counties from 10,000 thru 24,999",12056,118,0,118,53,0,53,171,0,171,14.18,"WEST BATON ROUGE PARISH SHERIFF'S OFFICE          ","West Baton Rouge Parish Sheriff's Office"
"3654",2001,"LA0320100","Denham Springs",NA,"LA","West South Central","South","LIVINGSTON","City","Cities from 2,500 thru 9,999",8750,25,3,28,0,12,12,25,15,40,4.57,"DENHAM SPRINGS POLICE DEPARTMENT                  ","Denham Springs Police Department"
"3655",2001,"LA0401000","Ball",NA,"LA","West South Central","South","RAPIDES","City","Cities from 2,500 thru 9,999",3678,5,0,5,0,1,1,5,1,6,1.63,"BALL POLICE DEPARTMENT                            ","Ball Police Department"
"3656",2001,"LA0060000","Beauregard",NA,"LA","West South Central","South","BEAUREGARD","County","Non-MSA counties from 10,000 thru 24,999",23540,53,2,55,6,16,22,59,18,77,3.27,"BEAUREGARD PARISH SHERIFF'S OFFICE                ","Beauregard Parish Sheriff's Office"
"3657",2001,"LA0320600","Port Vincent",NA,"LA","West South Central","South","LIVINGSTON","City","Cities under 2,500",463,2,0,2,0,0,0,2,0,2,4.32,"PORT VINCENT POLICE DEPT.                         ","Port Vincent Police Police Department"
"3658",2001,"LA0050600","Moreauville",NA,"LA","West South Central","South","AVOYELLES","City","Cities under 2,500",921,1,0,1,0,0,0,1,0,1,1.09,"MOREAUVILLE POLICE DEPARTMENT                     ","Moreauville Police Department"
"3659",2001,"LA0150000","Concordia",NA,"LA","West South Central","South","CONCORDIA","County","Non-MSA counties from 10,000 thru 24,999",11972,29,10,39,3,15,18,32,25,57,4.76,"CONCORDIA PARISH SHERIFF'S OFFICE                 ","Concordia Parish Sheriff's Office"
"3660",2001,"LA0280700","University of Louisiana:","Lafayette","LA","West South Central","South","LAFAYETTE","University or College","Cities under 2,500",0,21,0,21,2,1,3,23,1,24,NA,"UNIVERSITY OF LOUISIANA AT LAFAYETTE POLICE       ","University Of Louisiana At Lafayette Police"
"3661",2001,"LA0480000","St. John the Baptist",NA,"LA","West South Central","South","ST JOHN THE BAPTIST","County","MSA counties from 25,000 thru 99,999",43010,151,2,153,56,0,56,207,2,209,4.86,"ST. JOHN THE BAPTIST PARISH SHERIFF'S OFFICE      ","St. John The Baptist Parish Sheriff's Office"
"3662",2001,"LA0560200","Bernice",NA,"LA","West South Central","South","UNION","City","Cities under 2,500",1808,5,0,5,1,0,1,6,0,6,3.32,"BERNICE POLICE DEPARTMENT                         ","Bernice Police Department"
"3663",2001,"LA0500300","Parks",NA,"LA","West South Central","South","ST MARTIN","City","Cities under 2,500",533,1,0,1,0,0,0,1,0,1,1.88,"PARKS POLICE DEPARTMENT                           ","Parks Police Department"
"3664",2001,"LA0580100","Leesville",NA,"LA","West South Central","South","VERNON","City","Cities from 2,500 thru 9,999",6748,17,0,17,9,0,9,26,0,26,3.85,"LEESVILLE POLICE DEPARTMENT                       ","Leesville Police Department"
"3665",2001,"LA0590200","Franklinton",NA,"LA","West South Central","South","WASHINGTON","City","Cities from 2,500 thru 9,999",3654,11,0,11,4,0,4,15,0,15,4.11,"FRANKLINTON POLICE DEPARTMENT                     ","Franklinton Police Department"
"3666",2001,"LA0020300","Oberlin",NA,"LA","West South Central","South","ALLEN","City","Cities under 2,500",1852,5,0,5,0,0,0,5,0,5,2.7,"OBERLIN POLICE DEPARTMENT                         ","Oberlin Police Department"
"3667",2001,"LA0250100","Jonesboro",NA,"LA","West South Central","South","JACKSON","City","Cities from 2,500 thru 9,999",3911,10,1,11,1,3,4,11,4,15,3.84,"JONESBORO POLICE DEPARTMENT                       ","Jonesboro Police Department"
"3668",2001,"LA0240200","Plaquemine",NA,"LA","West South Central","South","IBERVILLE","City","Cities from 2,500 thru 9,999",7058,11,1,12,19,1,20,30,2,32,4.53,"PLAQUEMINE POLICE DEPARTMENT                      ","Plaquemine Police Department"
"3669",2001,"LA0340100","Bastrop",NA,"LA","West South Central","South","MOREHOUSE","City","Cities from 10,000 thru 24,999",12978,27,0,27,13,5,18,40,5,45,3.47,"BASTROP POLICE DEPARTMENT                         ","Bastrop Police Department"
"3670",2001,"LA0290300","Lockport",NA,"LA","West South Central","South","LAFOURCHE","City","Cities from 2,500 thru 9,999",2622,5,0,5,0,0,0,5,0,5,1.91,"LOCKPORT POLICE DEPARTMENT                        ","Lockport Police Department"
"3671",2001,"LA0170600","Southern University and A&M College:","Baton Rouge","LA","West South Central","South","EAST BATON ROUGE","University or College","Cities under 2,500",0,23,1,24,7,1,8,30,2,32,NA,"SOUTHERN UNIVERSITY AND A & M COLLEGE POLICE      ","Southern University And A & M College Police"
"3672",2001,"LA0190000","East Feliciana",NA,"LA","West South Central","South","EAST FELICIANA","County","Non-MSA counties from 10,000 thru 24,999",14883,22,23,45,4,20,24,26,43,69,4.64,"EAST FELICIANA PARISH SHERIFF'S OFFICE            ","East Feliciana Parish Sheriff's Office"
"3673",2001,"LA0280500","Youngsville",NA,"LA","West South Central","South","LAFAYETTE","City","Cities from 2,500 thru 9,999",3989,8,0,8,0,2,2,8,2,10,2.51,"YOUNGSVILLE POLICE DEPARTMENT                     ","Youngsville Police Department"
"3674",2001,"LA0280100","Broussard",NA,"LA","West South Central","South","LAFAYETTE, ST MARTIN","City","Cities from 2,500 thru 9,999",5869,13,0,13,1,1,2,14,1,15,2.56,"BROUSSARD POLICE DEPARTMENT                       ","Broussard Police Department"
"3675",2001,"LA0290000","Lafourche",NA,"LA","West South Central","South","LAFOURCHE","County","MSA counties from 25,000 thru 99,999",70670,151,9,160,55,40,95,206,49,255,3.61,"LAFOURCHE PARISH SHERIFF'S OFFICE                 ","Lafourche Parish Sheriff's Office"
"3676",2001,"LA0340000","Morehouse",NA,"LA","West South Central","South","MOREHOUSE","County","Non-MSA counties from 10,000 thru 24,999",18018,101,0,101,53,0,53,154,0,154,8.55,"MOREHOUSE PARISH SHERIFF'S OFFICE                 ","Morehouse Parish Sheriff's Office"
"3677",2001,"LA0600400","Cullen",NA,"LA","West South Central","South","WEBSTER","City","Cities under 2,500",1295,4,0,4,1,0,1,5,0,5,3.86,"CULLEN POLICE DEPARTMENT                          ","Cullen Police Department"
"3678",2001,"LA0330000","Madison",NA,"LA","West South Central","South","MADISON","County","Non-MSA counties under 10,000",4535,43,0,43,9,0,9,52,0,52,11.47,"MADISON PARISH SHERIFF'S OFFICE                   ","Madison Parish Sheriff's Office"
"3679",2001,"LA0240600","St. Gabriel",NA,"LA","West South Central","South","IBERVILLE","City","Cities from 2,500 thru 9,999",5510,7,0,7,1,7,8,8,7,15,2.72,"ST. GABRIEL POLICE DEPARTMENT                     ","St. Gabriel Police Department"
"3680",2001,"LA0270000","Jefferson Davis",NA,"LA","West South Central","South","JEFFERSON DAVIS","County","Non-MSA counties from 10,000 thru 24,999",12791,32,0,32,15,0,15,47,0,47,3.67,"JEFFERSON DAVIS PARISH SHERIFF'S OFFICE           ","Jefferson Davis Parish Sheriff's Office"
"3681",2001,"LA0100200","Lake Charles",NA,"LA","West South Central","South","CALCASIEU","City","Cities from 50,000 thru 99,999",71700,126,2,128,28,2,30,154,4,158,2.2,"LAKE CHARLES POLICE DEPARTMENT                    ","Lake Charles Police Department"
"3682",2001,"LA0030200","Gonzales",NA,"LA","West South Central","South","ASCENSION","City","Cities from 2,500 thru 9,999",8150,24,0,24,7,0,7,31,0,31,3.8,"GONZALES POLICE DEPARTMENT                        ","Gonzales Police Department"
"3683",2001,"LA0310300","Grambling",NA,"LA","West South Central","South","LINCOLN","City","Cities from 2,500 thru 9,999",4689,7,0,7,1,3,4,8,3,11,2.35,"GRAMBLING POLICE DEPARTMENT                       ","Grambling Police Department"
"3684",2001,"LA0220000","Grant",NA,"LA","West South Central","South","GRANT","County","Non-MSA counties from 10,000 thru 24,999",18307,33,0,33,15,0,15,48,0,48,2.62,"GRANT PARISH SHERIFF'S OFFICE                     ","Grant Parish Sheriff's Office"
"3685",2001,"LA0050200","Marksville",NA,"LA","West South Central","South","AVOYELLES","City","Cities from 2,500 thru 9,999",5533,14,2,16,3,4,7,17,6,23,4.16,"MARKSVILLE POLICE DEPARTMENT                      ","Marksville Police Department"
"3686",2001,"LA0260100","Gretna",NA,"LA","West South Central","South","JEFFERSON","City","Cities from 10,000 thru 24,999",17409,77,4,81,14,14,28,91,18,109,6.26,"GRETNA POLICE DEPARTMENT                          ","Gretna Police Department"
"3687",2001,"LA0360200","Delgado Community College",NA,"LA","West South Central","South","ORLEANS","University or College","Cities under 2,500",0,14,2,16,2,10,12,16,12,28,NA,"DELGADO COMMUNITY COLLEGE POLICE                  ","Delgado Community College Police"
"3688",2001,"LA0080100","Bossier City",NA,"LA","West South Central","South","BOSSIER","City","Cities from 50,000 thru 99,999",56416,131,17,148,7,37,44,138,54,192,3.4,"BOSSIER CITY POLICE DEPT                          ","Bossier City Police Police Department"
"3689",2001,"LA0160800","Stonewall",NA,"LA","West South Central","South","DE SOTO","City","Cities under 2,500",1667,1,0,1,0,0,0,1,0,1,0.6,"STONEWALL POLICE DEPARTMENT                       ","Stonewall Police Department"
"3690",2001,"LA0570000","Vermilion",NA,"LA","West South Central","South","VERMILION","County","Non-MSA counties from 25,000 thru 99,999",34528,50,25,75,5,24,29,55,49,104,3.01,"VERMILION PARISH SHERIFF'S OFFICE                 ","Vermilion Parish Sheriff's Office"
"3691",2001,"LA0530800","Tickfaw",NA,"LA","West South Central","South","TANGIPAHOA","City","Cities under 2,500",617,7,0,7,1,0,1,8,0,8,12.97,"TICKFAW POLICE DEPARTMENT                         ","Tickfaw Police Department"
"3692",2001,"LA0120000","Cameron",NA,"LA","West South Central","South","CAMERON","County","Non-MSA counties under 10,000",9983,53,13,66,1,3,4,54,16,70,7.01,"CAMERON PARISH SHERIFF'S OFFICE                   ","Cameron Parish Sheriff's Office"
"3693",2001,"LA0530100","Hammond",NA,"LA","West South Central","South","TANGIPAHOA","City","Cities from 10,000 thru 24,999",17625,72,0,72,21,2,23,93,2,95,5.39,"HAMMOND POLICE DEPARTMENT                         ","Hammond Police Department"
"3694",2001,"LA0640100","Winnfield",NA,"LA","West South Central","South","WINN","City","Cities from 2,500 thru 9,999",5744,14,3,17,1,5,6,15,8,23,4,"WINNFIELD POLICE DEPT                             ","Winnfield Police Police Department"
"3695",2001,"LA0570100","Abbeville",NA,"LA","West South Central","South","VERMILION","City","Cities from 10,000 thru 24,999",11878,28,5,33,5,0,5,33,5,38,3.2,"ABBEVILLE POLICE DEPARTMENT                       ","Abbeville Police Department"
"3696",2001,"LANPD0000","New Orleans",NA,"LA","West South Central","South","ORLEANS","City","Cities from 250,000 thru 499,999",484289,1372,59,1431,255,324,579,1627,383,2010,4.15,"NEW ORLEANS POLICE DEPARTMENT                     ","New Orleans Police Department"
"3697",2001,"LA0170400","Louisiana State University:","Baton Rouge","LA","West South Central","South","EAST BATON ROUGE","University or College","Cities under 2,500",0,50,0,50,7,2,9,57,2,59,NA,"LOUISIANA STATE UNIVERSITY POLICE DEPARTMENT      ","Louisiana State University Police Department"
"3698",2001,"LA0520700","Folsom",NA,"LA","West South Central","South","ST TAMMANY","City","Cities under 2,500",525,3,0,3,0,1,1,3,1,4,7.62,"FOLSOM POLICE DEPARTMENT                          ","Folsom Police Department"
"3699",2001,"LA0130200","Sicily Island",NA,"LA","West South Central","South","CATAHOULA","City","Cities under 2,500",453,2,0,2,0,1,1,2,1,3,6.62,"SICILY ISLAND POLICE DEPARTMENT                   ","Sicily Island Police Department"
"3700",2001,"LA036209E","Tulane University",NA,"LA","West South Central","South","ORLEANS","University or College","Cities under 2,500",0,29,3,32,5,10,15,34,13,47,NA,NA,"Tulane University"
"3701",2001,"LA0010100","Crowley",NA,"LA","West South Central","South","ACADIA","City","Cities from 10,000 thru 24,999",14214,25,0,25,6,1,7,31,1,32,2.25,"CROWLEY POLICE DEPARTMENT                         ","Crowley Police Department"
"3702",2001,"LA0460000","St. Helena",NA,"LA","West South Central","South","ST HELENA","County","Non-MSA counties from 10,000 thru 24,999",10517,17,13,30,10,9,19,27,22,49,4.66,"ST. HELENA PARISH SHERIFF'S OFFICE                ","St. Helena Parish Sheriff's Office"
"3703",2001,"LA0500100","Breaux Bridge",NA,"LA","West South Central","South","ST MARTIN","City","Cities from 2,500 thru 9,999",7275,16,0,16,7,0,7,23,0,23,3.16,"BREAUX BRIDGE POLICE DEPARTMENT                   ","Breaux Bridge Police Department"
"3704",2001,"LA0610300","Addis",NA,"LA","West South Central","South","WEST BATON ROUGE","City","Cities under 2,500",2236,4,0,4,0,1,1,4,1,5,2.24,"ADDIS POLICE DEPARTMENT                           ","Addis Police Department"
"3705",2001,"LA0520100","Covington",NA,"LA","West South Central","South","ST TAMMANY","City","Cities from 2,500 thru 9,999",8476,31,0,31,2,10,12,33,10,43,5.07,"COVINGTON POLICE DEPARTMENT                       ","Covington Police Department"
"3706",2000,"LA0600100","Minden",NA,"LA","West South Central","South","WEBSTER","City","Cities from 10,000 thru 24,999",13027,28,0,28,3,1,4,31,1,32,2.46,"MINDEN POLICE DEPARTMENT                          ","Minden Police Department"
"3707",2000,"LA0190200","Jackson",NA,"LA","West South Central","South","EAST FELICIANA","City","Cities from 2,500 thru 9,999",4130,5,1,6,0,0,0,5,1,6,1.45,"JACKSON POLICE DEPARTMENT                         ","Jackson Police Department"
"3708",2000,"LA0530200","Kentwood",NA,"LA","West South Central","South","TANGIPAHOA","City","Cities under 2,500",2205,8,0,8,1,0,1,9,0,9,4.08,"KENTWOOD POLICE DEPARTMENT                        ","Kentwood Police Department"
"3709",2000,"LA0600200","Springhill",NA,"LA","West South Central","South","WEBSTER","City","Cities from 2,500 thru 9,999",5439,13,0,13,2,0,2,15,0,15,2.76,"SPRINGHILL POLICE DEPARTMENT                      ","Springhill Police Department"
"3710",2000,"LA0090200","Vivian",NA,"LA","West South Central","South","CADDO","City","Cities from 2,500 thru 9,999",4031,7,0,7,0,3,3,7,3,10,2.48,"VIVIAN POLICE DEPARTMENT                          ","Vivian Police Department"
"3711",2000,"LA0560100","Farmerville",NA,"LA","West South Central","South","UNION","City","Cities from 2,500 thru 9,999",3808,10,0,10,3,0,3,13,0,13,3.41,"FARMERVILLE POLICE DEPARTMENT                     ","Farmerville Police Department"
"3712",2000,"LA0200300","Ville Platte",NA,"LA","West South Central","South","EVANGELINE","City","Cities from 2,500 thru 9,999",8145,24,0,24,4,0,4,28,0,28,3.44,"VILLE PLATTE POLICE DEPARTMENT                    ","Ville Platte Police Department"
"3713",2000,"LA0100500","Westlake",NA,"LA","West South Central","South","CALCASIEU","City","Cities from 2,500 thru 9,999",4668,12,0,12,6,1,7,18,1,19,4.07,"WESTLAKE POLICE DEPARTMENT                        ","Westlake Police Department"
"3714",2000,"LA0160100","Mansfield",NA,"LA","West South Central","South","DE SOTO","City","Cities from 2,500 thru 9,999",5582,10,0,10,2,4,6,12,4,16,2.87,"MANSFIELD POLICE DEPARTMENT                       ","Mansfield Police Department"
"3715",2000,"LA0170400","Louisiana State University:","Baton Rouge","LA","West South Central","South","EAST BATON ROUGE","University or College","Cities under 2,500",0,50,0,50,5,2,7,55,2,57,NA,"LOUISIANA STATE UNIVERSITY POLICE DEPARTMENT      ","Louisiana State University Police Department"
"3716",2000,"LA0400600","Glenmora",NA,"LA","West South Central","South","RAPIDES","City","Cities under 2,500",1558,6,0,6,0,1,1,6,1,7,4.49,"GLENMORA POLICE DEPARTMENT                        ","Glenmora Police Department"
"3717",2000,"LA0400500","Cheneyville",NA,"LA","West South Central","South","RAPIDES","City","Cities under 2,500",901,5,0,5,0,0,0,5,0,5,5.55,"CHENEYVILLE POLICE DEPT.                          ","Cheneyville Police Police Department"
"3718",2000,"LA0470200","Gramercy",NA,"LA","West South Central","South","ST JAMES","City","Cities from 2,500 thru 9,999",3066,8,0,8,0,0,0,8,0,8,2.61,"GRAMERCY POLICE DEPARTMENT                        ","Gramercy Police Department"
"3719",2000,"LA0580100","Leesville",NA,"LA","West South Central","South","VERNON","City","Cities from 2,500 thru 9,999",6753,17,0,17,8,0,8,25,0,25,3.7,"LEESVILLE POLICE DEPARTMENT                       ","Leesville Police Department"
"3720",2000,"LA0020300","Oberlin",NA,"LA","West South Central","South","ALLEN","City","Cities under 2,500",1853,6,0,6,0,0,0,6,0,6,3.24,"OBERLIN POLICE DEPARTMENT                         ","Oberlin Police Department"
"3721",2000,"LA0590200","Franklinton",NA,"LA","West South Central","South","WASHINGTON","City","Cities from 2,500 thru 9,999",3657,13,0,13,1,0,1,14,0,14,3.83,"FRANKLINTON POLICE DEPARTMENT                     ","Franklinton Police Department"
"3722",2000,"LA0340400","Collinston",NA,"LA","West South Central","South","MOREHOUSE","City","Cities under 2,500",327,2,0,2,0,0,0,2,0,2,6.12,"COLLINSTON POLICE DEPT                            ","Collinston Police Police Department"
"3723",2000,"LA0010200","Rayne",NA,"LA","West South Central","South","ACADIA","City","Cities from 2,500 thru 9,999",8552,19,1,20,3,0,3,22,1,23,2.69,"RAYNE POLICE DEPARTMENT                           ","Rayne Police Department"
"3724",2000,"LA0010400","Iota",NA,"LA","West South Central","South","ACADIA","City","Cities under 2,500",1376,3,0,3,0,0,0,3,0,3,2.18,"IOTA POLICE DEPARTMENT                            ","Iota Police Department"
"3725",2000,"LA0530300","Ponchatoula",NA,"LA","West South Central","South","TANGIPAHOA","City","Cities from 2,500 thru 9,999",5180,15,1,16,1,4,5,16,5,21,4.05,"PONCHATOULA POLICE DEPARTMENT                     ","Ponchatoula Police Department"
"3726",2000,"LA0320600","Port Vincent",NA,"LA","West South Central","South","LIVINGSTON","City","Cities under 2,500",463,3,0,3,0,0,0,3,0,3,6.48,"PORT VINCENT POLICE DEPT.                         ","Port Vincent Police Police Department"
"3727",2000,"LA0320100","Denham Springs",NA,"LA","West South Central","South","LIVINGSTON","City","Cities from 2,500 thru 9,999",8757,25,4,29,0,12,12,25,16,41,4.68,"DENHAM SPRINGS POLICE DEPARTMENT                  ","Denham Springs Police Department"
"3728",2000,"LA0401000","Ball",NA,"LA","West South Central","South","RAPIDES","City","Cities from 2,500 thru 9,999",3681,4,0,4,0,1,1,4,1,5,1.36,"BALL POLICE DEPARTMENT                            ","Ball Police Department"
"3729",2000,"LA0550000","Terrebonne",NA,"LA","West South Central","South","TERREBONNE","County","MSA counties from 25,000 thru 99,999",72110,208,12,220,90,7,97,298,19,317,4.4,"TERREBONNE PARISH SHERIFF'S OFFICE                ","Terrebonne Parish Sheriff's Office"
"3730",2000,"LA0280700","University of Louisiana:","Lafayette","LA","West South Central","South","LAFAYETTE","University or College","Cities under 2,500",0,19,1,20,3,2,5,22,3,25,NA,"UNIVERSITY OF LOUISIANA AT LAFAYETTE POLICE       ","University Of Louisiana At Lafayette Police"
"3731",2000,"LA0620000","West Carroll",NA,"LA","West South Central","South","WEST CARROLL","County","Non-MSA counties from 10,000 thru 24,999",12314,14,0,14,3,0,3,17,0,17,1.38,"WEST CARROLL PARISH SHERIFF'S OFFICE              ","West Carroll Parish Sheriff's Office"
"3732",2000,"LA0140100","Haynesville",NA,"LA","West South Central","South","CLAIBORNE","City","Cities from 2,500 thru 9,999",2679,8,0,8,0,0,0,8,0,8,2.99,"HAYNESVILLE POLICE DEPT                           ","Haynesville Police Police Department"
"3733",2000,"LA0030000","Ascension",NA,"LA","West South Central","South","ASCENSION","County","MSA counties from 25,000 thru 99,999",67244,167,12,179,19,43,62,186,55,241,3.58,"ASCENSION PARISH SHERIFF'S OFFICE                 ","Ascension Parish Sheriff's Office"
"3734",2000,"LA0520000","St. Tammany",NA,"LA","West South Central","South","ST TAMMANY","County","MSA counties 100,000 or over",142280,314,33,347,94,53,147,408,86,494,3.47,"ST. TAMMANY PARISH SHERIFF'S OFFICE               ","St. Tammany Parish Sheriff's Office"
"3735",2000,"LA0170200","Baton Rouge",NA,"LA","West South Central","South","EAST BATON ROUGE","City","Cities from 100,000 thru 249,999",227818,524,11,535,80,148,228,604,159,763,3.35,"BATON ROUGE POLICE DEPARTMENT                     ","Baton Rouge Police Department"
"3736",2000,"LA0540000","Tensas",NA,"LA","West South Central","South","TENSAS","County","Non-MSA counties under 10,000",2962,19,62,81,10,23,33,29,85,114,38.49,"TENSAS PARISH SHERIFF'S OFFICE                    ","Tensas Parish Sheriff's Office"
"3737",2000,"LA0100100","De Quincy",NA,"LA","West South Central","South","CALCASIEU","City","Cities from 2,500 thru 9,999",3398,12,0,12,2,0,2,14,0,14,4.12,"DEQUINCY POLICE DEPARTMENT                        ","Dequincy Police Department"
"3738",2000,"LA0300000","La Salle",NA,"LA","West South Central","South","LA SALLE","County","Non-MSA counties under 10,000",9894,32,1,33,9,6,15,41,7,48,4.85,"LA SALLE PARISH SHERIFF'S OFFICE                  ","La Salle Parish Sheriff's Office"
"3739",2000,"LA0300200","Olla",NA,"LA","West South Central","South","LA SALLE","City","Cities under 2,500",1417,3,0,3,0,0,0,3,0,3,2.12,"OLLA POLICE DEPARTMENT                            ","Olla Police Department"
"3740",2000,"LA0240000","Iberville",NA,"LA","West South Central","South","IBERVILLE","County","Non-MSA counties from 10,000 thru 24,999",18126,85,17,102,12,40,52,97,57,154,8.5,"IBERVILLE PARISH SHERIFF'S OFFICE                 ","Iberville Parish Sheriff's Office"
"3741",2000,"LA0270100","Elton",NA,"LA","West South Central","South","JEFFERSON DAVIS","City","Cities under 2,500",1261,4,0,4,0,0,0,4,0,4,3.17,"ELTON POLICE DEPARTMENT                           ","Elton Police Department"
"3742",2000,"LA0350100","Natchitoches",NA,"LA","West South Central","South","NATCHITOCHES","City","Cities from 10,000 thru 24,999",17865,52,4,56,19,2,21,71,6,77,4.31,"NATCHITOCHES POLICE DEPARTMENT                    ","Natchitoches Police Department"
"3743",2000,"LA0310000","Lincoln",NA,"LA","West South Central","South","LINCOLN","County","Non-MSA counties from 10,000 thru 24,999",16470,37,0,37,2,9,11,39,9,48,2.91,"LINCOLN PARISH SHERIFF'S OFFICE                   ","Lincoln Parish Sheriff's Office"
"3744",2000,"LA0280600","Scott",NA,"LA","West South Central","South","LAFAYETTE","City","Cities from 2,500 thru 9,999",7870,15,0,15,1,3,4,16,3,19,2.41,"SCOTT POLICE DEPARTMENT                           ","Scott Police Department"
"3745",2000,"LA0330100","Tallulah",NA,"LA","West South Central","South","MADISON","City","Cities from 2,500 thru 9,999",9189,10,0,10,5,0,5,15,0,15,1.63,"TALLULAH POLICE DEPT.                             ","Tallulah Police Police Department"
"3746",2000,"LA0020100","Kinder",NA,"LA","West South Central","South","ALLEN","City","Cities under 2,500",2148,10,0,10,3,0,3,13,0,13,6.05,"KINDER POLICE DEPARTMENT                          ","Kinder Police Department"
"3747",2000,"LA0500200","St. Martinville",NA,"LA","West South Central","South","ST MARTIN","City","Cities from 2,500 thru 9,999",6989,13,0,13,3,5,8,16,5,21,3,"ST. MARTINVILLE POLICE DEPARTMENT                 ","St. Martinville Police Department"
"3748",2000,"LA0540200","Waterproof",NA,"LA","West South Central","South","TENSAS","City","Cities under 2,500",834,4,0,4,1,0,1,5,0,5,6,"WATERPROOF POLICE DEPARTMENT                      ","Waterproof Police Department"
"3749",2000,"LA0520200","Slidell",NA,"LA","West South Central","South","ST TAMMANY","City","Cities from 25,000 thru 49,999",25695,70,8,78,1,24,25,71,32,103,4.01,"SLIDELL POLICE DEPARTMENT                         ","Slidell Police Department"
"3750",2000,"LA0560000","Union",NA,"LA","West South Central","South","UNION","County","Non-MSA counties from 10,000 thru 24,999",17186,35,0,35,1,12,13,36,12,48,2.79,"UNION PARISH SHERIFF'S OFFICE                     ","Union Parish Sheriff's Office"
"3751",2000,"LA0150100","Ferriday",NA,"LA","West South Central","South","CONCORDIA","City","Cities from 2,500 thru 9,999",3723,9,2,11,1,4,5,10,6,16,4.3,"FERRIDAY POLICE DEPARTMENT                        ","Ferriday Police Department"
"3752",2000,"LA0100800","McNeese State University",NA,"LA","West South Central","South","CALCASIEU","University or College","Cities under 2,500",0,10,2,12,1,3,4,11,5,16,NA,"MCNEESE STATE UNIVERSITY POLICE                   ","Mcneese State University Police"
"3753",2000,"LA0150000","Concordia",NA,"LA","West South Central","South","CONCORDIA","County","Non-MSA counties from 10,000 thru 24,999",11981,111,0,111,41,1,42,152,1,153,12.77,"CONCORDIA PARISH SHERIFF'S OFFICE                 ","Concordia Parish Sheriff's Office"
"3754",2000,"LA0050600","Moreauville",NA,"LA","West South Central","South","AVOYELLES","City","Cities under 2,500",922,1,0,1,0,0,0,1,0,1,1.08,"MOREAUVILLE POLICE DEPARTMENT                     ","Moreauville Police Department"
"3755",2000,"LA0060000","Beauregard",NA,"LA","West South Central","South","BEAUREGARD","County","Non-MSA counties from 10,000 thru 24,999",23558,54,1,55,10,12,22,64,13,77,3.27,"BEAUREGARD PARISH SHERIFF'S OFFICE                ","Beauregard Parish Sheriff's Office"
"3756",2000,"LA0070100","Arcadia",NA,"LA","West South Central","South","BIENVILLE","City","Cities from 2,500 thru 9,999",3041,5,0,5,1,0,1,6,0,6,1.97,"ARCADIA POLICE DEPARTMENT                         ","Arcadia Police Department"
"3757",2000,"LA0200100","Basile",NA,"LA","West South Central","South","EVANGELINE","City","Cities under 2,500",1660,7,0,7,1,5,6,8,5,13,7.83,"BASILE POLICE DEPARTMENT                          ","Basile Police Department"
"3758",2000,"LA0100700","Iowa",NA,"LA","West South Central","South","CALCASIEU","City","Cities from 2,500 thru 9,999",2663,9,0,9,0,1,1,9,1,10,3.76,"IOWA POLICE DEPARTMENT                            ","Iowa Police Department"
"3759",2000,"LA0230300","New Iberia",NA,"LA","West South Central","South","IBERIA","City","Cities from 25,000 thru 49,999",32623,62,3,65,7,15,22,69,18,87,2.67,"NEW IBERIA PD                                     ","New Iberia Police Department"
"3760",2000,"LA0530100","Hammond",NA,"LA","West South Central","South","TANGIPAHOA","City","Cities from 10,000 thru 24,999",17639,61,9,70,8,14,22,69,23,92,5.22,"HAMMOND POLICE DEPARTMENT                         ","Hammond Police Department"
"3761",2000,"LA0570100","Abbeville",NA,"LA","West South Central","South","VERMILION","City","Cities from 10,000 thru 24,999",11887,30,9,39,4,0,4,34,9,43,3.62,"ABBEVILLE POLICE DEPARTMENT                       ","Abbeville Police Department"
"3762",2000,"LA0640100","Winnfield",NA,"LA","West South Central","South","WINN","City","Cities from 2,500 thru 9,999",5749,16,4,20,5,1,6,21,5,26,4.52,"WINNFIELD POLICE DEPT                             ","Winnfield Police Police Department"
"3763",2000,"LA0170300","Zachary",NA,"LA","West South Central","South","EAST BATON ROUGE","City","Cities from 10,000 thru 24,999",11275,22,1,23,8,1,9,30,2,32,2.84,"ZACHARY POLICE DEPARTMENT                         ","Zachary Police Department"
"3764",2000,"LA0190000","East Feliciana",NA,"LA","West South Central","South","EAST FELICIANA","County","Non-MSA counties from 10,000 thru 24,999",15232,28,0,28,4,0,4,32,0,32,2.1,"EAST FELICIANA PARISH SHERIFF'S OFFICE            ","East Feliciana Parish Sheriff's Office"
"3765",2000,"LA0260200","Harahan",NA,"LA","West South Central","South","JEFFERSON","City","Cities from 2,500 thru 9,999",9885,23,0,23,7,0,7,30,0,30,3.03,"HARAHAN POLICE DEPARTMENT                         ","Harahan Police Department"
"3766",2000,"LA0170600","Southern University and A&M College:","Baton Rouge","LA","West South Central","South","EAST BATON ROUGE","University or College","Cities under 2,500",0,26,0,26,7,2,9,33,2,35,NA,"SOUTHERN UNIVERSITY AND A & M COLLEGE POLICE      ","Southern University And A & M College Police"
"3767",2000,"LA0470100","Lutcher",NA,"LA","West South Central","South","ST JAMES","City","Cities from 2,500 thru 9,999",3735,3,0,3,0,0,0,3,0,3,0.8,"LUTCHER POLICE DEPARTMENT                         ","Lutcher Police Department"
"3768",2000,"LA0420000","Richland",NA,"LA","West South Central","South","RICHLAND","County","Non-MSA counties from 10,000 thru 24,999",16747,73,0,73,44,14,58,117,14,131,7.82,"RICHLAND PARISH SHERIFF'S OFFICE                  ","Richland Parish Sheriff's Office"
"3769",2000,"LA0290600","Nicholls State University",NA,"LA","West South Central","South","LAFOURCHE","University or College","Cities under 2,500",0,8,0,8,3,3,6,11,3,14,NA,"NICHOLLS STATE UNIVERSITY POLICE                  ","Nicholls State University Police"
"3770",2000,"LA0240200","Plaquemine",NA,"LA","West South Central","South","IBERVILLE","City","Cities from 2,500 thru 9,999",7064,20,2,22,4,3,7,24,5,29,4.11,"PLAQUEMINE POLICE DEPARTMENT                      ","Plaquemine Police Department"
"3771",2000,"LA0250100","Jonesboro",NA,"LA","West South Central","South","JACKSON","City","Cities from 2,500 thru 9,999",3914,11,2,13,1,1,2,12,3,15,3.83,"JONESBORO POLICE DEPARTMENT                       ","Jonesboro Police Department"
"3772",2000,"LA0361700","Louisiana State University:","Health Sciences Center, New Orleans","LA","West South Central","South","ORLEANS","University or College","Cities under 2,500",0,39,1,40,11,0,11,50,1,51,NA,"LSU HEALTH SCIENCES CENTER POLICE DEPARTMENT      ","Lsu Health Sciences Center Police Department"
"3773",2000,"LA0380000","Plaquemines",NA,"LA","West South Central","South","PLAQUEMINES","County","MSA counties from 25,000 thru 99,999",26757,155,0,155,66,3,69,221,3,224,8.37,"PLAQUEMINES PARISH SHERIFF'S OFFICE               ","Plaquemines Parish Sheriff's Office"
"3774",2000,"LA0420100","Delhi",NA,"LA","West South Central","South","RICHLAND","City","Cities from 2,500 thru 9,999",3066,5,0,5,1,0,1,6,0,6,1.96,"DELHI POLICE DEPARTMENT                           ","Delhi Police Department"
"3775",2000,"LA0190100","Clinton",NA,"LA","West South Central","South","EAST FELICIANA","City","Cities under 2,500",1998,6,0,6,0,0,0,6,0,6,3,"CLINTON POLICE DEPT.                              ","Clinton Police Police Department"
"3776",2000,"LA0310600","Grambling State University",NA,"LA","West South Central","South","LINCOLN","University or College","Cities under 2,500",0,11,0,11,8,1,9,19,1,20,NA,"GRAMBLING STATE UNIVERSITY POLICE DEPT.           ","Grambling State University Police Police Department"
"3777",2000,"LA0230200","Jeanerette",NA,"LA","West South Central","South","IBERIA","City","Cities from 2,500 thru 9,999",5997,11,0,11,7,0,7,18,0,18,3,"JEANERETTE POLICE DEPARTMENT                      ","Jeanerette Police Department"
"3778",2000,"LA0520700","Folsom",NA,"LA","West South Central","South","ST TAMMANY","City","Cities under 2,500",525,3,0,3,0,1,1,3,1,4,7.62,"FOLSOM POLICE DEPARTMENT                          ","Folsom Police Department"
"3779",2000,"LA0280500","Youngsville",NA,"LA","West South Central","South","LAFAYETTE","City","Cities from 2,500 thru 9,999",3992,7,0,7,0,2,2,7,2,9,2.25,"YOUNGSVILLE POLICE DEPARTMENT                     ","Youngsville Police Department"
"3780",2000,"LA0290300","Lockport",NA,"LA","West South Central","South","LAFOURCHE","City","Cities from 2,500 thru 9,999",2624,5,0,5,0,0,0,5,0,5,1.91,"LOCKPORT POLICE DEPARTMENT                        ","Lockport Police Department"
"3781",2000,"LA0340100","Bastrop",NA,"LA","West South Central","South","MOREHOUSE","City","Cities from 10,000 thru 24,999",12988,30,0,30,16,5,21,46,5,51,3.93,"BASTROP POLICE DEPARTMENT                         ","Bastrop Police Department"
"3782",2000,"LA0280400","Duson",NA,"LA","West South Central","South","ACADIA, LAFAYETTE","City","Cities under 2,500",1672,3,0,3,2,0,2,5,0,5,2.99,"DUSON POLICE DEPARTMENT                           ","Duson Police Department"
"3783",2000,"LA0550100","Houma",NA,"LA","West South Central","South","TERREBONNE","City","Cities from 25,000 thru 49,999",32393,54,0,54,9,18,27,63,18,81,2.5,"HOUMA POLICE DEPARTMENT                           ","Houma Police Department"
"3784",2000,"LA0490300","Arnaudville",NA,"LA","West South Central","South","ST LANDRY, ST MARTIN","City","Cities under 2,500",1398,5,0,5,0,2,2,5,2,7,5.01,"ARNAUDVILLE POLICE DEPARTMENT                     ","Arnaudville Police Department"
"3785",2000,"LA0520500","Pearl River",NA,"LA","West South Central","South","ST TAMMANY","City","Cities under 2,500",1839,6,0,6,0,6,6,6,6,12,6.53,"PEARL RIVER POLICE DEPARTMENT                     ","Pearl River Police Department"
"3786",2000,"LA0400400","Lecompte",NA,"LA","West South Central","South","RAPIDES","City","Cities under 2,500",1366,5,0,5,0,0,0,5,0,5,3.66,"LECOMPTE POLICE DEPARTMENT                        ","Lecompte Police Department"
"3787",2000,"LA0420200","Rayville",NA,"LA","West South Central","South","RICHLAND","City","Cities from 2,500 thru 9,999",4234,7,0,7,2,1,3,9,1,10,2.36,"RAYVILLE POLICE DEPARTMENT                        ","Rayville Police Department"
"3788",2000,"LA0370100","Monroe",NA,"LA","West South Central","South","OUACHITA","City","Cities from 50,000 thru 99,999",53107,161,27,188,16,23,39,177,50,227,4.27,"MONROE POLICE DEPARTMENT                          ","Monroe Police Department"
"3789",2000,"LA0390000","Pointe Coupee",NA,"LA","West South Central","South","POINTE COUPEE","County","Non-MSA counties from 10,000 thru 24,999",17797,37,38,75,2,34,36,39,72,111,6.24,"POINTE COUPEE PARISH SHERIFF'S OFFICE             ","Pointe Coupee Parish Sheriff's Office"
"3790",2000,"LA0260000","Jefferson",NA,"LA","West South Central","South","JEFFERSON","County","MSA counties 100,000 or over",346878,813,150,963,183,313,496,996,463,1459,4.21,"JEFFERSON PARISH SHERIFF'S OFFICE                 ","Jefferson Parish Sheriff's Office"
"3791",2000,"LA0170100","Baker",NA,"LA","West South Central","South","EAST BATON ROUGE","City","Cities from 10,000 thru 24,999",13793,26,0,26,6,1,7,32,1,33,2.39,"BAKER POLICE DEPARTMENT                           ","Baker Police Department"
"3792",2000,"LA0110000","Caldwell",NA,"LA","West South Central","South","CALDWELL","County","Non-MSA counties from 10,000 thru 24,999",10560,18,0,18,8,0,8,26,0,26,2.46,"CALDWELL PARISH SHERIFF'S OFFICE                  ","Caldwell Parish Sheriff's Office"
"3793",2000,"LA0080700","Southern University and A&M College:","Shreveport","LA","West South Central","South","BOSSIER","University or College","Cities under 2,500",0,4,0,4,4,0,4,8,0,8,NA,"SOUTHERN UNIVERSITY AND A & M COLLEGE - SHREVEPORT","Southern University And A & M College - Shreveport"
"3794",2000,"LA0490500","Washington",NA,"LA","West South Central","South","ST LANDRY","City","Cities under 2,500",1082,5,0,5,0,0,0,5,0,5,4.62,"WASHINGTON POLICE DEPARTMENT                      ","Washington Police Department"
"3795",2000,"LA0530000","Tangipahoa",NA,"LA","West South Central","South","TANGIPAHOA","County","Non-MSA counties from 25,000 thru 99,999",69113,225,0,225,71,0,71,296,0,296,4.28,"TANGIPAHOA PARISH SHERIFF'S OFFICE                ","Tangipahoa Parish Sheriff's Office"
"3796",2000,"LA0630000","West Feliciana",NA,"LA","West South Central","South","WEST FELICIANA","County","Non-MSA counties from 10,000 thru 24,999",13399,46,2,48,4,7,11,50,9,59,4.4,"WEST FELICIANA PARISH SHERIFF'S OFFICE            ","West Feliciana Parish Sheriff's Office"
"3797",2000,"LA0050400","Cottonport",NA,"LA","West South Central","South","AVOYELLES","City","Cities under 2,500",2316,4,0,4,0,0,0,4,0,4,1.73,"COTTONPORT POLICE DEPARTMENT                      ","Cottonport Police Department"
"3798",2000,"LA0130200","Sicily Island",NA,"LA","West South Central","South","CATAHOULA","City","Cities under 2,500",453,3,0,3,0,0,0,3,0,3,6.62,"SICILY ISLAND POLICE DEPARTMENT                   ","Sicily Island Police Department"
"3799",2000,"LA0480000","St. John the Baptist",NA,"LA","West South Central","South","ST JOHN THE BAPTIST","County","MSA counties from 25,000 thru 99,999",43044,151,2,153,56,0,56,207,2,209,4.86,"ST. JOHN THE BAPTIST PARISH SHERIFF'S OFFICE      ","St. John The Baptist Parish Sheriff's Office"
"3800",2000,"LA0150200","Vidalia",NA,"LA","West South Central","South","CONCORDIA","City","Cities from 2,500 thru 9,999",4543,15,0,15,6,0,6,21,0,21,4.62,"VIDALIA POLICE DEPARTMENT                         ","Vidalia Police Department"
"3801",2000,"LA0040000","Assumption",NA,"LA","West South Central","South","ASSUMPTION","County","Non-MSA counties from 10,000 thru 24,999",22702,32,12,44,5,21,26,37,33,70,3.08,"ASSUMPTION PARISH SHERIFF'S OFFICE                ","Assumption Parish Sheriff's Office"
"3802",2000,"LA0200000","Evangeline",NA,"LA","West South Central","South","EVANGELINE","County","Non-MSA counties from 10,000 thru 24,999",22063,29,8,37,1,22,23,30,30,60,2.72,"EVANGELINE PARISH SHERIFF'S OFFICE                ","Evangeline Parish Sheriff's Office"
"3803",2000,"LA0260300","Kenner",NA,"LA","West South Central","South","JEFFERSON","City","Cities from 50,000 thru 99,999",70517,126,24,150,9,32,41,135,56,191,2.71,"KENNER POLICE DEPARTMENT                          ","Kenner Police Department"
"3804",2000,"LA0270400","Welsh",NA,"LA","West South Central","South","JEFFERSON DAVIS","City","Cities from 2,500 thru 9,999",3380,7,0,7,2,0,2,9,0,9,2.66,"WELSH POLICE DEPARTMENT                           ","Welsh Police Department"
"3805",2000,"LA0030300","Sorrento",NA,"LA","West South Central","South","ASCENSION","City","Cities under 2,500",1227,4,0,4,0,1,1,4,1,5,4.07,"SORRENTO POLICE DEPARTMENT                        ","Sorrento Police Department"
"3806",2000,"LA0290500","Thibodaux",NA,"LA","West South Central","South","LAFOURCHE","City","Cities from 10,000 thru 24,999",14431,45,3,48,9,6,15,54,9,63,4.37,"THIBODAUX POLICE DEPARTMENT                       ","Thibodaux Police Department"
"3807",2000,"LA0320700","French Settlement",NA,"LA","West South Central","South","LIVINGSTON","City","Cities under 2,500",945,2,0,2,0,0,0,2,0,2,2.12,"FRENCH SETTLEMENT POLICE DEPARTMENT               ","French Settlement Police Department"
"3808",2000,"LA0610200","Brusly",NA,"LA","West South Central","South","WEST BATON ROUGE","City","Cities under 2,500",2020,8,0,8,0,0,0,8,0,8,3.96,"BRUSLY POLICE DEPARTMENT                          ","Brusly Police Department"
"3809",2000,"LA0080100","Bossier City",NA,"LA","West South Central","South","BOSSIER","City","Cities from 50,000 thru 99,999",56461,133,17,150,7,34,41,140,51,191,3.38,"BOSSIER CITY POLICE DEPT                          ","Bossier City Police Police Department"
"3810",2000,"LA0070200","Gibsland",NA,"LA","West South Central","South","BIENVILLE","City","Cities under 2,500",1119,2,0,2,0,0,0,2,0,2,1.79,"GIBSLAND POLICE DEPT                              ","Gibsland Police Police Department"
"3811",2000,"LA0050200","Marksville",NA,"LA","West South Central","South","AVOYELLES","City","Cities from 2,500 thru 9,999",5537,15,0,15,2,4,6,17,4,21,3.79,"MARKSVILLE POLICE DEPARTMENT                      ","Marksville Police Department"
"3812",2000,"LA0520300","Mandeville",NA,"LA","West South Central","South","ST TAMMANY","City","Cities from 10,000 thru 24,999",10489,26,2,28,9,7,16,35,9,44,4.19,"MANDEVILLE POLICE DEPARTMENT                      ","Mandeville Police Department"
"3813",2000,"LA0570200","Kaplan",NA,"LA","West South Central","South","VERMILION","City","Cities from 2,500 thru 9,999",5177,14,0,14,6,0,6,20,0,20,3.86,"KAPLAN POLICE DEPARTMENT                          ","Kaplan Police Department"
"3814",2000,"LA0230400","Loreauville",NA,"LA","West South Central","South","IBERIA","City","Cities under 2,500",938,1,0,1,0,0,0,1,0,1,1.07,"LOREAUVILLE PD                                    ","Loreauville Police Department"
"3815",2000,"LA0220000","Grant",NA,"LA","West South Central","South","GRANT","County","Non-MSA counties from 10,000 thru 24,999",18322,36,0,36,9,0,9,45,0,45,2.46,"GRANT PARISH SHERIFF'S OFFICE                     ","Grant Parish Sheriff's Office"
"3816",2000,"LA0620100","Oak Grove",NA,"LA","West South Central","South","WEST CARROLL","City","Cities under 2,500",2174,6,0,6,1,0,1,7,0,7,3.22,"OAK GROVE POLICE DEPARTMENT                       ","Oak Grove Police Department"
"3817",2000,"LA0260100","Gretna",NA,"LA","West South Central","South","JEFFERSON","City","Cities from 10,000 thru 24,999",17423,71,5,76,12,13,25,83,18,101,5.8,"GRETNA POLICE DEPARTMENT                          ","Gretna Police Department"
"3818",2000,"LA0360200","Delgado Community College",NA,"LA","West South Central","South","ORLEANS","University or College","Cities under 2,500",0,17,1,18,2,4,6,19,5,24,NA,"DELGADO COMMUNITY COLLEGE POLICE                  ","Delgado Community College Police"
"3819",2000,"LA0530800","Tickfaw",NA,"LA","West South Central","South","TANGIPAHOA","City","Cities under 2,500",617,6,0,6,1,0,1,7,0,7,11.35,"TICKFAW POLICE DEPARTMENT                         ","Tickfaw Police Department"
"3820",2000,"LA0570000","Vermilion",NA,"LA","West South Central","South","VERMILION","County","Non-MSA counties from 25,000 thru 99,999",34556,71,6,77,6,19,25,77,25,102,2.95,"VERMILION PARISH SHERIFF'S OFFICE                 ","Vermilion Parish Sheriff's Office"
"3821",2000,"LA0310100","Dubach",NA,"LA","West South Central","South","LINCOLN","City","Cities under 2,500",800,3,0,3,0,0,0,3,0,3,3.75,"DUBACH POLICE DEPT                                ","Dubach Police Police Department"
"3822",2000,"LA0090000","Caddo",NA,"LA","West South Central","South","CADDO","County","MSA counties from 25,000 thru 99,999",46669,323,36,359,69,171,240,392,207,599,12.84,"CADDO PARISH SHERIFF'S OFFICE                     ","Caddo Parish Sheriff's Office"
"3823",2000,"LA0250000","Jackson",NA,"LA","West South Central","South","JACKSON","County","Non-MSA counties from 10,000 thru 24,999",11483,26,2,28,6,1,7,32,3,35,3.05,"JACKSON PARISH SHERIFF'S OFFICE                   ","Jackson Parish Sheriff's Office"
"3824",2000,"LA0060100","De Ridder",NA,"LA","West South Central","South","BEAUREGARD, VERNON","City","Cities from 2,500 thru 9,999",9808,20,0,20,6,1,7,26,1,27,2.75,"DERIDDER POLICE DEPARTMENT                        ","Deridder Police Department"
"3825",2000,"LA0370200","West Monroe",NA,"LA","West South Central","South","OUACHITA","City","Cities from 10,000 thru 24,999",13250,59,3,62,14,2,16,73,5,78,5.89,"WEST MONROE POLICE DEPARTMENT                     ","West Monroe Police Department"
"3826",2000,"LA0370500","Richwood",NA,"LA","West South Central","South","OUACHITA","City","Cities under 2,500",2115,7,0,7,2,5,7,9,5,14,6.62,"RICHWOOD POLICE DEPARTMENT                        ","Richwood Police Department"
"3827",2000,"LA0520100","Covington",NA,"LA","West South Central","South","ST TAMMANY","City","Cities from 2,500 thru 9,999",8483,29,0,29,2,10,12,31,10,41,4.83,"COVINGTON POLICE DEPARTMENT                       ","Covington Police Department"
"3828",2000,"LA0400000","Rapides",NA,"LA","West South Central","South","RAPIDES","County","MSA counties from 25,000 thru 99,999",57580,280,28,308,39,57,96,319,85,404,7.02,"RAPIDES PARISH SHERIFF'S OFFICE                   ","Rapides Parish Sheriff's Office"
"3829",2000,"LA0400700","Woodworth",NA,"LA","West South Central","South","RAPIDES","City","Cities under 2,500",1080,3,0,3,0,1,1,3,1,4,3.7,"WOODWORTH POLICE DEPARTMENT                       ","Woodworth Police Department"
"3830",2000,"LA0430100","Many",NA,"LA","West South Central","South","SABINE","City","Cities from 2,500 thru 9,999",2889,10,0,10,3,0,3,13,0,13,4.5,"MANY POLICE DEPARTMENT                            ","Many Police Department"
"3831",2000,"LA0070000","Bienville",NA,"LA","West South Central","South","BIENVILLE","County","Non-MSA counties from 10,000 thru 24,999",15752,32,0,32,7,1,8,39,1,40,2.54,"BIENVILLE PARISH SHERIFF'S OFFICE                 ","Bienville Parish Sheriff's Office"
"3832",2000,"LA0540300","St. Joseph",NA,"LA","West South Central","South","TENSAS","City","Cities under 2,500",1340,1,0,1,0,0,0,1,0,1,0.75,"ST. JOSEPH POLICE DEPARTMENT                      ","St. Joseph Police Department"
"3833",2000,"LA0500000","St. Martin",NA,"LA","West South Central","South","ST MARTIN","County","MSA counties from 25,000 thru 99,999",33714,126,2,128,46,31,77,172,33,205,6.08,"ST. MARTIN PARISH SHERIFF'S OFFICE                ","St. Martin Parish Sheriff's Office"
"3834",2000,"LA0010000","Acadia",NA,"LA","West South Central","South","ACADIA","County","MSA counties from 25,000 thru 99,999",29373,86,4,90,2,25,27,88,29,117,3.98,"ACADIA PARISH SHERIFF'S OFFICE                    ","Acadia Parish Sheriff's Office"
"3835",2000,"LA0490400","Sunset",NA,"LA","West South Central","South","ST LANDRY","City","Cities under 2,500",2352,4,1,5,5,1,6,9,2,11,4.68,"SUNSET POLICE DEPARTMENT                          ","Sunset Police Department"
"3836",2000,"LA0140200","Homer",NA,"LA","West South Central","South","CLAIBORNE","City","Cities from 2,500 thru 9,999",3788,10,0,10,1,0,1,11,0,11,2.9,"HOMER POLICE DEPARTMENT                           ","Homer Police Department"
"3837",2000,"LA0020200","Oakdale",NA,"LA","West South Central","South","ALLEN","City","Cities from 2,500 thru 9,999",8137,17,0,17,5,0,5,22,0,22,2.7,"OAKDALE POLICE DEPARTMENT                         ","Oakdale Police Department"
"3838",2000,"LA0220500","Pollock",NA,"LA","West South Central","South","GRANT","City","Cities under 2,500",376,2,0,2,0,0,0,2,0,2,5.32,"POLLOCK POLICE DEPARTMENT                         ","Pollock Police Department"
"3839",2000,"LA0270300","Lake Arthur",NA,"LA","West South Central","South","JEFFERSON DAVIS","City","Cities from 2,500 thru 9,999",3007,5,0,5,5,0,5,10,0,10,3.33,"LAKE ARTHUR POLICE DEPARTMENT                     ","Lake Arthur Police Department"
"3840",2000,"LA0280300","Lafayette",NA,"LA","West South Central","South","LAFAYETTE","City","Cities from 100,000 thru 249,999",110257,213,14,227,17,52,69,230,66,296,2.68,"LAFAYETTE POLICE DEPARTMENT                       ","Lafayette Police Department"
"3841",2000,"LA0560200","Bernice",NA,"LA","West South Central","South","UNION","City","Cities under 2,500",1809,5,0,5,1,0,1,6,0,6,3.32,"BERNICE POLICE DEPARTMENT                         ","Bernice Police Department"
"3842",2000,"LA0610000","West Baton Rouge",NA,"LA","West South Central","South","WEST BATON ROUGE","County","MSA counties from 10,000 thru 24,999",12065,110,4,114,23,32,55,133,36,169,14.01,"WEST BATON ROUGE PARISH SHERIFF'S OFFICE          ","West Baton Rouge Parish Sheriff's Office"
"3843",2000,"LA0080400","Haughton",NA,"LA","West South Central","South","BOSSIER","City","Cities from 2,500 thru 9,999",2792,5,0,5,0,0,0,5,0,5,1.79,"HAUGHTON POLICE DEPARTMENT                        ","Haughton Police Department"
"3844",2000,"LA0510400","Patterson",NA,"LA","West South Central","South","ST MARY","City","Cities from 2,500 thru 9,999",5130,10,0,10,6,0,6,16,0,16,3.12,"PATTERSON POLICE DEPARTMENT                       ","Patterson Police Department"
"3845",2000,"LA0050300","Simmesport",NA,"LA","West South Central","South","AVOYELLES","City","Cities under 2,500",2239,5,1,6,0,0,0,5,1,6,2.68,"SIMMESPORT POLICE DEPT.                           ","Simmesport Police Police Department"
"3846",2000,"LA0600000","Webster",NA,"LA","West South Central","South","WEBSTER","County","MSA counties from 10,000 thru 24,999",21717,36,43,79,2,23,25,38,66,104,4.79,"WEBSTER PARISH SHERIFF'S OFFICE                   ","Webster Parish Sheriff's Office"
"3847",2000,"LA0361200","Southern University and A&M College:","New Orleans","LA","West South Central","South","ORLEANS","University or College","Cities under 2,500",0,7,1,8,2,0,2,9,1,10,NA,"SOUTHERN UNIV PD NEW ORLEANS                      ","Southern Univ Police Department New Orleans"
"3848",2000,"LA0370900","Tensas Basin Levee District",NA,"LA","West South Central","South","OUACHITA","Other State Agency","Cities under 2,500",0,2,0,2,0,1,1,2,1,3,NA,"TENSAS BASIN LEVEE DISTRICT POLICE                ","Tensas Basin Levee District Police"
"3849",2000,"LA0490100","Eunice",NA,"LA","West South Central","South","ACADIA, ST LANDRY","City","Cities from 10,000 thru 24,999",11499,27,1,28,3,6,9,30,7,37,3.22,"EUNICE POLICE DEPARTMENT                          ","Eunice Police Department"
"3850",2000,"LA0410000","Red River",NA,"LA","West South Central","South","RED RIVER","County","Non-MSA counties under 10,000",7323,29,2,31,8,5,13,37,7,44,6.01,"RED RIVER PARISH SHERIFF'S OFFICE                 ","Red River Parish Sheriff's Office"
"3851",2000,"LA0310700","Louisiana Tech University",NA,"LA","West South Central","South","LINCOLN","University or College","Cities under 2,500",0,14,1,15,3,2,5,17,3,20,NA,"LOUISIANA TECH UNIVERSITY POLICE                  ","Louisiana Tech University Police"
"3852",2000,"LA0420300","Mangham",NA,"LA","West South Central","South","RICHLAND","City","Cities under 2,500",595,2,0,2,0,0,0,2,0,2,3.36,"MANGHAM POLICE DEPARTMENT                         ","Mangham Police Department"
"3853",2000,"LA0430000","Sabine",NA,"LA","West South Central","South","SABINE","County","Non-MSA counties from 10,000 thru 24,999",20570,46,0,46,20,0,20,66,0,66,3.21,"SABINE PARISH SHERIFF'S OFFICE                    ","Sabine Parish Sheriff's Office"
"3854",2000,"LA0460000","St. Helena",NA,"LA","West South Central","South","ST HELENA","County","Non-MSA counties from 10,000 thru 24,999",10525,17,18,35,6,9,15,23,27,50,4.75,"ST. HELENA PARISH SHERIFF'S OFFICE                ","St. Helena Parish Sheriff's Office"
"3855",2000,"LA036209E","Tulane University",NA,"LA","West South Central","South","ORLEANS","University or College","Cities under 2,500",0,28,3,31,5,9,14,33,12,45,NA,NA,"Tulane University"
"3856",2000,"LA0610300","Addis",NA,"LA","West South Central","South","WEST BATON ROUGE","City","Cities under 2,500",2238,5,0,5,0,0,0,5,0,5,2.23,"ADDIS POLICE DEPARTMENT                           ","Addis Police Department"
"3857",2000,"LA0500100","Breaux Bridge",NA,"LA","West South Central","South","ST MARTIN","City","Cities from 2,500 thru 9,999",7281,13,0,13,3,0,3,16,0,16,2.2,"BREAUX BRIDGE POLICE DEPARTMENT                   ","Breaux Bridge Police Department"
"3858",2000,"LA0010100","Crowley",NA,"LA","West South Central","South","ACADIA","City","Cities from 10,000 thru 24,999",14225,29,0,29,6,1,7,35,1,36,2.53,"CROWLEY POLICE DEPARTMENT                         ","Crowley Police Department"
"3859",2000,"LA0080000","Bossier",NA,"LA","West South Central","South","BOSSIER","County","MSA counties from 25,000 thru 99,999",38323,140,0,140,29,0,29,169,0,169,4.41,"BOSSIER PARISH SHERIFF'S OFFICE                   ","Bossier Parish Sheriff's Office"
"3860",2000,"LA0090100","Shreveport",NA,"LA","West South Central","South","BOSSIER, CADDO","City","Cities from 100,000 thru 249,999",200145,428,29,457,74,122,196,502,151,653,3.26,"SHREVEPORT POLICE DEPARTMENT                      ","Shreveport Police Department"
"3861",2000,"LA0090400","Blanchard",NA,"LA","West South Central","South","CADDO","City","Cities under 2,500",2050,5,0,5,0,0,0,5,0,5,2.44,"BLANCHARD POLICE DEPARTMENT                       ","Blanchard Police Department"
"3862",2000,"LA0140000","Claiborne",NA,"LA","West South Central","South","CLAIBORNE","County","Non-MSA counties from 10,000 thru 24,999",10384,22,29,51,3,23,26,25,52,77,7.42,"CLAIBORNE PARISH SHERIFF'S OFFICE                 ","Claiborne Parish Sheriff's Office"
"3863",2000,"LA0120000","Cameron",NA,"LA","West South Central","South","CAMERON","County","Non-MSA counties under 10,000",9991,61,0,61,14,0,14,75,0,75,7.51,"CAMERON PARISH SHERIFF'S OFFICE                   ","Cameron Parish Sheriff's Office"
"3864",2000,"LA0600400","Cullen",NA,"LA","West South Central","South","WEBSTER","City","Cities under 2,500",1296,4,0,4,1,0,1,5,0,5,3.86,"CULLEN POLICE DEPARTMENT                          ","Cullen Police Department"
"3865",2000,"LA0200200","Mamou",NA,"LA","West South Central","South","EVANGELINE","City","Cities from 2,500 thru 9,999",3566,11,0,11,7,0,7,18,0,18,5.05,"MAMOU POLICE DEPARTMENT                           ","Mamou Police Department"
"3866",2000,"LA0490200","Opelousas",NA,"LA","West South Central","South","ST LANDRY","City","Cities from 10,000 thru 24,999",22860,47,1,48,3,16,19,50,17,67,2.93,"OPELOUSAS POLICE DEPARTMENT                       ","Opelousas Police Department"
"3867",2000,"LA0370300","Sterlington",NA,"LA","West South Central","South","OUACHITA","City","Cities under 2,500",1276,5,0,5,0,1,1,5,1,6,4.7,"STERLINGTON POLICE DEPARTMENT                     ","Sterlington Police Department"
"3868",2000,"LA0280000","Lafayette",NA,"LA","West South Central","South","LAFAYETTE","County","MSA counties from 25,000 thru 99,999",61123,335,0,335,116,0,116,451,0,451,7.38,"LAFAYETTE PARISH SHERIFF'S OFFICE                 ","Lafayette Parish Sheriff's Office"
"3869",2000,"LA0390100","New Roads",NA,"LA","West South Central","South","POINTE COUPEE","City","Cities from 2,500 thru 9,999",4966,17,1,18,1,1,2,18,2,20,4.03,"NEW ROADS POLICE DEPARTMENT                       ","New Roads Police Department"
"3870",2000,"LA0240400","Grosse Tete",NA,"LA","West South Central","South","IBERVILLE","City","Cities under 2,500",670,1,0,1,0,0,0,1,0,1,1.49,"GROSSE TETE POLICE DEPT                           ","Grosse Tete Police Police Department"
"3871",2000,"LA0320000","Livingston",NA,"LA","West South Central","South","LIVINGSTON","County","MSA counties from 25,000 thru 99,999",81649,92,16,108,8,52,60,100,68,168,2.06,"LIVINGSTON PARISH SHERIFF'S OFFICE                ","Livingston Parish Sheriff's Office"
"3872",2000,"LA0490000","St. Landry",NA,"LA","West South Central","South","ST LANDRY","County","MSA counties from 25,000 thru 99,999",45363,87,1,88,43,0,43,130,1,131,2.89,"ST. LANDRY PARISH SHERIFF'S OFFICE                ","St. Landry Parish Sheriff's Office"
"3873",2000,"LA0100000","Calcasieu",NA,"LA","West South Central","South","CALCASIEU","County","MSA counties from 25,000 thru 99,999",77241,496,0,496,203,0,203,699,0,699,9.05,"CALCASIEU PARISH SHERIFF'S OFFICE                 ","Calcasieu Parish Sheriff's Office"
"3874",2000,"LA0210000","Franklin",NA,"LA","West South Central","South","FRANKLIN","County","Non-MSA counties from 10,000 thru 24,999",21263,58,0,58,15,0,15,73,0,73,3.43,"FRANKLIN PARISH SHERIFF'S OFFICE                  ","Franklin Parish Sheriff's Office"
"3875",2000,"LA0290100","Golden Meadow",NA,"LA","West South Central","South","LAFOURCHE","City","Cities under 2,500",2193,5,0,5,0,1,1,5,1,6,2.74,"GOLDEN MEADOW POLICE DEPARTMENT                   ","Golden Meadow Police Department"
"3876",2000,"LA0640000","Winn",NA,"LA","West South Central","South","WINN","County","Non-MSA counties from 10,000 thru 24,999",11145,35,0,35,5,0,5,40,0,40,3.59,"WINN PARISH SHERIFF'S OFFICE                      ","Winn Parish Sheriff's Office"
"3877",2000,"LA0290000","Lafourche",NA,"LA","West South Central","South","LAFOURCHE","County","MSA counties from 25,000 thru 99,999",70726,174,11,185,43,37,80,217,48,265,3.75,"LAFOURCHE PARISH SHERIFF'S OFFICE                 ","Lafourche Parish Sheriff's Office"
"3878",2000,"LA0340000","Morehouse",NA,"LA","West South Central","South","MOREHOUSE","County","Non-MSA counties from 10,000 thru 24,999",17706,115,0,115,57,0,57,172,0,172,9.71,"MOREHOUSE PARISH SHERIFF'S OFFICE                 ","Morehouse Parish Sheriff's Office"
"3879",2000,"LA0510500","Baldwin",NA,"LA","West South Central","South","ST MARY","City","Cities under 2,500",2497,6,0,6,2,1,3,8,1,9,3.6,"BALDWIN POLICE DEPARTMENT                         ","Baldwin Police Department"
"3880",2000,"LA0610100","Port Allen",NA,"LA","West South Central","South","WEST BATON ROUGE","City","Cities from 2,500 thru 9,999",5278,17,0,17,4,0,4,21,0,21,3.98,"PORT ALLEN POLICE DEPARTMENT                      ","Port Allen Police Department"
"3881",2000,"LA0280100","Broussard",NA,"LA","West South Central","South","LAFAYETTE","City","Cities from 2,500 thru 9,999",5874,11,0,11,0,3,3,11,3,14,2.38,"BROUSSARD POLICE DEPARTMENT                       ","Broussard Police Department"
"3882",2000,"LA0540100","Newellton",NA,"LA","West South Central","South","TENSAS","City","Cities under 2,500",1482,2,0,2,0,0,0,2,0,2,1.35,"NEWELLTON POLICE DEPARTMENT                       ","Newellton Police Department"
"3883",2000,"LA0360300","University of New Orleans",NA,"LA","West South Central","South","ORLEANS","University or College","Cities under 2,500",0,23,1,24,6,2,8,29,3,32,NA,"UNIVERSITY OF NEW ORLEANS POLICE DEPT.            ","University Of New Orleans Police Police Department"
"3884",2000,"LA0260500","Grand Isle",NA,"LA","West South Central","South","JEFFERSON","City","Cities under 2,500",1541,4,0,4,5,0,5,9,0,9,5.84,"GRAND ISLE POLICE DEPARTMENT                      ","Grand Isle Police Department"
"3885",2000,"LA0400100","Alexandria",NA,"LA","West South Central","South","RAPIDES","City","Cities from 25,000 thru 49,999",46342,150,4,154,9,31,40,159,35,194,4.19,"ALEXANDRIA POLICE DEPARTMENT                      ","Alexandria Police Department"
"3886",2000,"LA0310200","Ruston",NA,"LA","West South Central","South","LINCOLN","City","Cities from 10,000 thru 24,999",20546,39,0,39,1,8,9,40,8,48,2.34,"RUSTON POLICE DEPARTMENT                          ","Ruston Police Department"
"3887",2000,"LA0410100","Coushatta",NA,"LA","West South Central","South","RED RIVER","City","Cities under 2,500",2299,5,0,5,1,0,1,6,0,6,2.61,"COUSHATTA POLICE DEPARTMENT                       ","Coushatta Police Department"
"3888",2000,"LA0570400","Erath",NA,"LA","West South Central","South","VERMILION","City","Cities under 2,500",2187,7,0,7,3,0,3,10,0,10,4.57,"ERATH POLICE DEPARTMENT                           ","Erath Police Department"
"3889",2000,"LA0530400","Amite",NA,"LA","West South Central","South","TANGIPAHOA","City","Cities from 2,500 thru 9,999",4110,15,0,15,3,0,3,18,0,18,4.38,"AMITE POLICE DEPARTMENT                           ","Amite Police Department"
"3890",2000,"LA0010300","Church Point",NA,"LA","West South Central","South","ACADIA","City","Cities from 2,500 thru 9,999",4756,17,0,17,4,0,4,21,0,21,4.42,"CHURCH POINT POLICE DEPARTMENT                    ","Church Point Police Department"
"3891",2000,"LA0270000","Jefferson Davis",NA,"LA","West South Central","South","JEFFERSON DAVIS","County","Non-MSA counties from 10,000 thru 24,999",12801,32,1,33,13,0,13,45,1,46,3.59,"JEFFERSON DAVIS PARISH SHERIFF'S OFFICE           ","Jefferson Davis Parish Sheriff's Office"
"3892",2000,"LA0490800","Krotz Springs",NA,"LA","West South Central","South","ST LANDRY","City","Cities under 2,500",1219,2,0,2,1,1,2,3,1,4,3.28,"KROTZ SPRINGS POLICE DEPARTMENT                   ","Krotz Springs Police Department"
"3893",2000,"LA0330000","Madison",NA,"LA","West South Central","South","MADISON","County","Non-MSA counties under 10,000",4539,34,0,34,8,0,8,42,0,42,9.25,"MADISON PARISH SHERIFF'S OFFICE                   ","Madison Parish Sheriff's Office"
"3894",2000,"LA0130100","Jonesville",NA,"LA","West South Central","South","CATAHOULA","City","Cities under 2,500",2469,8,8,16,1,1,2,9,9,18,7.29,"JONESVILLE POLICE DEPARTMENT                      ","Jonesville Police Department"
"3895",2000,"LA0350000","Natchitoches",NA,"LA","West South Central","South","NATCHITOCHES","County","Non-MSA counties from 10,000 thru 24,999",21215,36,13,49,4,9,13,40,22,62,2.92,"NATCHITOCHES PARISH SHERIFF'S OFFICE              ","Natchitoches Parish Sheriff's Office"
"3896",2000,"LA0370400","University of Louisiana:","Monroe","LA","West South Central","South","OUACHITA","University or College","Cities under 2,500",0,17,3,20,1,5,6,18,8,26,NA,"UNIVERSITY OF LOUISIANA - MONROE POLICE           ","University Of Louisiana - Monroe Police"
"3897",2000,"LA0040100","Napoleonville",NA,"LA","West South Central","South","ASSUMPTION","City","Cities under 2,500",686,3,0,3,1,0,1,4,0,4,5.83,"NAPOLEONVILLE POLICE DEPARTMENT                   ","Napoleonville Police Department"
"3898",2000,"LA0600800","Dixie Inn",NA,"LA","West South Central","South","WEBSTER","City","Cities under 2,500",352,3,0,3,0,0,0,3,0,3,8.52,"DIXIE INN POLICE DEPARTMENT                       ","Dixie Inn Police Department"
"3899",2000,"LA0580200","New Llano",NA,"LA","West South Central","South","VERNON","City","Cities under 2,500",2415,7,0,7,1,0,1,8,0,8,3.31,"NEW LLANO POLICE DEPARTMENT                       ","New Llano Police Department"
"3900",2000,"LA0590000","Washington",NA,"LA","West South Central","South","WASHINGTON","County","Non-MSA counties from 25,000 thru 99,999",26904,86,0,86,25,0,25,111,0,111,4.13,"WASHINGTON PARISH SHERIFF'S OFFICE                ","Washington Parish Sheriff's Office"
"3901",2000,"LA0590100","Bogalusa",NA,"LA","West South Central","South","WASHINGTON","City","Cities from 10,000 thru 24,999",13365,36,3,39,3,7,10,39,10,49,3.67,"BOGALUSA POLICE DEPARTMENT                        ","Bogalusa Police Department"
"3902",2000,"LA0630100","St. Francisville",NA,"LA","West South Central","South","WEST FELICIANA","City","Cities under 2,500",1712,5,0,5,0,1,1,5,1,6,3.5,"ST. FRANCISVILLE POLICE DEPARTMENT                ","St. Francisville Police Department"
"3903",2000,"LALSP0000","State Police",NA,"LA","West South Central","South","UNMAPPED COUNTY","State Police","Non-MSA counties under 10,000",0,1078,126,1204,35,309,344,1113,435,1548,NA,"LOUISIANA STATE POLICE                            ","Louisiana State Police"
"3904",2000,"LA0510200","Franklin",NA,"LA","West South Central","South","ST MARY","City","Cities from 2,500 thru 9,999",8354,15,1,16,8,2,10,23,3,26,3.11,"FRANKLIN POLICE DEPARTMENT                        ","Franklin Police Department"
"3905",2000,"LA0300100","Jena",NA,"LA","West South Central","South","LA SALLE","City","Cities from 2,500 thru 9,999",2971,5,0,5,0,0,0,5,0,5,1.68,"JENA POLICE DEPARTMENT                            ","Jena Police Department"
"3906",2000,"LA0370000","Ouachita",NA,"LA","West South Central","South","OUACHITA","County","MSA counties from 25,000 thru 99,999",77502,203,0,203,93,0,93,296,0,296,3.82,"OUACHITA PARISH SHERIFF'S OFFICE                  ","Ouachita Parish Sheriff's Office"
"3907",2000,"LA0510000","St. Mary",NA,"LA","West South Central","South","ST MARY","County","Non-MSA counties from 10,000 thru 24,999",20398,101,0,101,46,0,46,147,0,147,7.21,"ST. MARY PARISH SHERIFF'S OFFICE                  ","St. Mary Parish Sheriff's Office"
"3908",2000,"LA0520600","Abita Springs",NA,"LA","West South Central","South","ST TAMMANY","City","Cities under 2,500",1957,7,0,7,0,0,0,7,0,7,3.58,"ABITA SPRINGS PD                                  ","Abita Springs Police Department"
"3909",2000,"LA0470000","St. James",NA,"LA","West South Central","South","ST JAMES","County","MSA counties from 10,000 thru 24,999",18150,42,28,70,7,27,34,49,55,104,5.73,"ST. JAMES PARISH SHERIFF'S OFFICE                 ","St. James Parish Sheriff's Office"
"3910",2000,"LA0510300","Morgan City",NA,"LA","West South Central","South","ST MARY","City","Cities from 10,000 thru 24,999",12703,36,2,38,14,1,15,50,3,53,4.17,"MORGAN CITY POLICE DEPARTMENT                     ","Morgan City Police Department"
"3911",2000,"LA0270200","Jennings",NA,"LA","West South Central","South","JEFFERSON DAVIS","City","Cities from 10,000 thru 24,999",10986,24,4,28,7,3,10,31,7,38,3.46,"JENNINGS POLICE DEPARTMENT                        ","Jennings Police Department"
"3912",2000,"LA0450000","St. Charles",NA,"LA","West South Central","South","ST CHARLES","County","MSA counties from 25,000 thru 99,999",48072,154,5,159,25,83,108,179,88,267,5.55,"ST. CHARLES PARISH SHERIFF'S OFFICE               ","St. Charles Parish Sheriff's Office"
"3913",2000,"LA0400200","Pineville",NA,"LA","West South Central","South","RAPIDES","City","Cities from 10,000 thru 24,999",13829,41,0,41,2,6,8,43,6,49,3.54,"PINEVILLE POLICE DEPARTMENT                       ","Pineville Police Department"
"3914",2000,"LA0351000","Northwestern State University",NA,"LA","West South Central","South","NATCHITOCHES","University or College","Cities under 2,500",0,13,0,13,1,2,3,14,2,16,NA,"NORTHWESTERN STATE UNIVERSITY OF LOUISIANA POLICE ","Northwestern State University Of Louisiana Police"
"3915",2000,"LA0050000","Avoyelles",NA,"LA","West South Central","South","AVOYELLES","County","Non-MSA counties from 25,000 thru 99,999",32783,143,0,143,127,0,127,270,0,270,8.24,"AVOYELLES PARISH SHERIFF'S OFFICE                 ","Avoyelles Parish Sheriff's Office"
"3916",2000,"LA0530900","Southeastern Louisiana University",NA,"LA","West South Central","South","TANGIPAHOA","University or College","Cities under 2,500",0,21,1,22,1,6,7,22,7,29,NA,"SOUTHEASTERN LOUISIANA UNIVERSITY POLICE          ","Southeastern Louisiana University Police"
"3917",2000,"LA0580000","Vernon",NA,"LA","West South Central","South","VERNON","County","Non-MSA counties from 25,000 thru 99,999",42983,95,0,95,38,0,38,133,0,133,3.09,"VERNON PARISH SHERIFF'S OFFICE                    ","Vernon Parish Sheriff's Office"
"3918",2000,"LA0510100","Berwick",NA,"LA","West South Central","South","ST MARY","City","Cities from 2,500 thru 9,999",4418,11,0,11,2,0,2,13,0,13,2.94,"BERWICK POLICE DEPARTMENT                         ","Berwick Police Department"
"3919",2000,"LA0530500","Independence",NA,"LA","West South Central","South","TANGIPAHOA","City","Cities under 2,500",1724,5,1,6,0,0,0,5,1,6,3.48,"INDEPENDENCE POLICE DEPARTMENT                    ","Independence Police Department"
"3920",2000,"LA0440000","St. Bernard",NA,"LA","West South Central","South","ST BERNARD","County","MSA counties from 25,000 thru 99,999",67229,233,71,304,40,25,65,273,96,369,5.49,"ST. BERNARD PARISH SHERIFF'S OFFICE               ","St. Bernard Parish Sheriff's Office"
"3921",2000,"LA0080600","Louisiana State University:","Shreveport","LA","West South Central","South","BOSSIER","University or College","Cities under 2,500",0,9,0,9,0,0,0,9,0,9,NA,"LOUISIANA STATE UNIVERSITY - SHREVEPORT POLICE    ","Louisiana State University - Shreveport Police"
"3922",2000,"LA0260400","Westwego",NA,"LA","West South Central","South","JEFFERSON","City","Cities from 10,000 thru 24,999",10763,26,0,26,3,1,4,29,1,30,2.79,"WESTWEGO POLICE DEPARTMENT                        ","Westwego Police Department"
"3923",2000,"LA0230000","Iberia",NA,"LA","West South Central","South","IBERIA","County","Non-MSA counties from 25,000 thru 99,999",34646,87,0,87,58,0,58,145,0,145,4.19,"IBERIA PARISH SHERIFF'S OFFICE                    ","Iberia Parish Sheriff's Office"
"3924",2000,"LA0180000","East Carroll",NA,"LA","West South Central","South","EAST CARROLL","County","Non-MSA counties under 10,000",4317,14,107,121,1,45,46,15,152,167,38.68,"EAST CARROLL PARISH SHERIFF'S OFFICE              ","East Carroll Parish Sheriff's Office"
"3925",2000,"LA0170000","East Baton Rouge",NA,"LA","West South Central","South","EAST BATON ROUGE","County","MSA counties 100,000 or over",159966,507,0,507,213,0,213,720,0,720,4.5,"EAST BATON ROUGE PARISH SHERIFF'S OFFICE          ","East Baton Rouge Parish Sheriff's Office"
"3926",2000,"LA0100200","Lake Charles",NA,"LA","West South Central","South","CALCASIEU","City","Cities from 50,000 thru 99,999",71757,129,1,130,32,2,34,161,3,164,2.29,"LAKE CHARLES POLICE DEPARTMENT                    ","Lake Charles Police Department"
"3927",2000,"LA0240600","St. Gabriel",NA,"LA","West South Central","South","IBERVILLE","City","Cities from 2,500 thru 9,999",5514,4,0,4,0,6,6,4,6,10,1.81,"ST. GABRIEL POLICE DEPARTMENT                     ","St. Gabriel Police Department"
"3928",2000,"LANPD0000","New Orleans",NA,"LA","West South Central","South","ORLEANS","City","Cities from 250,000 thru 499,999",484674,1410,61,1471,248,321,569,1658,382,2040,4.21,"NEW ORLEANS POLICE DEPARTMENT                     ","New Orleans Police Department"
"3929",2000,"LA0030200","Gonzales",NA,"LA","West South Central","South","ASCENSION","City","Cities from 2,500 thru 9,999",8156,24,0,24,6,0,6,30,0,30,3.68,"GONZALES POLICE DEPARTMENT                        ","Gonzales Police Department"
"3930",2000,"LA0130000","Catahoula",NA,"LA","West South Central","South","CATAHOULA","County","Non-MSA counties from 10,000 thru 24,999",10467,17,5,22,1,0,1,18,5,23,2.2,"CATAHOULA PARISH SHERIFF'S OFFICE                 ","Catahoula Parish Sheriff's Office"
"3931",2000,"LA0240300","White Castle",NA,"LA","West South Central","South","IBERVILLE","City","Cities under 2,500",1946,6,0,6,0,4,4,6,4,10,5.14,"WHITE CASTLE POLICE DEPARTMENT                    ","White Castle Police Department"
"3932",2000,"LA0160000","De Soto",NA,"LA","West South Central","South","DE SOTO","County","Non-MSA counties from 10,000 thru 24,999",18244,51,1,52,10,8,18,61,9,70,3.84,"DE SOTO PARISH SHERIFF'S OFFICE                   ","De Soto Parish Sheriff's Office"
"3933",2000,"LA0100300","Sulphur",NA,"LA","West South Central","South","CALCASIEU","City","Cities from 10,000 thru 24,999",20512,38,2,40,6,8,14,44,10,54,2.63,"SULPHUR POLICE DEPARTMENT                         ","Sulphur Police Department"
"3934",1999,"LA0420200","Rayville",NA,"LA","West South Central","South","RICHLAND","City","Cities from 2,500 thru 9,999",4386,8,0,8,1,0,1,9,0,9,2.05,"RAYVILLE POLICE DEPARTMENT                        ","Rayville Police Department"
"3935",1999,"LA0400400","Lecompte",NA,"LA","West South Central","South","RAPIDES","City","Cities under 2,500",1433,5,0,5,0,0,0,5,0,5,3.49,"LECOMPTE POLICE DEPARTMENT                        ","Lecompte Police Department"
"3936",1999,"LA0520500","Pearl River",NA,"LA","West South Central","South","ST TAMMANY","City","Cities under 2,500",1740,6,0,6,4,1,5,10,1,11,6.32,"PEARL RIVER POLICE DEPARTMENT                     ","Pearl River Police Department"
"3937",1999,"LA0370100","Monroe",NA,"LA","West South Central","South","OUACHITA","City","Cities from 50,000 thru 99,999",53650,163,12,175,17,50,67,180,62,242,4.51,"MONROE POLICE DEPARTMENT                          ","Monroe Police Department"
"3938",1999,"LA0050400","Cottonport",NA,"LA","West South Central","South","AVOYELLES","City","Cities under 2,500",2061,5,0,5,0,0,0,5,0,5,2.43,"COTTONPORT POLICE DEPARTMENT                      ","Cottonport Police Department"
"3939",1999,"LA0130200","Sicily Island",NA,"LA","West South Central","South","CATAHOULA","City","Cities under 2,500",394,2,0,2,0,0,0,2,0,2,5.08,"SICILY ISLAND POLICE DEPARTMENT                   ","Sicily Island Police Department"
"3940",1999,"LA0260300","Kenner",NA,"LA","West South Central","South","JEFFERSON","City","Cities from 50,000 thru 99,999",71691,135,22,157,15,35,50,150,57,207,2.89,"KENNER POLICE DEPARTMENT                          ","Kenner Police Department"
"3941",1999,"LA0270400","Welsh",NA,"LA","West South Central","South","JEFFERSON DAVIS","City","Cities from 2,500 thru 9,999",3284,8,0,8,3,0,3,11,0,11,3.35,"WELSH POLICE DEPARTMENT                           ","Welsh Police Department"
"3942",1999,"LA0530000","Tangipahoa",NA,"LA","West South Central","South","TANGIPAHOA","County","Non-MSA counties from 25,000 thru 99,999",65174,206,0,206,64,0,64,270,0,270,4.14,"TANGIPAHOA PARISH SHERIFF'S OFFICE                ","Tangipahoa Parish Sheriff's Office"
"3943",1999,"LA0630000","West Feliciana",NA,"LA","West South Central","South","WEST FELICIANA","County","Non-MSA counties from 10,000 thru 24,999",11704,22,0,22,6,0,6,28,0,28,2.39,"WEST FELICIANA PARISH SHERIFF'S OFFICE            ","West Feliciana Parish Sheriff's Office"
"3944",1999,"LA0490500","Washington",NA,"LA","West South Central","South","ST LANDRY","City","Cities under 2,500",1346,6,0,6,0,0,0,6,0,6,4.46,"WASHINGTON POLICE DEPARTMENT                      ","Washington Police Department"
"3945",1999,"LA0220500","Pollock",NA,"LA","West South Central","South","GRANT","City","Cities under 2,500",356,2,0,2,0,0,0,2,0,2,5.62,"POLLOCK POLICE DEPARTMENT                         ","Pollock Police Department"
"3946",1999,"LA0560200","Bernice",NA,"LA","West South Central","South","UNION","City","Cities under 2,500",1728,5,0,5,1,0,1,6,0,6,3.47,"BERNICE POLICE DEPARTMENT                         ","Bernice Police Department"
"3947",1999,"LA0480000","St. John the Baptist",NA,"LA","West South Central","South","ST JOHN THE BAPTIST","County","MSA counties from 25,000 thru 99,999",42291,158,3,161,49,0,49,207,3,210,4.97,"ST. JOHN THE BAPTIST PARISH SHERIFF'S OFFICE      ","St. John The Baptist Parish Sheriff's Office"
"3948",1999,"LA0070000","Bienville",NA,"LA","West South Central","South","BIENVILLE","County","Non-MSA counties from 10,000 thru 24,999",11694,30,1,31,6,2,8,36,3,39,3.34,"BIENVILLE PARISH SHERIFF'S OFFICE                 ","Bienville Parish Sheriff's Office"
"3949",1999,"LA0140200","Homer",NA,"LA","West South Central","South","CLAIBORNE","City","Cities from 2,500 thru 9,999",3908,10,0,10,1,0,1,11,0,11,2.81,"HOMER POLICE DEPARTMENT                           ","Homer Police Department"
"3950",1999,"LA0310600","Grambling State University",NA,"LA","West South Central","South","LINCOLN","University or College","Cities under 2,500",0,11,0,11,8,1,9,19,1,20,NA,"GRAMBLING STATE UNIVERSITY POLICE DEPT.           ","Grambling State University Police Police Department"
"3951",1999,"LA0170100","Baker",NA,"LA","West South Central","South","EAST BATON ROUGE","City","Cities from 10,000 thru 24,999",13018,26,0,26,6,1,7,32,1,33,2.53,"BAKER POLICE DEPARTMENT                           ","Baker Police Department"
"3952",1999,"LA0380000","Plaquemines",NA,"LA","West South Central","South","PLAQUEMINES","County","MSA counties from 25,000 thru 99,999",26311,155,0,155,55,0,55,210,0,210,7.98,"PLAQUEMINES PARISH SHERIFF'S OFFICE               ","Plaquemines Parish Sheriff's Office"
"3953",1999,"LA0260000","Jefferson",NA,"LA","West South Central","South","JEFFERSON","County","MSA counties 100,000 or over",342121,818,143,961,117,325,442,935,468,1403,4.1,"JEFFERSON PARISH SHERIFF'S OFFICE                 ","Jefferson Parish Sheriff's Office"
"3954",1999,"LA0050100","Bunkie",NA,"LA","West South Central","South","AVOYELLES","City","Cities from 2,500 thru 9,999",4833,14,0,14,1,0,1,15,0,15,3.1,"BUNKIE POLICE DEPARTMENT                          ","Bunkie Police Department"
"3955",1999,"LA0080700","Southern University and A&M College:","Shreveport","LA","West South Central","South","BOSSIER","University or College","Cities under 2,500",0,5,0,5,2,0,2,7,0,7,NA,"SOUTHERN UNIVERSITY AND A & M COLLEGE - SHREVEPORT","Southern University And A & M College - Shreveport"
"3956",1999,"LA0110000","Caldwell",NA,"LA","West South Central","South","CALDWELL","County","Non-MSA counties from 10,000 thru 24,999",10371,28,1,29,8,5,13,36,6,42,4.05,"CALDWELL PARISH SHERIFF'S OFFICE                  ","Caldwell Parish Sheriff's Office"
"3957",1999,"LA0420100","Delhi",NA,"LA","West South Central","South","RICHLAND","City","Cities from 2,500 thru 9,999",3160,5,0,5,0,2,2,5,2,7,2.22,"DELHI POLICE DEPARTMENT                           ","Delhi Police Department"
"3958",1999,"LA0150200","Vidalia",NA,"LA","West South Central","South","CONCORDIA","City","Cities from 2,500 thru 9,999",4873,15,1,16,3,2,5,18,3,21,4.31,"VIDALIA POLICE DEPARTMENT                         ","Vidalia Police Department"
"3959",1999,"LA0040000","Assumption",NA,"LA","West South Central","South","ASSUMPTION","County","Non-MSA counties from 10,000 thru 24,999",22255,35,16,51,5,15,20,40,31,71,3.19,"ASSUMPTION PARISH SHERIFF'S OFFICE                ","Assumption Parish Sheriff's Office"
"3960",1999,"LA0200000","Evangeline",NA,"LA","West South Central","South","EVANGELINE","County","Non-MSA counties from 10,000 thru 24,999",20153,24,15,39,1,24,25,25,39,64,3.18,"EVANGELINE PARISH SHERIFF'S OFFICE                ","Evangeline Parish Sheriff's Office"
"3961",1999,"LA0140000","Claiborne",NA,"LA","West South Central","South","CLAIBORNE","County","Non-MSA counties from 10,000 thru 24,999",10371,25,0,25,5,0,5,30,0,30,2.89,"CLAIBORNE PARISH SHERIFF'S OFFICE                 ","Claiborne Parish Sheriff's Office"
"3962",1999,"LA0090400","Blanchard",NA,"LA","West South Central","South","CADDO","City","Cities under 2,500",1867,4,0,4,0,0,0,4,0,4,2.14,"BLANCHARD POLICE DEPARTMENT                       ","Blanchard Police Department"
"3963",1999,"LA0090100","Shreveport",NA,"LA","West South Central","South","BOSSIER, CADDO","City","Cities from 100,000 thru 249,999",188451,419,6,425,81,73,154,500,79,579,3.07,"SHREVEPORT POLICE DEPARTMENT                      ","Shreveport Police Department"
"3964",1999,"LA0080000","Bossier",NA,"LA","West South Central","South","BOSSIER","County","MSA counties from 25,000 thru 99,999",34552,130,0,130,31,0,31,161,0,161,4.66,"BOSSIER PARISH SHERIFF'S OFFICE                   ","Bossier Parish Sheriff's Office"
"3965",1999,"LA0510300","Morgan City",NA,"LA","West South Central","South","ST MARY","City","Cities from 10,000 thru 24,999",13681,40,2,42,10,8,18,50,10,60,4.39,"MORGAN CITY POLICE DEPARTMENT                     ","Morgan City Police Department"
"3966",1999,"LA0390000","Pointe Coupee",NA,"LA","West South Central","South","POINTE COUPEE","County","Non-MSA counties from 10,000 thru 24,999",18304,48,31,79,6,34,40,54,65,119,6.5,"POINTE COUPEE PARISH SHERIFF'S OFFICE             ","Pointe Coupee Parish Sheriff's Office"
"3967",1999,"LA0010000","Acadia",NA,"LA","West South Central","South","ACADIA","County","MSA counties from 25,000 thru 99,999",29389,86,4,90,2,25,27,88,29,117,3.98,"ACADIA PARISH SHERIFF'S OFFICE                    ","Acadia Parish Sheriff's Office"
"3968",1999,"LA0020000","Allen",NA,"LA","West South Central","South","ALLEN","County","Non-MSA counties from 10,000 thru 24,999",12007,27,11,38,0,13,13,27,24,51,4.25,"ALLEN PARISH SHERIFF'S OFFICE                     ","Allen Parish Sheriff's Office"
"3969",1999,"LA0490400","Sunset",NA,"LA","West South Central","South","ST LANDRY","City","Cities under 2,500",2288,5,0,5,6,0,6,11,0,11,4.81,"SUNSET POLICE DEPARTMENT                          ","Sunset Police Department"
"3970",1999,"LA0500000","St. Martin",NA,"LA","West South Central","South","ST MARTIN","County","MSA counties from 25,000 thru 99,999",32812,110,2,112,45,33,78,155,35,190,5.79,"ST. MARTIN PARISH SHERIFF'S OFFICE                ","St. Martin Parish Sheriff's Office"
"3971",1999,"LA0540300","St. Joseph",NA,"LA","West South Central","South","TENSAS","City","Cities under 2,500",1387,3,0,3,0,0,0,3,0,3,2.16,"ST. JOSEPH POLICE DEPARTMENT                      ","St. Joseph Police Department"
"3972",1999,"LA0100700","Iowa",NA,"LA","West South Central","South","CALCASIEU","City","Cities from 2,500 thru 9,999",2751,6,0,6,1,1,2,7,1,8,2.91,"IOWA POLICE DEPARTMENT                            ","Iowa Police Department"
"3973",1999,"LA0530100","Hammond",NA,"LA","West South Central","South","TANGIPAHOA","City","Cities from 10,000 thru 24,999",16629,85,0,85,7,1,8,92,1,93,5.59,"HAMMOND POLICE DEPARTMENT                         ","Hammond Police Department"
"3974",1999,"LA0570100","Abbeville",NA,"LA","West South Central","South","VERMILION","City","Cities from 10,000 thru 24,999",11410,34,1,35,5,0,5,39,1,40,3.51,"ABBEVILLE POLICE DEPARTMENT                       ","Abbeville Police Department"
"3975",1999,"LA0640100","Winnfield",NA,"LA","West South Central","South","WINN","City","Cities from 2,500 thru 9,999",6385,14,4,18,3,3,6,17,7,24,3.76,"WINNFIELD POLICE DEPT                             ","Winnfield Police Police Department"
"3976",1999,"LA0170300","Zachary",NA,"LA","West South Central","South","EAST BATON ROUGE","City","Cities from 10,000 thru 24,999",10360,24,1,25,7,2,9,31,3,34,3.28,"ZACHARY POLICE DEPARTMENT                         ","Zachary Police Department"
"3977",1999,"LA0200100","Basile",NA,"LA","West South Central","South","EVANGELINE","City","Cities under 2,500",1870,7,0,7,1,5,6,8,5,13,6.95,"BASILE POLICE DEPARTMENT                          ","Basile Police Department"
"3978",1999,"LA0230300","New Iberia",NA,"LA","West South Central","South","IBERIA","City","Cities from 25,000 thru 49,999",32687,56,4,60,7,13,20,63,17,80,2.45,"NEW IBERIA PD                                     ","New Iberia Police Department"
"3979",1999,"LA0010300","Church Point",NA,"LA","West South Central","South","ACADIA","City","Cities from 2,500 thru 9,999",4763,14,0,14,4,0,4,18,0,18,3.78,"CHURCH POINT POLICE DEPARTMENT                    ","Church Point Police Department"
"3980",1999,"LA0490800","Krotz Springs",NA,"LA","West South Central","South","ST LANDRY","City","Cities under 2,500",1331,3,0,3,1,1,2,4,1,5,3.76,"KROTZ SPRINGS POLICE DEPARTMENT                   ","Krotz Springs Police Department"
"3981",1999,"LA0530400","Amite",NA,"LA","West South Central","South","TANGIPAHOA","City","Cities from 2,500 thru 9,999",4402,15,0,15,3,0,3,18,0,18,4.09,"AMITE POLICE DEPARTMENT                           ","Amite Police Department"
"3982",1999,"LA0560100","Farmerville",NA,"LA","West South Central","South","UNION","City","Cities from 2,500 thru 9,999",3384,9,0,9,3,0,3,12,0,12,3.55,"FARMERVILLE POLICE DEPARTMENT                     ","Farmerville Police Department"
"3983",1999,"LA0200300","Ville Platte",NA,"LA","West South Central","South","EVANGELINE","City","Cities from 2,500 thru 9,999",8728,29,0,29,4,0,4,33,0,33,3.78,"VILLE PLATTE POLICE DEPARTMENT                    ","Ville Platte Police Department"
"3984",1999,"LA0190200","Jackson",NA,"LA","West South Central","South","EAST FELICIANA","City","Cities from 2,500 thru 9,999",4489,5,1,6,0,0,0,5,1,6,1.34,"JACKSON POLICE DEPARTMENT                         ","Jackson Police Department"
"3985",1999,"LA0160100","Mansfield",NA,"LA","West South Central","South","DE SOTO","City","Cities from 2,500 thru 9,999",5025,9,0,9,7,0,7,16,0,16,3.18,"MANSFIELD POLICE DEPARTMENT                       ","Mansfield Police Department"
"3986",1999,"LA0100500","Westlake",NA,"LA","West South Central","South","CALCASIEU","City","Cities from 2,500 thru 9,999",5001,14,0,14,6,0,6,20,0,20,4,"WESTLAKE POLICE DEPARTMENT                        ","Westlake Police Department"
"3987",1999,"LA0090200","Vivian",NA,"LA","West South Central","South","CADDO","City","Cities from 2,500 thru 9,999",4145,11,0,11,3,0,3,14,0,14,3.38,"VIVIAN POLICE DEPARTMENT                          ","Vivian Police Department"
"3988",1999,"LA0530200","Kentwood",NA,"LA","West South Central","South","TANGIPAHOA","City","Cities from 2,500 thru 9,999",2590,6,0,6,0,1,1,6,1,7,2.7,"KENTWOOD POLICE DEPARTMENT                        ","Kentwood Police Department"
"3989",1999,"LA0600100","Minden",NA,"LA","West South Central","South","WEBSTER","City","Cities from 10,000 thru 24,999",13318,26,0,26,4,1,5,30,1,31,2.33,"MINDEN POLICE DEPARTMENT                          ","Minden Police Department"
"3990",1999,"LA0600200","Springhill",NA,"LA","West South Central","South","WEBSTER","City","Cities from 2,500 thru 9,999",5518,13,0,13,2,0,2,15,0,15,2.72,"SPRINGHILL POLICE DEPARTMENT                      ","Springhill Police Department"
"3991",1999,"LA0100300","Sulphur",NA,"LA","West South Central","South","CALCASIEU","City","Cities from 10,000 thru 24,999",21080,38,3,41,5,8,13,43,11,54,2.56,"SULPHUR POLICE DEPARTMENT                         ","Sulphur Police Department"
"3992",1999,"LA0330100","Tallulah",NA,"LA","West South Central","South","MADISON","City","Cities from 2,500 thru 9,999",8917,9,0,9,6,0,6,15,0,15,1.68,"TALLULAH POLICE DEPT.                             ","Tallulah Police Police Department"
"3993",1999,"LA0300000","La Salle",NA,"LA","West South Central","South","LA SALLE","County","Non-MSA counties under 10,000",9719,29,0,29,11,1,12,40,1,41,4.22,"LA SALLE PARISH SHERIFF'S OFFICE                  ","La Salle Parish Sheriff's Office"
"3994",1999,"LA0240300","White Castle",NA,"LA","West South Central","South","IBERVILLE","City","Cities under 2,500",1970,8,0,8,0,4,4,8,4,12,6.09,"WHITE CASTLE POLICE DEPARTMENT                    ","White Castle Police Department"
"3995",1999,"LA0280600","Scott",NA,"LA","West South Central","South","LAFAYETTE","City","Cities from 2,500 thru 9,999",5748,16,3,19,0,0,0,16,3,19,3.31,"SCOTT POLICE DEPARTMENT                           ","Scott Police Department"
"3996",1999,"LA0350100","Natchitoches",NA,"LA","West South Central","South","NATCHITOCHES","City","Cities from 10,000 thru 24,999",16725,55,2,57,17,3,20,72,5,77,4.6,"NATCHITOCHES POLICE DEPARTMENT                    ","Natchitoches Police Department"
"3997",1999,"LA0300200","Olla",NA,"LA","West South Central","South","LA SALLE","City","Cities under 2,500",1365,4,0,4,0,0,0,4,0,4,2.93,"OLLA POLICE DEPARTMENT                            ","Olla Police Department"
"3998",1999,"LA0270100","Elton",NA,"LA","West South Central","South","JEFFERSON DAVIS","City","Cities under 2,500",1354,4,0,4,0,0,0,4,0,4,2.95,"ELTON POLICE DEPARTMENT                           ","Elton Police Department"
"3999",1999,"LA0160000","De Soto",NA,"LA","West South Central","South","DE SOTO","County","Non-MSA counties from 10,000 thru 24,999",18497,47,1,48,12,8,20,59,9,68,3.68,"DE SOTO PARISH SHERIFF'S OFFICE                   ","De Soto Parish Sheriff's Office"
"4000",1999,"LA0310000","Lincoln",NA,"LA","West South Central","South","LINCOLN","County","Non-MSA counties from 10,000 thru 24,999",15834,31,6,37,2,8,10,33,14,47,2.97,"LINCOLN PARISH SHERIFF'S OFFICE                   ","Lincoln Parish Sheriff's Office"
"4001",1999,"LA0130000","Catahoula",NA,"LA","West South Central","South","CATAHOULA","County","Non-MSA counties from 10,000 thru 24,999",10678,20,0,20,0,0,0,20,0,20,1.87,"CATAHOULA PARISH SHERIFF'S OFFICE                 ","Catahoula Parish Sheriff's Office"
"4002",1999,"LA0310200","Ruston",NA,"LA","West South Central","South","LINCOLN","City","Cities from 10,000 thru 24,999",19629,39,0,39,1,6,7,40,6,46,2.34,"RUSTON POLICE DEPARTMENT                          ","Ruston Police Department"
"4003",1999,"LA0410100","Coushatta",NA,"LA","West South Central","South","RED RIVER","City","Cities under 2,500",2226,5,0,5,1,0,1,6,0,6,2.7,"COUSHATTA POLICE DEPARTMENT                       ","Coushatta Police Department"
"4004",1999,"LA0260500","Grand Isle",NA,"LA","West South Central","South","JEFFERSON","City","Cities under 2,500",1552,4,0,4,5,0,5,9,0,9,5.8,"GRAND ISLE POLICE DEPARTMENT                      ","Grand Isle Police Department"
"4005",1999,"LA0400100","Alexandria",NA,"LA","West South Central","South","RAPIDES","City","Cities from 25,000 thru 49,999",45832,151,2,153,9,31,40,160,33,193,4.21,"ALEXANDRIA POLICE DEPARTMENT                      ","Alexandria Police Department"
"4006",1999,"LA0510000","St. Mary",NA,"LA","West South Central","South","ST MARY","County","Non-MSA counties from 10,000 thru 24,999",22878,90,0,90,49,0,49,139,0,139,6.08,"ST. MARY PARISH SHERIFF'S OFFICE                  ","St. Mary Parish Sheriff's Office"
"4007",1999,"LA0520600","Abita Springs",NA,"LA","West South Central","South","ST TAMMANY","City","Cities under 2,500",1819,7,0,7,0,1,1,7,1,8,4.4,"ABITA SPRINGS PD                                  ","Abita Springs Police Department"
"4008",1999,"LA0420000","Richland",NA,"LA","West South Central","South","RICHLAND","County","Non-MSA counties from 10,000 thru 24,999",12913,76,0,76,65,0,65,141,0,141,10.92,"RICHLAND PARISH SHERIFF'S OFFICE                  ","Richland Parish Sheriff's Office"
"4009",1999,"LA0260200","Harahan",NA,"LA","West South Central","South","JEFFERSON","City","Cities from 2,500 thru 9,999",9845,23,0,23,7,0,7,30,0,30,3.05,"HARAHAN POLICE DEPARTMENT                         ","Harahan Police Department"
"4010",1999,"LA0361700","Louisiana State University:","Health Sciences Center, New Orleans","LA","West South Central","South","ORLEANS","University or College","Cities under 2,500",0,78,1,79,36,2,38,114,3,117,NA,"LSU HEALTH SCIENCES CENTER POLICE DEPARTMENT      ","Lsu Health Sciences Center Police Department"
"4011",1999,"LA0170200","Baton Rouge",NA,"LA","West South Central","South","EAST BATON ROUGE","City","Cities from 100,000 thru 249,999",211700,531,14,545,80,149,229,611,163,774,3.66,"BATON ROUGE POLICE DEPARTMENT                     ","Baton Rouge Police Department"
"4012",1999,"LA0470100","Lutcher",NA,"LA","West South Central","South","ST JAMES","City","Cities from 2,500 thru 9,999",4104,3,0,3,0,0,0,3,0,3,0.73,"LUTCHER POLICE DEPARTMENT                         ","Lutcher Police Department"
"4013",1999,"LA0140100","Haynesville",NA,"LA","West South Central","South","CLAIBORNE","City","Cities from 2,500 thru 9,999",2652,7,0,7,0,0,0,7,0,7,2.64,"HAYNESVILLE POLICE DEPT                           ","Haynesville Police Police Department"
"4014",1999,"LA0290600","Nicholls State University",NA,"LA","West South Central","South","LAFOURCHE","University or College","Cities under 2,500",0,8,0,8,3,5,8,11,5,16,NA,"NICHOLLS STATE UNIVERSITY POLICE                  ","Nicholls State University Police"
"4015",1999,"LA0100100","De Quincy",NA,"LA","West South Central","South","CALCASIEU","City","Cities from 2,500 thru 9,999",3700,12,0,12,2,0,2,14,0,14,3.78,"DEQUINCY POLICE DEPARTMENT                        ","Dequincy Police Department"
"4016",1999,"LA0350000","Natchitoches",NA,"LA","West South Central","South","NATCHITOCHES","County","Non-MSA counties from 10,000 thru 24,999",20319,46,1,47,9,0,9,55,1,56,2.76,"NATCHITOCHES PARISH SHERIFF'S OFFICE              ","Natchitoches Parish Sheriff's Office"
"4017",1999,"LA0370400","University of Louisiana:","Monroe","LA","West South Central","South","OUACHITA","University or College","Cities under 2,500",0,18,0,18,1,4,5,19,4,23,NA,"UNIVERSITY OF LOUISIANA - MONROE POLICE           ","University Of Louisiana - Monroe Police"
"4018",1999,"LA0280000","Lafayette",NA,"LA","West South Central","South","LAFAYETTE","County","MSA counties from 25,000 thru 99,999",60030,375,0,375,114,0,114,489,0,489,8.15,"LAFAYETTE PARISH SHERIFF'S OFFICE                 ","Lafayette Parish Sheriff's Office"
"4019",1999,"LA0390100","New Roads",NA,"LA","West South Central","South","POINTE COUPEE","City","Cities from 2,500 thru 9,999",5278,15,1,16,1,1,2,16,2,18,3.41,"NEW ROADS POLICE DEPARTMENT                       ","New Roads Police Department"
"4020",1999,"LA0490200","Opelousas",NA,"LA","West South Central","South","ST LANDRY","City","Cities from 10,000 thru 24,999",18997,54,10,64,5,1,6,59,11,70,3.68,"OPELOUSAS POLICE DEPARTMENT                       ","Opelousas Police Department"
"4021",1999,"LA0370300","Sterlington",NA,"LA","West South Central","South","OUACHITA","City","Cities under 2,500",1123,4,0,4,0,0,0,4,0,4,3.56,"STERLINGTON POLICE DEPARTMENT                     ","Sterlington Police Department"
"4022",1999,"LA0320000","Livingston",NA,"LA","West South Central","South","LIVINGSTON","County","MSA counties from 25,000 thru 99,999",77475,69,31,100,2,45,47,71,76,147,1.9,"LIVINGSTON PARISH SHERIFF'S OFFICE                ","Livingston Parish Sheriff's Office"
"4023",1999,"LA0210000","Franklin",NA,"LA","West South Central","South","FRANKLIN","County","Non-MSA counties from 10,000 thru 24,999",22179,51,0,51,17,0,17,68,0,68,3.07,"FRANKLIN PARISH SHERIFF'S OFFICE                  ","Franklin Parish Sheriff's Office"
"4024",1999,"LA0490000","St. Landry",NA,"LA","West South Central","South","ST LANDRY","County","MSA counties from 25,000 thru 99,999",47575,83,0,83,46,0,46,129,0,129,2.71,"ST. LANDRY PARISH SHERIFF'S OFFICE                ","St. Landry Parish Sheriff's Office"
"4025",1999,"LA0210400","Baskin",NA,"LA","West South Central","South","FRANKLIN","City","Cities under 2,500",236,3,0,3,1,0,1,4,0,4,16.95,"BASKIN POLICE DEPARTMENT                          ","Baskin Police Department"
"4026",1999,"LA0100000","Calcasieu",NA,"LA","West South Central","South","CALCASIEU","County","MSA counties from 25,000 thru 99,999",73956,505,0,505,171,0,171,676,0,676,9.14,"CALCASIEU PARISH SHERIFF'S OFFICE                 ","Calcasieu Parish Sheriff's Office"
"4027",1999,"LA0290100","Golden Meadow",NA,"LA","West South Central","South","LAFOURCHE","City","Cities under 2,500",2004,6,0,6,0,1,1,6,1,7,3.49,"GOLDEN MEADOW POLICE DEPARTMENT                   ","Golden Meadow Police Department"
"4028",1999,"LA0600400","Cullen",NA,"LA","West South Central","South","WEBSTER","City","Cities under 2,500",1588,4,0,4,1,0,1,5,0,5,3.15,"CULLEN POLICE DEPARTMENT                          ","Cullen Police Department"
"4029",1999,"LA0520200","Slidell",NA,"LA","West South Central","South","ST TAMMANY","City","Cities from 25,000 thru 49,999",26141,68,7,75,1,25,26,69,32,101,3.86,"SLIDELL POLICE DEPARTMENT                         ","Slidell Police Department"
"4030",1999,"LA0540200","Waterproof",NA,"LA","West South Central","South","TENSAS","City","Cities under 2,500",984,3,0,3,2,1,3,5,1,6,6.1,"WATERPROOF POLICE DEPARTMENT                      ","Waterproof Police Department"
"4031",1999,"LA0351000","Northwestern State University",NA,"LA","West South Central","South","NATCHITOCHES","University or College","Cities under 2,500",0,13,0,13,1,2,3,14,2,16,NA,"NORTHWESTERN STATE UNIVERSITY OF LOUISIANA POLICE ","Northwestern State University Of Louisiana Police"
"4032",1999,"LA0560000","Union",NA,"LA","West South Central","South","UNION","County","Non-MSA counties from 10,000 thru 24,999",16892,31,0,31,4,7,11,35,7,42,2.49,"UNION PARISH SHERIFF'S OFFICE                     ","Union Parish Sheriff's Office"
"4033",1999,"LA0500200","St. Martinville",NA,"LA","West South Central","South","ST MARTIN","City","Cities from 2,500 thru 9,999",7357,16,0,16,1,6,7,17,6,23,3.13,"ST. MARTINVILLE POLICE DEPARTMENT                 ","St. Martinville Police Department"
"4034",1999,"LA0020100","Kinder",NA,"LA","West South Central","South","ALLEN","City","Cities under 2,500",2309,10,0,10,4,0,4,14,0,14,6.06,"KINDER POLICE DEPARTMENT                          ","Kinder Police Department"
"4035",1999,"LA0040100","Napoleonville",NA,"LA","West South Central","South","ASSUMPTION","City","Cities under 2,500",776,3,0,3,2,0,2,5,0,5,6.44,"NAPOLEONVILLE POLICE DEPARTMENT                   ","Napoleonville Police Department"
"4036",1999,"LA0580200","New Llano",NA,"LA","West South Central","South","VERNON","City","Cities under 2,500",2044,7,0,7,1,0,1,8,0,8,3.91,"NEW LLANO POLICE DEPARTMENT                       ","New Llano Police Department"
"4037",1999,"LA0590100","Bogalusa",NA,"LA","West South Central","South","WASHINGTON","City","Cities from 10,000 thru 24,999",13453,41,3,44,3,7,10,44,10,54,4.01,"BOGALUSA POLICE DEPARTMENT                        ","Bogalusa Police Department"
"4038",1999,"LA0130100","Jonesville",NA,"LA","West South Central","South","CATAHOULA","City","Cities from 2,500 thru 9,999",2689,9,1,10,1,1,2,10,2,12,4.46,"JONESVILLE POLICE DEPARTMENT                      ","Jonesville Police Department"
"4039",1999,"LA0590000","Washington",NA,"LA","West South Central","South","WASHINGTON","County","Non-MSA counties from 25,000 thru 99,999",25646,74,0,74,21,0,21,95,0,95,3.7,"WASHINGTON PARISH SHERIFF'S OFFICE                ","Washington Parish Sheriff's Office"
"4040",1999,"LA0600800","Dixie Inn",NA,"LA","West South Central","South","WEBSTER","City","Cities under 2,500",376,3,0,3,0,0,0,3,0,3,7.98,"DIXIE INN POLICE DEPARTMENT                       ","Dixie Inn Police Department"
"4041",1999,"LA0120000","Cameron",NA,"LA","West South Central","South","CAMERON","County","Non-MSA counties under 10,000",9069,59,0,59,16,0,16,75,0,75,8.27,"CAMERON PARISH SHERIFF'S OFFICE                   ","Cameron Parish Sheriff's Office"
"4042",1999,"LA0280100","Broussard",NA,"LA","West South Central","South","LAFAYETTE","City","Cities from 2,500 thru 9,999",4075,8,0,8,1,2,3,9,2,11,2.7,"BROUSSARD POLICE DEPARTMENT                       ","Broussard Police Department"
"4043",1999,"LA0290000","Lafourche",NA,"LA","West South Central","South","LAFOURCHE","County","MSA counties from 25,000 thru 99,999",70689,131,35,166,35,39,74,166,74,240,3.4,"LAFOURCHE PARISH SHERIFF'S OFFICE                 ","Lafourche Parish Sheriff's Office"
"4044",1999,"LA0360300","University of New Orleans",NA,"LA","West South Central","South","ORLEANS","University or College","Cities under 2,500",0,21,0,21,7,3,10,28,3,31,NA,"UNIVERSITY OF NEW ORLEANS POLICE DEPT.            ","University Of New Orleans Police Police Department"
"4045",1999,"LA0340000","Morehouse",NA,"LA","West South Central","South","MOREHOUSE","County","Non-MSA counties from 10,000 thru 24,999",17613,28,84,112,5,47,52,33,131,164,9.31,"MOREHOUSE PARISH SHERIFF'S OFFICE                 ","Morehouse Parish Sheriff's Office"
"4046",1999,"LA0170000","East Baton Rouge",NA,"LA","West South Central","South","EAST BATON ROUGE","County","MSA counties 100,000 or over",159913,499,0,499,213,0,213,712,0,712,4.45,"EAST BATON ROUGE PARISH SHERIFF'S OFFICE          ","East Baton Rouge Parish Sheriff's Office"
"4047",1999,"LA0230000","Iberia",NA,"LA","West South Central","South","IBERIA","County","Non-MSA counties from 25,000 thru 99,999",34140,101,0,101,57,0,57,158,0,158,4.63,"IBERIA PARISH SHERIFF'S OFFICE                    ","Iberia Parish Sheriff's Office"
"4048",1999,"LA0080600","Louisiana State University:","Shreveport","LA","West South Central","South","BOSSIER","University or College","Cities under 2,500",0,9,0,9,0,0,0,9,0,9,NA,"LOUISIANA STATE UNIVERSITY - SHREVEPORT POLICE    ","Louisiana State University - Shreveport Police"
"4049",1999,"LA0440000","St. Bernard",NA,"LA","West South Central","South","ST BERNARD","County","MSA counties from 25,000 thru 99,999",66120,195,95,290,31,40,71,226,135,361,5.46,"ST. BERNARD PARISH SHERIFF'S OFFICE               ","St. Bernard Parish Sheriff's Office"
"4050",1999,"LA0180000","East Carroll",NA,"LA","West South Central","South","EAST CARROLL","County","Non-MSA counties under 10,000",8911,13,102,115,1,47,48,14,149,163,18.29,"EAST CARROLL PARISH SHERIFF'S OFFICE              ","East Carroll Parish Sheriff's Office"
"4051",1999,"LA0260400","Westwego",NA,"LA","West South Central","South","JEFFERSON","City","Cities from 10,000 thru 24,999",11012,24,0,24,3,1,4,27,1,28,2.54,"WESTWEGO POLICE DEPARTMENT                        ","Westwego Police Department"
"4052",1999,"LA0470200","Gramercy",NA,"LA","West South Central","South","ST JAMES","City","Cities from 2,500 thru 9,999",2551,7,0,7,0,0,0,7,0,7,2.74,"GRAMERCY POLICE DEPARTMENT                        ","Gramercy Police Department"
"4053",1999,"LA0400600","Glenmora",NA,"LA","West South Central","South","RAPIDES","City","Cities under 2,500",1658,5,0,5,0,2,2,5,2,7,4.22,"GLENMORA POLICE DEPARTMENT                        ","Glenmora Police Department"
"4054",1999,"LA0400500","Cheneyville",NA,"LA","West South Central","South","RAPIDES","City","Cities under 2,500",925,5,0,5,0,0,0,5,0,5,5.41,"CHENEYVILLE POLICE DEPT.                          ","Cheneyville Police Police Department"
"4055",1999,"LA0230200","Jeanerette",NA,"LA","West South Central","South","IBERIA","City","Cities from 2,500 thru 9,999",6378,13,0,13,4,3,7,17,3,20,3.14,"JEANERETTE POLICE DEPARTMENT                      ","Jeanerette Police Department"
"4056",1999,"LA0190100","Clinton",NA,"LA","West South Central","South","EAST FELICIANA","City","Cities under 2,500",1917,6,0,6,0,0,0,6,0,6,3.13,"CLINTON POLICE DEPT.                              ","Clinton Police Police Department"
"4057",1999,"LA0270000","Jefferson Davis",NA,"LA","West South Central","South","JEFFERSON DAVIS","County","Non-MSA counties from 10,000 thru 24,999",12552,29,0,29,14,0,14,43,0,43,3.43,"JEFFERSON DAVIS PARISH SHERIFF'S OFFICE           ","Jefferson Davis Parish Sheriff's Office"
"4058",1999,"LA0100200","Lake Charles",NA,"LA","West South Central","South","CALCASIEU","City","Cities from 50,000 thru 99,999",70816,140,1,141,27,2,29,167,3,170,2.4,"LAKE CHARLES POLICE DEPARTMENT                    ","Lake Charles Police Department"
"4059",1999,"LA0240600","St. Gabriel",NA,"LA","West South Central","South","IBERVILLE","City","Cities from 2,500 thru 9,999",3877,5,0,5,1,6,7,6,6,12,3.1,"ST. GABRIEL POLICE DEPARTMENT                     ","St. Gabriel Police Department"
"4060",1999,"LA0330000","Madison",NA,"LA","West South Central","South","MADISON","County","Non-MSA counties under 10,000",3900,79,0,79,20,0,20,99,0,99,25.38,"MADISON PARISH SHERIFF'S OFFICE                   ","Madison Parish Sheriff's Office"
"4061",1999,"LA0310300","Grambling",NA,"LA","West South Central","South","LINCOLN","City","Cities from 2,500 thru 9,999",5275,9,1,10,2,4,6,11,5,16,3.03,"GRAMBLING POLICE DEPARTMENT                       ","Grambling Police Department"
"4062",1999,"LA0030200","Gonzales",NA,"LA","West South Central","South","ASCENSION","City","Cities from 2,500 thru 9,999",8246,23,0,23,6,0,6,29,0,29,3.52,"GONZALES POLICE DEPARTMENT                        ","Gonzales Police Department"
"4063",1999,"LA0620000","West Carroll",NA,"LA","West South Central","South","WEST CARROLL","County","Non-MSA counties from 10,000 thru 24,999",10269,15,0,15,3,0,3,18,0,18,1.75,"WEST CARROLL PARISH SHERIFF'S OFFICE              ","West Carroll Parish Sheriff's Office"
"4064",1999,"LA0520000","St. Tammany",NA,"LA","West South Central","South","ST TAMMANY","County","MSA counties 100,000 or over",141111,326,29,355,53,74,127,379,103,482,3.42,"ST. TAMMANY PARISH SHERIFF'S OFFICE               ","St. Tammany Parish Sheriff's Office"
"4065",1999,"LA0030000","Ascension",NA,"LA","West South Central","South","ASCENSION","County","MSA counties from 25,000 thru 99,999",62106,155,13,168,15,44,59,170,57,227,3.66,"ASCENSION PARISH SHERIFF'S OFFICE                 ","Ascension Parish Sheriff's Office"
"4066",1999,"LA0540000","Tensas",NA,"LA","West South Central","South","TENSAS","County","Non-MSA counties under 10,000",2755,76,0,76,38,0,38,114,0,114,41.38,"TENSAS PARISH SHERIFF'S OFFICE                    ","Tensas Parish Sheriff's Office"
"4067",1999,"LA0570300","Delcambre",NA,"LA","West South Central","South","VERMILION","City","Cities under 2,500",1389,6,5,11,2,0,2,8,5,13,9.36,"DELCAMBRE POLICE DEPARTMENT                       ","Delcambre Police Department"
"4068",1999,"LA0400200","Pineville",NA,"LA","West South Central","South","RAPIDES","City","Cities from 10,000 thru 24,999",14040,42,1,43,2,7,9,44,8,52,3.7,"PINEVILLE POLICE DEPARTMENT                       ","Pineville Police Department"
"4069",1999,"LA0270200","Jennings",NA,"LA","West South Central","South","JEFFERSON DAVIS","City","Cities from 10,000 thru 24,999",11322,25,5,30,7,3,10,32,8,40,3.53,"JENNINGS POLICE DEPARTMENT                        ","Jennings Police Department"
"4070",1999,"LA0450000","St. Charles",NA,"LA","West South Central","South","ST CHARLES","County","MSA counties from 25,000 thru 99,999",48312,154,5,159,25,83,108,179,88,267,5.53,"ST. CHARLES PARISH SHERIFF'S OFFICE               ","St. Charles Parish Sheriff's Office"
"4071",1999,"LANPD0000","New Orleans",NA,"LA","West South Central","South","ORLEANS","City","Cities from 250,000 thru 499,999",465828,1405,65,1470,228,304,532,1633,369,2002,4.3,"NEW ORLEANS POLICE DEPARTMENT                     ","New Orleans Police Department"
"4072",1999,"LA0510200","Franklin",NA,"LA","West South Central","South","ST MARY","City","Cities from 2,500 thru 9,999",8599,18,1,19,8,2,10,26,3,29,3.37,"FRANKLIN POLICE DEPARTMENT                        ","Franklin Police Department"
"4073",1999,"LA0630100","St. Francisville",NA,"LA","West South Central","South","WEST FELICIANA","City","Cities under 2,500",1751,6,0,6,0,1,1,6,1,7,4,"ST. FRANCISVILLE POLICE DEPARTMENT                ","St. Francisville Police Department"
"4074",1999,"LALSP0000","State Police",NA,"LA","West South Central","South","UNMAPPED COUNTY","State Police","Non-MSA counties under 10,000",0,1086,114,1200,36,312,348,1122,426,1548,NA,"LOUISIANA STATE POLICE                            ","Louisiana State Police"
"4075",1999,"LA0580000","Vernon",NA,"LA","West South Central","South","VERNON","County","Non-MSA counties from 25,000 thru 99,999",44025,103,1,104,35,0,35,138,1,139,3.16,"VERNON PARISH SHERIFF'S OFFICE                    ","Vernon Parish Sheriff's Office"
"4076",1999,"LA0530500","Independence",NA,"LA","West South Central","South","TANGIPAHOA","City","Cities under 2,500",1739,5,1,6,0,0,0,5,1,6,3.45,"INDEPENDENCE POLICE DEPARTMENT                    ","Independence Police Department"
"4077",1999,"LA0530900","Southeastern Louisiana University",NA,"LA","West South Central","South","TANGIPAHOA","University or College","Cities under 2,500",0,23,0,23,1,7,8,24,7,31,NA,"SOUTHEASTERN LOUISIANA UNIVERSITY POLICE          ","Southeastern Louisiana University Police"
"4078",1999,"LA0570500","Gueydan",NA,"LA","West South Central","South","VERMILION","City","Cities under 2,500",1721,4,4,8,0,0,0,4,4,8,4.65,"GUEYDAN POLICE DEPT                               ","Gueydan Police Police Department"
"4079",1999,"LA0510100","Berwick",NA,"LA","West South Central","South","ST MARY","City","Cities from 2,500 thru 9,999",4313,10,0,10,3,0,3,13,0,13,3.01,"BERWICK POLICE DEPARTMENT                         ","Berwick Police Department"
"4080",1999,"LA0100400","Vinton",NA,"LA","West South Central","South","CALCASIEU","City","Cities from 2,500 thru 9,999",3153,10,0,10,2,0,2,12,0,12,3.81,"VINTON POLICE DEPARTMENT                          ","Vinton Police Department"
"4081",1999,"LA0370000","Ouachita",NA,"LA","West South Central","South","OUACHITA","County","MSA counties from 25,000 thru 99,999",77138,213,3,216,59,19,78,272,22,294,3.81,"OUACHITA PARISH SHERIFF'S OFFICE                  ","Ouachita Parish Sheriff's Office"
"4082",1999,"LA0300100","Jena",NA,"LA","West South Central","South","LA SALLE","City","Cities from 2,500 thru 9,999",2587,5,0,5,0,0,0,5,0,5,1.93,"JENA POLICE DEPARTMENT                            ","Jena Police Department"
"4083",1999,"LA0470000","St. James",NA,"LA","West South Central","South","ST JAMES","County","MSA counties from 10,000 thru 24,999",18596,39,28,67,7,27,34,46,55,101,5.43,"ST. JAMES PARISH SHERIFF'S OFFICE                 ","St. James Parish Sheriff's Office"
"4084",1999,"LA0510500","Baldwin",NA,"LA","West South Central","South","ST MARY","City","Cities under 2,500",2366,4,0,4,2,1,3,6,1,7,2.96,"BALDWIN POLICE DEPARTMENT                         ","Baldwin Police Department"
"4085",1999,"LA0610100","Port Allen",NA,"LA","West South Central","South","WEST BATON ROUGE","City","Cities from 2,500 thru 9,999",6032,18,0,18,4,0,4,22,0,22,3.65,"PORT ALLEN POLICE DEPARTMENT                      ","Port Allen Police Department"
"4086",1999,"LA0640000","Winn",NA,"LA","West South Central","South","WINN","County","Non-MSA counties from 10,000 thru 24,999",11341,28,2,30,4,3,7,32,5,37,3.26,"WINN PARISH SHERIFF'S OFFICE                      ","Winn Parish Sheriff's Office"
"4087",1999,"LA0540100","Newellton",NA,"LA","West South Central","South","TENSAS","City","Cities under 2,500",1510,1,0,1,1,0,1,2,0,2,1.32,"NEWELLTON POLICE DEPARTMENT                       ","Newellton Police Department"
"4088",1999,"LA0200200","Mamou",NA,"LA","West South Central","South","EVANGELINE","City","Cities from 2,500 thru 9,999",3370,9,1,10,4,3,7,13,4,17,5.04,"MAMOU POLICE DEPARTMENT                           ","Mamou Police Department"
"4089",1999,"LA0150000","Concordia",NA,"LA","West South Central","South","CONCORDIA","County","Non-MSA counties from 10,000 thru 24,999",15891,120,0,120,33,0,33,153,0,153,9.63,"CONCORDIA PARISH SHERIFF'S OFFICE                 ","Concordia Parish Sheriff's Office"
"4090",1999,"LA0490300","Arnaudville",NA,"LA","West South Central","South","ST LANDRY","City","Cities under 2,500",1457,5,0,5,0,1,1,5,1,6,4.12,"ARNAUDVILLE POLICE DEPARTMENT                     ","Arnaudville Police Department"
"4091",1999,"LA0550100","Houma",NA,"LA","West South Central","South","TERREBONNE","City","Cities from 25,000 thru 49,999",29985,51,0,51,9,16,25,60,16,76,2.53,"HOUMA POLICE DEPARTMENT                           ","Houma Police Department"
"4092",1999,"LA0240100","Maringouin",NA,"LA","West South Central","South","IBERVILLE","City","Cities under 2,500",1175,1,0,1,0,1,1,1,1,2,1.7,"MARINGOUIN POLICE DEPARTMENT                      ","Maringouin Police Department"
"4093",1999,"LA0070100","Arcadia",NA,"LA","West South Central","South","BIENVILLE","City","Cities from 2,500 thru 9,999",2926,6,0,6,1,0,1,7,0,7,2.39,"ARCADIA POLICE DEPARTMENT                         ","Arcadia Police Department"
"4094",1999,"LA0060000","Beauregard",NA,"LA","West South Central","South","BEAUREGARD","County","Non-MSA counties from 10,000 thru 24,999",21110,51,3,54,10,14,24,61,17,78,3.69,"BEAUREGARD PARISH SHERIFF'S OFFICE                ","Beauregard Parish Sheriff's Office"
"4095",1999,"LA0610200","Brusly",NA,"LA","West South Central","South","WEST BATON ROUGE","City","Cities under 2,500",1995,7,0,7,0,0,0,7,0,7,3.51,"BRUSLY POLICE DEPARTMENT                          ","Brusly Police Department"
"4096",1999,"LA0520300","Mandeville",NA,"LA","West South Central","South","ST TAMMANY","City","Cities from 2,500 thru 9,999",9012,27,2,29,9,7,16,36,9,45,4.99,"MANDEVILLE POLICE DEPARTMENT                      ","Mandeville Police Department"
"4097",1999,"LA0570200","Kaplan",NA,"LA","West South Central","South","VERMILION","City","Cities from 2,500 thru 9,999",4389,16,0,16,6,0,6,22,0,22,5.01,"KAPLAN POLICE DEPARTMENT                          ","Kaplan Police Department"
"4098",1999,"LA0290500","Thibodaux",NA,"LA","West South Central","South","LAFOURCHE","City","Cities from 10,000 thru 24,999",14185,42,4,46,8,4,12,50,8,58,4.09,"THIBODAUX POLICE DEPARTMENT                       ","Thibodaux Police Department"
"4099",1999,"LA0030300","Sorrento",NA,"LA","West South Central","South","ASCENSION","City","Cities under 2,500",1326,4,0,4,0,1,1,4,1,5,3.77,"SORRENTO POLICE DEPARTMENT                        ","Sorrento Police Department"
"4100",1999,"LA0130300","Harrisonburg",NA,"LA","West South Central","South","CATAHOULA","City","Cities under 2,500",441,3,0,3,0,0,0,3,0,3,6.8,"HARRISONBURG POLICE DEPARTMENT                    ","Harrisonburg Police Department"
"4101",1999,"LA0500300","Parks",NA,"LA","West South Central","South","ST MARTIN","City","Cities under 2,500",496,1,0,1,0,0,0,1,0,1,2.02,"PARKS POLICE DEPARTMENT                           ","Parks Police Department"
"4102",1999,"LA0570000","Vermilion",NA,"LA","West South Central","South","VERMILION","County","Non-MSA counties from 25,000 thru 99,999",33968,80,0,80,25,0,25,105,0,105,3.09,"VERMILION PARISH SHERIFF'S OFFICE                 ","Vermilion Parish Sheriff's Office"
"4103",1999,"LA0620100","Oak Grove",NA,"LA","West South Central","South","WEST CARROLL","City","Cities under 2,500",1953,6,0,6,0,0,0,6,0,6,3.07,"OAK GROVE POLICE DEPARTMENT                       ","Oak Grove Police Department"
"4104",1999,"LA0530800","Tickfaw",NA,"LA","West South Central","South","TANGIPAHOA","City","Cities under 2,500",593,4,0,4,1,0,1,5,0,5,8.43,"TICKFAW POLICE DEPARTMENT                         ","Tickfaw Police Department"
"4105",1999,"LA0430200","Zwolle",NA,"LA","West South Central","South","SABINE","City","Cities under 2,500",1862,4,0,4,1,0,1,5,0,5,2.69,"ZWOLLE POLICE DEPARTMENT                          ","Zwolle Police Department"
"4106",1999,"LA0370500","Richwood",NA,"LA","West South Central","South","OUACHITA","City","Cities under 2,500",1260,5,0,5,3,1,4,8,1,9,7.14,"RICHWOOD POLICE DEPARTMENT                        ","Richwood Police Department"
"4107",1999,"LA0600000","Webster",NA,"LA","West South Central","South","WEBSTER","County","MSA counties from 10,000 thru 24,999",21937,63,17,80,6,15,21,69,32,101,4.6,"WEBSTER PARISH SHERIFF'S OFFICE                   ","Webster Parish Sheriff's Office"
"4108",1999,"LA0370200","West Monroe",NA,"LA","West South Central","South","OUACHITA","City","Cities from 10,000 thru 24,999",13911,57,3,60,10,1,11,67,4,71,5.1,"WEST MONROE POLICE DEPARTMENT                     ","West Monroe Police Department"
"4109",1999,"LA0090000","Caddo",NA,"LA","West South Central","South","CADDO","County","MSA counties from 25,000 thru 99,999",48642,333,38,371,79,181,260,412,219,631,12.97,"CADDO PARISH SHERIFF'S OFFICE                     ","Caddo Parish Sheriff's Office"
"4110",1999,"LA0060100","De Ridder",NA,"LA","West South Central","South","BEAUREGARD","City","Cities from 10,000 thru 24,999",10888,20,0,20,6,1,7,26,1,27,2.48,"DERIDDER POLICE DEPARTMENT                        ","Deridder Police Department"
"4111",1999,"LA0250000","Jackson",NA,"LA","West South Central","South","JACKSON","County","Non-MSA counties from 10,000 thru 24,999",11466,28,0,28,5,0,5,33,0,33,2.88,"JACKSON PARISH SHERIFF'S OFFICE                   ","Jackson Parish Sheriff's Office"
"4112",1999,"LA0520100","Covington",NA,"LA","West South Central","South","ST TAMMANY","City","Cities from 2,500 thru 9,999",8683,29,0,29,2,8,10,31,8,39,4.49,"COVINGTON POLICE DEPARTMENT                       ","Covington Police Department"
"4113",1999,"LA0570400","Erath",NA,"LA","West South Central","South","VERMILION","City","Cities under 2,500",2360,7,0,7,3,0,3,10,0,10,4.24,"ERATH POLICE DEPARTMENT                           ","Erath Police Department"
"4114",1999,"LA0430000","Sabine",NA,"LA","West South Central","South","SABINE","County","Non-MSA counties from 10,000 thru 24,999",18941,48,0,48,20,0,20,68,0,68,3.59,"SABINE PARISH SHERIFF'S OFFICE                    ","Sabine Parish Sheriff's Office"
"4115",1999,"LA0420300","Mangham",NA,"LA","West South Central","South","RICHLAND","City","Cities under 2,500",578,2,0,2,0,0,0,2,0,2,3.46,"MANGHAM POLICE DEPARTMENT                         ","Mangham Police Department"
"4116",1999,"LA0310700","Louisiana Tech University",NA,"LA","West South Central","South","LINCOLN","University or College","Cities under 2,500",0,17,0,17,3,2,5,20,2,22,NA,"LOUISIANA TECH UNIVERSITY POLICE                  ","Louisiana Tech University Police"
"4117",1999,"LA0150100","Ferriday",NA,"LA","West South Central","South","CONCORDIA","City","Cities from 2,500 thru 9,999",3972,8,2,10,1,5,6,9,7,16,4.03,"FERRIDAY POLICE DEPARTMENT                        ","Ferriday Police Department"
"4118",1999,"LA0490100","Eunice",NA,"LA","West South Central","South","ACADIA, ST LANDRY","City","Cities from 10,000 thru 24,999",11120,28,1,29,3,6,9,31,7,38,3.42,"EUNICE POLICE DEPARTMENT                          ","Eunice Police Department"
"4119",1999,"LA0100800","McNeese State University",NA,"LA","West South Central","South","CALCASIEU","University or College","Cities under 2,500",0,10,3,13,1,2,3,11,5,16,NA,"MCNEESE STATE UNIVERSITY POLICE                   ","Mcneese State University Police"
"4120",1999,"LA0410000","Red River",NA,"LA","West South Central","South","RED RIVER","County","Non-MSA counties under 10,000",7380,30,1,31,9,2,11,39,3,42,5.69,"RED RIVER PARISH SHERIFF'S OFFICE                 ","Red River Parish Sheriff's Office"
"4121",1999,"LA0361200","Southern University and A&M College:","New Orleans","LA","West South Central","South","ORLEANS","University or College","Cities under 2,500",0,9,0,9,2,0,2,11,0,11,NA,"SOUTHERN UNIV PD NEW ORLEANS                      ","Southern Univ Police Department New Orleans"
"4122",1999,"LA0370900","Tensas Basin Levee District",NA,"LA","West South Central","South","OUACHITA","Other State Agency","Cities under 2,500",0,2,0,2,0,1,1,2,1,3,NA,"TENSAS BASIN LEVEE DISTRICT POLICE                ","Tensas Basin Levee District Police"
"4123",1999,"LA0520700","Folsom",NA,"LA","West South Central","South","ST TAMMANY","City","Cities under 2,500",563,3,0,3,0,1,1,3,1,4,7.1,"FOLSOM POLICE DEPARTMENT                          ","Folsom Police Department"
"4124",1999,"LA0280300","Lafayette",NA,"LA","West South Central","South","LAFAYETTE","City","Cities from 100,000 thru 249,999",113695,218,15,233,18,55,73,236,70,306,2.69,"LAFAYETTE POLICE DEPARTMENT                       ","Lafayette Police Department"
"4125",1999,"LA0610000","West Baton Rouge",NA,"LA","West South Central","South","WEST BATON ROUGE","County","MSA counties from 10,000 thru 24,999",11367,110,0,110,17,35,52,127,35,162,14.25,"WEST BATON ROUGE PARISH SHERIFF'S OFFICE          ","West Baton Rouge Parish Sheriff's Office"
"4126",1999,"LA0270300","Lake Arthur",NA,"LA","West South Central","South","JEFFERSON DAVIS","City","Cities from 2,500 thru 9,999",3117,7,0,7,4,0,4,11,0,11,3.53,"LAKE ARTHUR POLICE DEPARTMENT                     ","Lake Arthur Police Department"
"4127",1999,"LA0510400","Patterson",NA,"LA","West South Central","South","ST MARY","City","Cities from 2,500 thru 9,999",5377,10,1,11,5,0,5,15,1,16,2.98,"PATTERSON POLICE DEPARTMENT                       ","Patterson Police Department"
"4128",1999,"LA0400000","Rapides",NA,"LA","West South Central","South","RAPIDES","County","MSA counties from 25,000 thru 99,999",58996,276,34,310,39,54,93,315,88,403,6.83,"RAPIDES PARISH SHERIFF'S OFFICE                   ","Rapides Parish Sheriff's Office"
"4129",1999,"LA0400700","Woodworth",NA,"LA","West South Central","South","RAPIDES","City","Cities under 2,500",756,3,0,3,0,1,1,3,1,4,5.29,"WOODWORTH POLICE DEPARTMENT                       ","Woodworth Police Department"
"4130",1999,"LA0050300","Simmesport",NA,"LA","West South Central","South","AVOYELLES","City","Cities under 2,500",2093,6,1,7,0,0,0,6,1,7,3.34,"SIMMESPORT POLICE DEPT.                           ","Simmesport Police Police Department"
"4131",1999,"LA0180100","Lake Providence",NA,"LA","West South Central","South","EAST CARROLL","City","Cities from 2,500 thru 9,999",4810,6,0,6,5,0,5,11,0,11,2.29,"LAKE PROVIDENCE POLICE DEPARTMENT                 ","Lake Providence Police Department"
"4132",1999,"LA0430100","Many",NA,"LA","West South Central","South","SABINE","City","Cities from 2,500 thru 9,999",3038,10,0,10,2,0,2,12,0,12,3.95,"MANY POLICE DEPARTMENT                            ","Many Police Department"
"4133",1999,"LA0080400","Haughton",NA,"LA","West South Central","South","BOSSIER","City","Cities under 2,500",1836,6,0,6,0,1,1,6,1,7,3.81,"HAUGHTON POLICE DEPARTMENT                        ","Haughton Police Department"
"4134",1999,"LA0010100","Crowley",NA,"LA","West South Central","South","ACADIA","City","Cities from 10,000 thru 24,999",13564,28,0,28,5,1,6,33,1,34,2.51,"CROWLEY POLICE DEPARTMENT                         ","Crowley Police Department"
"4135",1999,"LA0500100","Breaux Bridge",NA,"LA","West South Central","South","ST MARTIN","City","Cities from 2,500 thru 9,999",6918,15,0,15,7,0,7,22,0,22,3.18,"BREAUX BRIDGE POLICE DEPARTMENT                   ","Breaux Bridge Police Department"
"4136",1999,"LA0460000","St. Helena",NA,"LA","West South Central","South","ST HELENA","County","Non-MSA counties under 10,000",9587,19,0,19,0,10,10,19,10,29,3.02,"ST. HELENA PARISH SHERIFF'S OFFICE                ","St. Helena Parish Sheriff's Office"
"4137",1999,"LA0610300","Addis",NA,"LA","West South Central","South","WEST BATON ROUGE","City","Cities under 2,500",1304,5,0,5,0,0,0,5,0,5,3.83,"ADDIS POLICE DEPARTMENT                           ","Addis Police Department"
"4138",1999,"LA0340400","Collinston",NA,"LA","West South Central","South","MOREHOUSE","City","Cities under 2,500",361,1,0,1,0,0,0,1,0,1,2.77,"COLLINSTON POLICE DEPT                            ","Collinston Police Police Department"
"4139",1999,"LA0170400","Louisiana State University:","Baton Rouge","LA","West South Central","South","EAST BATON ROUGE","University or College","Cities under 2,500",0,57,0,57,9,2,11,66,2,68,NA,"LOUISIANA STATE UNIVERSITY POLICE DEPARTMENT      ","Louisiana State University Police Department"
"4140",1999,"LA0280500","Youngsville",NA,"LA","West South Central","South","LAFAYETTE","City","Cities under 2,500",1841,7,0,7,0,1,1,7,1,8,4.35,"YOUNGSVILLE POLICE DEPARTMENT                     ","Youngsville Police Department"
"4141",1999,"LA0340100","Bastrop",NA,"LA","West South Central","South","MOREHOUSE","City","Cities from 10,000 thru 24,999",13525,28,0,28,16,4,20,44,4,48,3.55,"BASTROP POLICE DEPARTMENT                         ","Bastrop Police Department"
"4142",1999,"LA0240200","Plaquemine",NA,"LA","West South Central","South","IBERVILLE","City","Cities from 2,500 thru 9,999",6316,24,0,24,7,4,11,31,4,35,5.54,"PLAQUEMINE POLICE DEPARTMENT                      ","Plaquemine Police Department"
"4143",1999,"LA0190000","East Feliciana",NA,"LA","West South Central","South","EAST FELICIANA","County","Non-MSA counties from 10,000 thru 24,999",14456,19,7,26,0,20,20,19,27,46,3.18,"EAST FELICIANA PARISH SHERIFF'S OFFICE            ","East Feliciana Parish Sheriff's Office"
"4144",1999,"LA0290300","Lockport",NA,"LA","West South Central","South","LAFOURCHE","City","Cities from 2,500 thru 9,999",2509,5,0,5,0,0,0,5,0,5,1.99,"LOCKPORT POLICE DEPARTMENT                        ","Lockport Police Department"
"4145",1999,"LA0250100","Jonesboro",NA,"LA","West South Central","South","JACKSON","City","Cities from 2,500 thru 9,999",4111,9,1,10,3,1,4,12,2,14,3.41,"JONESBORO POLICE DEPARTMENT                       ","Jonesboro Police Department"
"4146",1999,"LA0170600","Southern University and A&M College:","Baton Rouge","LA","West South Central","South","EAST BATON ROUGE","University or College","Cities under 2,500",0,29,3,32,4,4,8,33,7,40,NA,"SOUTHERN UNIVERSITY AND A & M COLLEGE POLICE      ","Southern University And A & M College Police"
"4147",1999,"LA0020200","Oakdale",NA,"LA","West South Central","South","ALLEN","City","Cities from 2,500 thru 9,999",7774,15,1,16,1,5,6,16,6,22,2.83,"OAKDALE POLICE DEPARTMENT                         ","Oakdale Police Department"
"4148",1999,"LA0590200","Franklinton",NA,"LA","West South Central","South","WASHINGTON","City","Cities from 2,500 thru 9,999",3990,12,0,12,2,0,2,14,0,14,3.51,"FRANKLINTON POLICE DEPARTMENT                     ","Franklinton Police Department"
"4149",1999,"LA0020300","Oberlin",NA,"LA","West South Central","South","ALLEN","City","Cities under 2,500",1815,6,0,6,0,0,0,6,0,6,3.31,"OBERLIN POLICE DEPARTMENT                         ","Oberlin Police Department"
"4150",1999,"LA0580100","Leesville",NA,"LA","West South Central","South","VERNON","City","Cities from 2,500 thru 9,999",5537,20,0,20,10,0,10,30,0,30,5.42,"LEESVILLE POLICE DEPARTMENT                       ","Leesville Police Department"
"4151",1999,"LA0230400","Loreauville",NA,"LA","West South Central","South","IBERIA","City","Cities under 2,500",960,1,0,1,0,0,0,1,0,1,1.04,"LOREAUVILLE PD                                    ","Loreauville Police Department"
"4152",1999,"LA0260100","Gretna",NA,"LA","West South Central","South","JEFFERSON","City","Cities from 10,000 thru 24,999",16581,65,2,67,12,8,20,77,10,87,5.25,"GRETNA POLICE DEPARTMENT                          ","Gretna Police Department"
"4153",1999,"LA0310100","Dubach",NA,"LA","West South Central","South","LINCOLN","City","Cities under 2,500",851,3,0,3,0,0,0,3,0,3,3.53,"DUBACH POLICE DEPT                                ","Dubach Police Police Department"
"4154",1999,"LA0360200","Delgado Community College",NA,"LA","West South Central","South","ORLEANS","University or College","Cities under 2,500",0,18,1,19,2,5,7,20,6,26,NA,"DELGADO COMMUNITY COLLEGE POLICE                  ","Delgado Community College Police"
"4155",1999,"LA0220000","Grant",NA,"LA","West South Central","South","GRANT","County","Non-MSA counties from 10,000 thru 24,999",18647,35,0,35,9,0,9,44,0,44,2.36,"GRANT PARISH SHERIFF'S OFFICE                     ","Grant Parish Sheriff's Office"
"4156",1999,"LA0210100","Winnsboro",NA,"LA","West South Central","South","FRANKLIN","City","Cities from 2,500 thru 9,999",5540,8,1,9,1,1,2,9,2,11,1.99,"WINNSBORO POLICE DEPARTMENT                       ","Winnsboro Police Department"
"4157",1999,"LA0050200","Marksville",NA,"LA","West South Central","South","AVOYELLES","City","Cities from 2,500 thru 9,999",5431,15,0,15,2,4,6,17,4,21,3.87,"MARKSVILLE POLICE DEPARTMENT                      ","Marksville Police Department"
"4158",1999,"LA0070200","Gibsland",NA,"LA","West South Central","South","BIENVILLE","City","Cities under 2,500",1205,2,0,2,0,0,0,2,0,2,1.66,"GIBSLAND POLICE DEPT                              ","Gibsland Police Police Department"
"4159",1999,"LA0080100","Bossier City",NA,"LA","West South Central","South","BOSSIER","City","Cities from 50,000 thru 99,999",56677,136,17,153,8,35,43,144,52,196,3.46,"BOSSIER CITY POLICE DEPT                          ","Bossier City Police Police Department"
"4160",1999,"LA0240000","Iberville",NA,"LA","West South Central","South","IBERVILLE","County","Non-MSA counties from 10,000 thru 24,999",17209,76,29,105,4,44,48,80,73,153,8.89,"IBERVILLE PARISH SHERIFF'S OFFICE                 ","Iberville Parish Sheriff's Office"
"4161",1999,"LA0280400","Duson",NA,"LA","West South Central","South","LAFAYETTE","City","Cities under 2,500",1373,4,0,4,0,0,0,4,0,4,2.91,"DUSON POLICE DEPARTMENT                           ","Duson Police Department"
"4162",1999,"LA0010400","Iota",NA,"LA","West South Central","South","ACADIA","City","Cities under 2,500",1342,3,0,3,0,0,0,3,0,3,2.24,"IOTA POLICE DEPARTMENT                            ","Iota Police Department"
"4163",1999,"LA0010200","Rayne",NA,"LA","West South Central","South","ACADIA","City","Cities from 2,500 thru 9,999",8465,21,1,22,3,0,3,24,1,25,2.95,"RAYNE POLICE DEPARTMENT                           ","Rayne Police Department"
"4164",1999,"LA0280700","University of Louisiana:","Lafayette","LA","West South Central","South","LAFAYETTE","University or College","Cities under 2,500",0,17,1,18,4,2,6,21,3,24,NA,"UNIVERSITY OF LOUISIANA AT LAFAYETTE POLICE       ","University Of Louisiana At Lafayette Police"
"4165",1999,"LA0401000","Ball",NA,"LA","West South Central","South","RAPIDES","City","Cities from 2,500 thru 9,999",3212,4,0,4,0,1,1,4,1,5,1.56,"BALL POLICE DEPARTMENT                            ","Ball Police Department"
"4166",1999,"LA0320600","Port Vincent",NA,"LA","West South Central","South","LIVINGSTON","City","Cities under 2,500",551,3,0,3,0,0,0,3,0,3,5.44,"PORT VINCENT POLICE DEPT.                         ","Port Vincent Police Police Department"
"4167",1999,"LA0320100","Denham Springs",NA,"LA","West South Central","South","LIVINGSTON","City","Cities from 2,500 thru 9,999",9116,23,4,27,0,12,12,23,16,39,4.28,"DENHAM SPRINGS POLICE DEPARTMENT                  ","Denham Springs Police Department"
"4168",1999,"LA0530300","Ponchatoula",NA,"LA","West South Central","South","TANGIPAHOA","City","Cities from 2,500 thru 9,999",5924,17,1,18,1,3,4,18,4,22,3.71,"PONCHATOULA POLICE DEPARTMENT                     ","Ponchatoula Police Department"
"4169",1999,"LA0550000","Terrebonne",NA,"LA","West South Central","South","TERREBONNE","County","MSA counties from 25,000 thru 99,999",74622,214,0,214,87,0,87,301,0,301,4.03,"TERREBONNE PARISH SHERIFF'S OFFICE                ","Terrebonne Parish Sheriff's Office"
"4170",1998,"LA0310300","Grambling",NA,"LA","West South Central","South","LINCOLN","City","Cities from 2,500 thru 9,999",5645,13,0,13,1,5,6,14,5,19,3.37,"GRAMBLING POLICE DEPARTMENT                       ","Grambling Police Department"
"4171",1998,"LA0330000","Madison",NA,"LA","West South Central","South","MADISON","County","Non-MSA counties under 10,000",4066,55,0,55,9,0,9,64,0,64,15.74,"MADISON PARISH SHERIFF'S OFFICE                   ","Madison Parish Sheriff's Office"
"4172",1998,"LA0270000","Jefferson Davis",NA,"LA","West South Central","South","JEFFERSON DAVIS","County","Non-MSA counties from 10,000 thru 24,999",11725,33,0,33,17,0,17,50,0,50,4.26,"JEFFERSON DAVIS PARISH SHERIFF'S OFFICE           ","Jefferson Davis Parish Sheriff's Office"
"4173",1998,"LA0590200","Franklinton",NA,"LA","West South Central","South","WASHINGTON","City","Cities from 2,500 thru 9,999",4062,12,0,12,2,0,2,14,0,14,3.45,"FRANKLINTON POLICE DEPARTMENT                     ","Franklinton Police Department"
"4174",1998,"LA0580100","Leesville",NA,"LA","West South Central","South","VERNON","City","Cities from 2,500 thru 9,999",5671,19,0,19,8,0,8,27,0,27,4.76,"LEESVILLE POLICE DEPARTMENT                       ","Leesville Police Department"
"4175",1998,"LA0610200","Brusly",NA,"LA","West South Central","South","WEST BATON ROUGE","City","Cities under 2,500",1983,6,0,6,0,0,0,6,0,6,3.03,"BRUSLY POLICE DEPARTMENT                          ","Brusly Police Department"
"4176",1998,"LA0570200","Kaplan",NA,"LA","West South Central","South","VERMILION","City","Cities from 2,500 thru 9,999",4465,12,0,12,5,0,5,17,0,17,3.81,"KAPLAN POLICE DEPARTMENT                          ","Kaplan Police Department"
"4177",1998,"LA0520300","Mandeville",NA,"LA","West South Central","South","ST TAMMANY","City","Cities from 2,500 thru 9,999",9002,29,2,31,7,6,13,36,8,44,4.89,"MANDEVILLE POLICE DEPARTMENT                      ","Mandeville Police Department"
"4178",1998,"LA0350000","Natchitoches",NA,"LA","West South Central","South","NATCHITOCHES","County","Non-MSA counties from 10,000 thru 24,999",20098,45,1,46,12,6,18,57,7,64,3.18,"NATCHITOCHES PARISH SHERIFF'S OFFICE              ","Natchitoches Parish Sheriff's Office"
"4179",1998,"LA0370400","University of Louisiana:","Monroe","LA","West South Central","South","OUACHITA","University or College","Cities under 2,500",0,17,1,18,1,4,5,18,5,23,NA,"UNIVERSITY OF LOUISIANA - MONROE POLICE           ","University Of Louisiana - Monroe Police"
"4180",1998,"LA0130100","Jonesville",NA,"LA","West South Central","South","CATAHOULA","City","Cities from 2,500 thru 9,999",2724,8,8,16,1,1,2,9,9,18,6.61,"JONESVILLE POLICE DEPARTMENT                      ","Jonesville Police Department"
"4181",1998,"LA0280000","Lafayette",NA,"LA","West South Central","South","LAFAYETTE","County","MSA counties from 25,000 thru 99,999",70842,387,0,387,117,0,117,504,0,504,7.11,"LAFAYETTE PARISH SHERIFF'S OFFICE                 ","Lafayette Parish Sheriff's Office"
"4182",1998,"LA0200200","Mamou",NA,"LA","West South Central","South","EVANGELINE","City","Cities from 2,500 thru 9,999",3487,11,0,11,1,6,7,12,6,18,5.16,"MAMOU POLICE DEPARTMENT                           ","Mamou Police Department"
"4183",1998,"LA0320000","Livingston",NA,"LA","West South Central","South","LIVINGSTON","County","MSA counties from 25,000 thru 99,999",75811,83,0,83,43,0,43,126,0,126,1.66,"LIVINGSTON PARISH SHERIFF'S OFFICE                ","Livingston Parish Sheriff's Office"
"4184",1998,"LA0390100","New Roads",NA,"LA","West South Central","South","POINTE COUPEE","City","Cities from 2,500 thru 9,999",5413,14,1,15,1,3,4,15,4,19,3.51,"NEW ROADS POLICE DEPARTMENT                       ","New Roads Police Department"
"4185",1998,"LA0490200","Opelousas",NA,"LA","West South Central","South","ST LANDRY","City","Cities from 10,000 thru 24,999",19325,41,1,42,4,8,12,45,9,54,2.79,"OPELOUSAS POLICE DEPARTMENT                       ","Opelousas Police Department"
"4186",1998,"LA0370300","Sterlington",NA,"LA","West South Central","South","OUACHITA","City","Cities under 2,500",1160,5,0,5,0,0,0,5,0,5,4.31,"STERLINGTON POLICE DEPARTMENT                     ","Sterlington Police Department"
"4187",1998,"LA0600400","Cullen",NA,"LA","West South Central","South","WEBSTER","City","Cities under 2,500",1626,4,0,4,1,0,1,5,0,5,3.08,"CULLEN POLICE DEPARTMENT                          ","Cullen Police Department"
"4188",1998,"LA0120000","Cameron",NA,"LA","West South Central","South","CAMERON","County","Non-MSA counties under 10,000",9047,49,5,54,0,10,10,49,15,64,7.07,"CAMERON PARISH SHERIFF'S OFFICE                   ","Cameron Parish Sheriff's Office"
"4189",1998,"LA0590100","Bogalusa",NA,"LA","West South Central","South","WASHINGTON","City","Cities from 10,000 thru 24,999",13915,41,3,44,3,8,11,44,11,55,3.95,"BOGALUSA POLICE DEPARTMENT                        ","Bogalusa Police Department"
"4190",1998,"LA0580200","New Llano",NA,"LA","West South Central","South","VERNON","City","Cities under 2,500",2248,7,0,7,1,0,1,8,0,8,3.56,"NEW LLANO POLICE DEPARTMENT                       ","New Llano Police Department"
"4191",1998,"LA0590000","Washington",NA,"LA","West South Central","South","WASHINGTON","County","Non-MSA counties from 25,000 thru 99,999",25278,70,5,75,4,15,19,74,20,94,3.72,"WASHINGTON PARISH SHERIFF'S OFFICE                ","Washington Parish Sheriff's Office"
"4192",1998,"LA0510500","Baldwin",NA,"LA","West South Central","South","ST MARY","City","Cities under 2,500",2386,4,0,4,2,1,3,6,1,7,2.93,"BALDWIN POLICE DEPARTMENT                         ","Baldwin Police Department"
"4193",1998,"LA0290000","Lafourche",NA,"LA","West South Central","South","LAFOURCHE","County","MSA counties from 25,000 thru 99,999",69677,143,14,157,24,41,65,167,55,222,3.19,"LAFOURCHE PARISH SHERIFF'S OFFICE                 ","Lafourche Parish Sheriff's Office"
"4194",1998,"LA0360300","University of New Orleans",NA,"LA","West South Central","South","ORLEANS","University or College","Cities under 2,500",0,21,1,22,2,4,6,23,5,28,NA,"UNIVERSITY OF NEW ORLEANS POLICE DEPT.            ","University Of New Orleans Police Police Department"
"4195",1998,"LA0340000","Morehouse",NA,"LA","West South Central","South","MOREHOUSE","County","Non-MSA counties from 10,000 thru 24,999",17721,35,62,97,6,40,46,41,102,143,8.07,"MOREHOUSE PARISH SHERIFF'S OFFICE                 ","Morehouse Parish Sheriff's Office"
"4196",1998,"LA0610100","Port Allen",NA,"LA","West South Central","South","WEST BATON ROUGE","City","Cities from 2,500 thru 9,999",6189,18,0,18,0,4,4,18,4,22,3.55,"PORT ALLEN POLICE DEPARTMENT                      ","Port Allen Police Department"
"4197",1998,"LA0540100","Newellton",NA,"LA","West South Central","South","TENSAS","City","Cities under 2,500",1563,2,0,2,0,0,0,2,0,2,1.28,"NEWELLTON POLICE DEPARTMENT                       ","Newellton Police Department"
"4198",1998,"LA0640000","Winn",NA,"LA","West South Central","South","WINN","County","Non-MSA counties from 10,000 thru 24,999",11644,22,10,32,1,5,6,23,15,38,3.26,"WINN PARISH SHERIFF'S OFFICE                      ","Winn Parish Sheriff's Office"
"4199",1998,"LA0030300","Sorrento",NA,"LA","West South Central","South","ASCENSION","City","Cities under 2,500",1353,4,0,4,0,1,1,4,1,5,3.7,"SORRENTO POLICE DEPARTMENT                        ","Sorrento Police Department"
"4200",1998,"LA0290500","Thibodaux",NA,"LA","West South Central","South","LAFOURCHE","City","Cities from 10,000 thru 24,999",14156,39,6,45,9,4,13,48,10,58,4.1,"THIBODAUX POLICE DEPARTMENT                       ","Thibodaux Police Department"
"4201",1998,"LA0130300","Harrisonburg",NA,"LA","West South Central","South","CATAHOULA","City","Cities under 2,500",447,1,0,1,0,0,0,1,0,1,2.24,"HARRISONBURG POLICE DEPARTMENT                    ","Harrisonburg Police Department"
"4202",1998,"LA0170400","Louisiana State University:","Baton Rouge","LA","West South Central","South","EAST BATON ROUGE","University or College","Cities under 2,500",0,51,0,51,9,2,11,60,2,62,NA,"LOUISIANA STATE UNIVERSITY POLICE DEPARTMENT      ","Louisiana State University Police Department"
"4203",1998,"LA0340400","Collinston",NA,"LA","West South Central","South","MOREHOUSE","City","Cities under 2,500",371,2,0,2,0,0,0,2,0,2,5.39,"COLLINSTON POLICE DEPT                            ","Collinston Police Police Department"
"4204",1998,"LA0510000","St. Mary",NA,"LA","West South Central","South","ST MARY","County","Non-MSA counties from 10,000 thru 24,999",22404,84,8,92,29,18,47,113,26,139,6.2,"ST. MARY PARISH SHERIFF'S OFFICE                  ","St. Mary Parish Sheriff's Office"
"4205",1998,"LA0520600","Abita Springs",NA,"LA","West South Central","South","ST TAMMANY","City","Cities under 2,500",1697,6,0,6,0,1,1,6,1,7,4.12,"ABITA SPRINGS PD                                  ","Abita Springs Police Department"
"4206",1998,"LA0300100","Jena",NA,"LA","West South Central","South","LA SALLE","City","Cities from 2,500 thru 9,999",2627,5,0,5,0,0,0,5,0,5,1.9,"JENA POLICE DEPARTMENT                            ","Jena Police Department"
"4207",1998,"LA0470000","St. James",NA,"LA","West South Central","South","ST JAMES","County","MSA counties from 10,000 thru 24,999",14493,38,22,60,10,26,36,48,48,96,6.62,"ST. JAMES PARISH SHERIFF'S OFFICE                 ","St. James Parish Sheriff's Office"
"4208",1998,"LA0370000","Ouachita",NA,"LA","West South Central","South","OUACHITA","County","MSA counties from 25,000 thru 99,999",76179,216,0,216,81,12,93,297,12,309,4.06,"OUACHITA PARISH SHERIFF'S OFFICE                  ","Ouachita Parish Sheriff's Office"
"4209",1998,"LA0580000","Vernon",NA,"LA","West South Central","South","VERNON","County","Non-MSA counties from 25,000 thru 99,999",44115,98,0,98,34,0,34,132,0,132,2.99,"VERNON PARISH SHERIFF'S OFFICE                    ","Vernon Parish Sheriff's Office"
"4210",1998,"LA0530900","Southeastern Louisiana University",NA,"LA","West South Central","South","TANGIPAHOA","University or College","Cities under 2,500",0,22,1,23,2,6,8,24,7,31,NA,"SOUTHEASTERN LOUISIANA UNIVERSITY POLICE          ","Southeastern Louisiana University Police"
"4211",1998,"LA0570500","Gueydan",NA,"LA","West South Central","South","VERMILION","City","Cities under 2,500",1712,4,0,4,0,0,0,4,0,4,2.34,"GUEYDAN POLICE DEPT                               ","Gueydan Police Police Department"
"4212",1998,"LA0530500","Independence",NA,"LA","West South Central","South","TANGIPAHOA","City","Cities under 2,500",1744,5,0,5,0,1,1,5,1,6,3.44,"INDEPENDENCE POLICE DEPARTMENT                    ","Independence Police Department"
"4213",1998,"LA0510100","Berwick",NA,"LA","West South Central","South","ST MARY","City","Cities from 2,500 thru 9,999",4327,10,0,10,3,0,3,13,0,13,3,"BERWICK POLICE DEPARTMENT                         ","Berwick Police Department"
"4214",1998,"LA0490300","Arnaudville",NA,"LA","West South Central","South","ST LANDRY","City","Cities under 2,500",1539,5,0,5,0,0,0,5,0,5,3.25,"ARNAUDVILLE POLICE DEPARTMENT                     ","Arnaudville Police Department"
"4215",1998,"LA0400100","Alexandria",NA,"LA","West South Central","South","RAPIDES","City","Cities from 25,000 thru 49,999",46402,145,3,148,8,29,37,153,32,185,3.99,"ALEXANDRIA POLICE DEPARTMENT                      ","Alexandria Police Department"
"4216",1998,"LA0550100","Houma",NA,"LA","West South Central","South","TERREBONNE","City","Cities from 25,000 thru 49,999",30653,50,1,51,7,16,23,57,17,74,2.41,"HOUMA POLICE DEPARTMENT                           ","Houma Police Department"
"4217",1998,"LA0310200","Ruston",NA,"LA","West South Central","South","LINCOLN","City","Cities from 10,000 thru 24,999",19869,40,1,41,1,6,7,41,7,48,2.42,"RUSTON POLICE DEPARTMENT                          ","Ruston Police Department"
"4218",1998,"LA0260500","Grand Isle",NA,"LA","West South Central","South","JEFFERSON","City","Cities under 2,500",1539,4,0,4,5,0,5,9,0,9,5.85,"GRAND ISLE POLICE DEPARTMENT                      ","Grand Isle Police Department"
"4219",1998,"LALSP0000","State Police",NA,"LA","West South Central","South","UNMAPPED COUNTY","State Police","Non-MSA counties under 10,000",0,940,232,1172,23,299,322,963,531,1494,NA,"LOUISIANA STATE POLICE                            ","Louisiana State Police"
"4220",1998,"LA0510200","Franklin",NA,"LA","West South Central","South","ST MARY","City","Cities from 2,500 thru 9,999",8769,17,0,17,12,2,14,29,2,31,3.54,"FRANKLIN POLICE DEPARTMENT                        ","Franklin Police Department"
"4221",1998,"LA0100400","Vinton",NA,"LA","West South Central","South","CALCASIEU","City","Cities from 2,500 thru 9,999",3221,11,0,11,2,0,2,13,0,13,4.04,"VINTON POLICE DEPARTMENT                          ","Vinton Police Department"
"4222",1998,"LA0630100","St. Francisville",NA,"LA","West South Central","South","WEST FELICIANA","City","Cities under 2,500",1752,6,0,6,1,1,2,7,1,8,4.57,"ST. FRANCISVILLE POLICE DEPARTMENT                ","St. Francisville Police Department"
"4223",1998,"LA0040000","Assumption",NA,"LA","West South Central","South","ASSUMPTION","County","Non-MSA counties from 10,000 thru 24,999",22952,32,6,38,1,18,19,33,24,57,2.48,"ASSUMPTION PARISH SHERIFF'S OFFICE                ","Assumption Parish Sheriff's Office"
"4224",1998,"LA0270400","Welsh",NA,"LA","West South Central","South","JEFFERSON DAVIS","City","Cities from 2,500 thru 9,999",3347,7,0,7,4,0,4,11,0,11,3.29,"WELSH POLICE DEPARTMENT                           ","Welsh Police Department"
"4225",1998,"LA0260300","Kenner",NA,"LA","West South Central","South","JEFFERSON","City","Cities from 50,000 thru 99,999",72263,132,24,156,10,41,51,142,65,207,2.86,"KENNER POLICE DEPARTMENT                          ","Kenner Police Department"
"4226",1998,"LA0200000","Evangeline",NA,"LA","West South Central","South","EVANGELINE","County","Non-MSA counties from 10,000 thru 24,999",21750,21,17,38,1,21,22,22,38,60,2.76,"EVANGELINE PARISH SHERIFF'S OFFICE                ","Evangeline Parish Sheriff's Office"
"4227",1998,"LA0150200","Vidalia",NA,"LA","West South Central","South","CONCORDIA","City","Cities from 2,500 thru 9,999",4905,13,0,13,3,4,7,16,4,20,4.08,"VIDALIA POLICE DEPARTMENT                         ","Vidalia Police Department"
"4228",1998,"LA0130000","Catahoula",NA,"LA","West South Central","South","CATAHOULA","County","Non-MSA counties under 10,000",7935,35,1,36,4,5,9,39,6,45,5.67,"CATAHOULA PARISH SHERIFF'S OFFICE                 ","Catahoula Parish Sheriff's Office"
"4229",1998,"LA0280400","Duson",NA,"LA","West South Central","South","LAFAYETTE","City","Cities under 2,500",1562,4,0,4,0,0,0,4,0,4,2.56,"DUSON POLICE DEPARTMENT                           ","Duson Police Department"
"4230",1998,"LA0240000","Iberville",NA,"LA","West South Central","South","IBERVILLE","County","Non-MSA counties from 10,000 thru 24,999",19573,88,15,103,15,33,48,103,48,151,7.71,"IBERVILLE PARISH SHERIFF'S OFFICE                 ","Iberville Parish Sheriff's Office"
"4231",1998,"LA0030200","Gonzales",NA,"LA","West South Central","South","ASCENSION","City","Cities from 2,500 thru 9,999",8597,23,0,23,7,0,7,30,0,30,3.49,"GONZALES POLICE DEPARTMENT                        ","Gonzales Police Department"
"4232",1998,"LA0100200","Lake Charles",NA,"LA","West South Central","South","CALCASIEU","City","Cities from 50,000 thru 99,999",72038,142,1,143,26,1,27,168,2,170,2.36,"LAKE CHARLES POLICE DEPARTMENT                    ","Lake Charles Police Department"
"4233",1998,"LA0240600","St. Gabriel",NA,"LA","West South Central","South","IBERVILLE","City","Cities from 2,500 thru 9,999",3915,1,0,1,0,1,1,1,1,2,0.51,"ST. GABRIEL POLICE DEPARTMENT                     ","St. Gabriel Police Department"
"4234",1998,"LANPD0000","New Orleans",NA,"LA","West South Central","South","ORLEANS","City","Cities from 250,000 thru 499,999",471157,1408,63,1471,227,298,525,1635,361,1996,4.24,"NEW ORLEANS POLICE DEPARTMENT                     ","New Orleans Police Department"
"4235",1998,"LA0050000","Avoyelles",NA,"LA","West South Central","South","AVOYELLES","County","Non-MSA counties from 25,000 thru 99,999",26322,163,0,163,75,0,75,238,0,238,9.04,"AVOYELLES PARISH SHERIFF'S OFFICE                 ","Avoyelles Parish Sheriff's Office"
"4236",1998,"LA0351000","Northwestern State University",NA,"LA","West South Central","South","NATCHITOCHES","University or College","Cities under 2,500",0,12,0,12,2,1,3,14,1,15,NA,"NORTHWESTERN STATE UNIVERSITY OF LOUISIANA POLICE ","Northwestern State University Of Louisiana Police"
"4237",1998,"LA0270200","Jennings",NA,"LA","West South Central","South","JEFFERSON DAVIS","City","Cities from 10,000 thru 24,999",11508,22,5,27,8,3,11,30,8,38,3.3,"JENNINGS POLICE DEPARTMENT                        ","Jennings Police Department"
"4238",1998,"LA0450000","St. Charles",NA,"LA","West South Central","South","ST CHARLES","County","MSA counties from 25,000 thru 99,999",47890,147,11,158,24,81,105,171,92,263,5.49,"ST. CHARLES PARISH SHERIFF'S OFFICE               ","St. Charles Parish Sheriff's Office"
"4239",1998,"LA0400200","Pineville",NA,"LA","West South Central","South","RAPIDES","City","Cities from 10,000 thru 24,999",14424,38,1,39,0,6,6,38,7,45,3.12,"PINEVILLE POLICE DEPARTMENT                       ","Pineville Police Department"
"4240",1998,"LA0100100","De Quincy",NA,"LA","West South Central","South","CALCASIEU","City","Cities from 2,500 thru 9,999",3773,11,0,11,2,0,2,13,0,13,3.45,"DEQUINCY POLICE DEPARTMENT                        ","Dequincy Police Department"
"4241",1998,"LA0600000","Webster",NA,"LA","West South Central","South","WEBSTER","County","MSA counties from 10,000 thru 24,999",21941,32,42,74,2,21,23,34,63,97,4.42,"WEBSTER PARISH SHERIFF'S OFFICE                   ","Webster Parish Sheriff's Office"
"4242",1998,"LA0140100","Haynesville",NA,"LA","West South Central","South","CLAIBORNE","City","Cities from 2,500 thru 9,999",2724,7,0,7,0,0,0,7,0,7,2.57,"HAYNESVILLE POLICE DEPT                           ","Haynesville Police Police Department"
"4243",1998,"LA0170200","Baton Rouge",NA,"LA","West South Central","South","EAST BATON ROUGE","City","Cities from 100,000 thru 249,999",216216,544,4,548,119,100,219,663,104,767,3.55,"BATON ROUGE POLICE DEPARTMENT                     ","Baton Rouge Police Department"
"4244",1998,"LA0060100","De Ridder",NA,"LA","West South Central","South","BEAUREGARD","City","Cities from 10,000 thru 24,999",11199,20,0,20,6,1,7,26,1,27,2.41,"DERIDDER POLICE DEPARTMENT                        ","Deridder Police Department"
"4245",1998,"LA0430200","Zwolle",NA,"LA","West South Central","South","SABINE","City","Cities under 2,500",1753,4,0,4,0,1,1,4,1,5,2.85,"ZWOLLE POLICE DEPARTMENT                          ","Zwolle Police Department"
"4246",1998,"LA0370500","Richwood",NA,"LA","West South Central","South","OUACHITA","City","Cities under 2,500",1259,6,0,6,2,1,3,8,1,9,7.15,"RICHWOOD POLICE DEPARTMENT                        ","Richwood Police Department"
"4247",1998,"LA0370200","West Monroe",NA,"LA","West South Central","South","OUACHITA","City","Cities from 10,000 thru 24,999",14149,54,2,56,11,2,13,65,4,69,4.88,"WEST MONROE POLICE DEPARTMENT                     ","West Monroe Police Department"
"4248",1998,"LA0090000","Caddo",NA,"LA","West South Central","South","CADDO","County","MSA counties from 25,000 thru 99,999",47734,301,62,363,74,187,261,375,249,624,13.07,"CADDO PARISH SHERIFF'S OFFICE                     ","Caddo Parish Sheriff's Office"
"4249",1998,"LA0250000","Jackson",NA,"LA","West South Central","South","JACKSON","County","Non-MSA counties from 10,000 thru 24,999",11292,25,0,25,5,0,5,30,0,30,2.66,"JACKSON PARISH SHERIFF'S OFFICE                   ","Jackson Parish Sheriff's Office"
"4250",1998,"LA0230200","Jeanerette",NA,"LA","West South Central","South","IBERIA","City","Cities from 2,500 thru 9,999",6336,13,0,13,4,3,7,17,3,20,3.16,"JEANERETTE POLICE DEPARTMENT                      ","Jeanerette Police Department"
"4251",1998,"LA0470200","Gramercy",NA,"LA","West South Central","South","ST JAMES","City","Cities under 2,500",2481,4,0,4,0,0,0,4,0,4,1.61,"GRAMERCY POLICE DEPARTMENT                        ","Gramercy Police Department"
"4252",1998,"LA0190100","Clinton",NA,"LA","West South Central","South","EAST FELICIANA","City","Cities under 2,500",1977,5,0,5,0,0,0,5,0,5,2.53,"CLINTON POLICE DEPT.                              ","Clinton Police Police Department"
"4253",1998,"LA0400500","Cheneyville",NA,"LA","West South Central","South","RAPIDES","City","Cities under 2,500",949,2,0,2,0,0,0,2,0,2,2.11,"CHENEYVILLE POLICE DEPT.                          ","Cheneyville Police Police Department"
"4254",1998,"LA0400600","Glenmora",NA,"LA","West South Central","South","RAPIDES","City","Cities under 2,500",1658,5,0,5,0,0,0,5,0,5,3.02,"GLENMORA POLICE DEPARTMENT                        ","Glenmora Police Department"
"4255",1998,"LA0500100","Breaux Bridge",NA,"LA","West South Central","South","ST MARTIN","City","Cities from 2,500 thru 9,999",6949,15,0,15,6,0,6,21,0,21,3.02,"BREAUX BRIDGE POLICE DEPARTMENT                   ","Breaux Bridge Police Department"
"4256",1998,"LA0010100","Crowley",NA,"LA","West South Central","South","ACADIA","City","Cities from 10,000 thru 24,999",13888,27,0,27,2,3,5,29,3,32,2.3,"CROWLEY POLICE DEPARTMENT                         ","Crowley Police Department"
"4257",1998,"LA0610300","Addis",NA,"LA","West South Central","South","WEST BATON ROUGE","City","Cities under 2,500",1286,5,0,5,0,0,0,5,0,5,3.89,"ADDIS POLICE DEPARTMENT                           ","Addis Police Department"
"4258",1998,"LA0290600","Nicholls State University",NA,"LA","West South Central","South","LAFOURCHE","University or College","Cities under 2,500",0,11,0,11,1,2,3,12,2,14,NA,"NICHOLLS STATE UNIVERSITY POLICE                  ","Nicholls State University Police"
"4259",1998,"LA0620000","West Carroll",NA,"LA","West South Central","South","WEST CARROLL","County","Non-MSA counties from 10,000 thru 24,999",10239,14,0,14,4,0,4,18,0,18,1.76,"WEST CARROLL PARISH SHERIFF'S OFFICE              ","West Carroll Parish Sheriff's Office"
"4260",1998,"LA0540000","Tensas",NA,"LA","West South Central","South","TENSAS","County","Non-MSA counties under 10,000",2745,14,84,98,3,12,15,17,96,113,41.17,"TENSAS PARISH SHERIFF'S OFFICE                    ","Tensas Parish Sheriff's Office"
"4261",1998,"LA0570300","Delcambre",NA,"LA","West South Central","South","VERMILION","City","Cities under 2,500",1966,6,0,6,3,0,3,9,0,9,4.58,"DELCAMBRE POLICE DEPARTMENT                       ","Delcambre Police Department"
"4262",1998,"LA0520000","St. Tammany",NA,"LA","West South Central","South","ST TAMMANY","County","MSA counties 100,000 or over",137183,257,0,257,109,0,109,366,0,366,2.67,"ST. TAMMANY PARISH SHERIFF'S OFFICE               ","St. Tammany Parish Sheriff's Office"
"4263",1998,"LA0361700","Louisiana State University:","Health Sciences Center, New Orleans","LA","West South Central","South","ORLEANS","University or College","Cities under 2,500",0,44,1,45,8,0,8,52,1,53,NA,"LSU HEALTH SCIENCES CENTER POLICE DEPARTMENT      ","Lsu Health Sciences Center Police Department"
"4264",1998,"LA0030000","Ascension",NA,"LA","West South Central","South","ASCENSION","County","MSA counties from 25,000 thru 99,999",60301,119,21,140,9,31,40,128,52,180,2.99,"ASCENSION PARISH SHERIFF'S OFFICE                 ","Ascension Parish Sheriff's Office"
"4265",1998,"LA0420000","Richland",NA,"LA","West South Central","South","RICHLAND","County","Non-MSA counties from 10,000 thru 24,999",12746,63,0,63,56,0,56,119,0,119,9.34,"RICHLAND PARISH SHERIFF'S OFFICE                  ","Richland Parish Sheriff's Office"
"4266",1998,"LA0260200","Harahan",NA,"LA","West South Central","South","JEFFERSON","City","Cities from 2,500 thru 9,999",9930,22,0,22,7,1,8,29,1,30,3.02,"HARAHAN POLICE DEPARTMENT                         ","Harahan Police Department"
"4267",1998,"LA0470100","Lutcher",NA,"LA","West South Central","South","ST JAMES","City","Cities from 2,500 thru 9,999",4099,3,0,3,0,0,0,3,0,3,0.73,"LUTCHER POLICE DEPARTMENT                         ","Lutcher Police Department"
"4268",1998,"LA0560100","Farmerville",NA,"LA","West South Central","South","UNION","City","Cities from 2,500 thru 9,999",3414,9,0,9,3,0,3,12,0,12,3.51,"FARMERVILLE POLICE DEPARTMENT                     ","Farmerville Police Department"
"4269",1998,"LA0600200","Springhill",NA,"LA","West South Central","South","WEBSTER","City","Cities from 2,500 thru 9,999",5627,14,0,14,1,0,1,15,0,15,2.67,"SPRINGHILL POLICE DEPARTMENT                      ","Springhill Police Department"
"4270",1998,"LA0600100","Minden",NA,"LA","West South Central","South","WEBSTER","City","Cities from 10,000 thru 24,999",13569,26,0,26,4,1,5,30,1,31,2.28,"MINDEN POLICE DEPARTMENT                          ","Minden Police Department"
"4271",1998,"LA0380000","Plaquemines",NA,"LA","West South Central","South","PLAQUEMINES","County","MSA counties from 25,000 thru 99,999",25957,84,60,144,6,72,78,90,132,222,8.55,"PLAQUEMINES PARISH SHERIFF'S OFFICE               ","Plaquemines Parish Sheriff's Office"
"4272",1998,"LA0530200","Kentwood",NA,"LA","West South Central","South","TANGIPAHOA","City","Cities from 2,500 thru 9,999",2630,8,0,8,2,0,2,10,0,10,3.8,"KENTWOOD POLICE DEPARTMENT                        ","Kentwood Police Department"
"4273",1998,"LA0310600","Grambling State University",NA,"LA","West South Central","South","LINCOLN","University or College","Cities under 2,500",0,13,0,13,6,1,7,19,1,20,NA,"GRAMBLING STATE UNIVERSITY POLICE DEPT.           ","Grambling State University Police Police Department"
"4274",1998,"LA0420100","Delhi",NA,"LA","West South Central","South","RICHLAND","City","Cities from 2,500 thru 9,999",3175,5,0,5,1,0,1,6,0,6,1.89,"DELHI POLICE DEPARTMENT                           ","Delhi Police Department"
"4275",1998,"LA0430000","Sabine",NA,"LA","West South Central","South","SABINE","County","Non-MSA counties from 10,000 thru 24,999",18942,45,0,45,21,0,21,66,0,66,3.48,"SABINE PARISH SHERIFF'S OFFICE                    ","Sabine Parish Sheriff's Office"
"4276",1998,"LA0420300","Mangham",NA,"LA","West South Central","South","RICHLAND","City","Cities under 2,500",589,2,0,2,0,0,0,2,0,2,3.4,"MANGHAM POLICE DEPARTMENT                         ","Mangham Police Department"
"4277",1998,"LA0410000","Red River",NA,"LA","West South Central","South","RED RIVER","County","Non-MSA counties under 10,000",9734,28,1,29,8,2,10,36,3,39,4.01,"RED RIVER PARISH SHERIFF'S OFFICE                 ","Red River Parish Sheriff's Office"
"4278",1998,"LA0370900","Tensas Basin Levee District",NA,"LA","West South Central","South","OUACHITA","Other State Agency","Cities under 2,500",0,2,1,3,0,0,0,2,1,3,NA,"TENSAS BASIN LEVEE DISTRICT POLICE                ","Tensas Basin Levee District Police"
"4279",1998,"LA0361200","Southern University and A&M College:","New Orleans","LA","West South Central","South","ORLEANS","University or College","Cities under 2,500",0,10,0,10,2,0,2,12,0,12,NA,"SOUTHERN UNIV PD NEW ORLEANS                      ","Southern Univ Police Department New Orleans"
"4280",1998,"LA0310700","Louisiana Tech University",NA,"LA","West South Central","South","LINCOLN","University or College","Cities under 2,500",0,15,0,15,3,2,5,18,2,20,NA,"LOUISIANA TECH UNIVERSITY POLICE                  ","Louisiana Tech University Police"
"4281",1998,"LA0500300","Parks",NA,"LA","West South Central","South","ST MARTIN","City","Cities under 2,500",491,2,0,2,1,0,1,3,0,3,6.11,"PARKS POLICE DEPARTMENT                           ","Parks Police Department"
"4282",1998,"LA0490100","Eunice",NA,"LA","West South Central","South","ACADIA, ST LANDRY","City","Cities from 10,000 thru 24,999",11302,28,1,29,1,6,7,29,7,36,3.19,"EUNICE POLICE DEPARTMENT                          ","Eunice Police Department"
"4283",1998,"LA0270300","Lake Arthur",NA,"LA","West South Central","South","JEFFERSON DAVIS","City","Cities from 2,500 thru 9,999",3188,7,0,7,4,0,4,11,0,11,3.45,"LAKE ARTHUR POLICE DEPARTMENT                     ","Lake Arthur Police Department"
"4284",1998,"LA0280300","Lafayette",NA,"LA","West South Central","South","LAFAYETTE","City","Cities from 100,000 thru 249,999",106832,204,14,218,34,65,99,238,79,317,2.97,"LAFAYETTE POLICE DEPARTMENT                       ","Lafayette Police Department"
"4285",1998,"LA0150100","Ferriday",NA,"LA","West South Central","South","CONCORDIA","City","Cities from 2,500 thru 9,999",4027,9,2,11,1,4,5,10,6,16,3.97,"FERRIDAY POLICE DEPARTMENT                        ","Ferriday Police Department"
"4286",1998,"LA0510400","Patterson",NA,"LA","West South Central","South","ST MARY","City","Cities from 2,500 thru 9,999",5278,11,1,12,6,0,6,17,1,18,3.41,"PATTERSON POLICE DEPARTMENT                       ","Patterson Police Department"
"4287",1998,"LA0610000","West Baton Rouge",NA,"LA","West South Central","South","WEST BATON ROUGE","County","MSA counties from 10,000 thru 24,999",11090,104,2,106,17,29,46,121,31,152,13.71,"WEST BATON ROUGE PARISH SHERIFF'S OFFICE          ","West Baton Rouge Parish Sheriff's Office"
"4288",1998,"LA0100800","McNeese State University",NA,"LA","West South Central","South","CALCASIEU","University or College","Cities under 2,500",0,9,3,12,1,1,2,10,4,14,NA,"MCNEESE STATE UNIVERSITY POLICE                   ","Mcneese State University Police"
"4289",1998,"LA0480000","St. John the Baptist",NA,"LA","West South Central","South","ST JOHN THE BAPTIST","County","MSA counties from 25,000 thru 99,999",42185,153,1,154,45,1,46,198,2,200,4.74,"ST. JOHN THE BAPTIST PARISH SHERIFF'S OFFICE      ","St. John The Baptist Parish Sheriff's Office"
"4290",1998,"LA0050400","Cottonport",NA,"LA","West South Central","South","AVOYELLES","City","Cities under 2,500",2079,4,0,4,0,0,0,4,0,4,1.92,"COTTONPORT POLICE DEPARTMENT                      ","Cottonport Police Department"
"4291",1998,"LA0530000","Tangipahoa",NA,"LA","West South Central","South","TANGIPAHOA","County","Non-MSA counties from 25,000 thru 99,999",63405,192,0,192,59,0,59,251,0,251,3.96,"TANGIPAHOA PARISH SHERIFF'S OFFICE                ","Tangipahoa Parish Sheriff's Office"
"4292",1998,"LA0490500","Washington",NA,"LA","West South Central","South","ST LANDRY","City","Cities under 2,500",1333,5,0,5,0,0,0,5,0,5,3.75,"WASHINGTON POLICE DEPARTMENT                      ","Washington Police Department"
"4293",1998,"LA0630000","West Feliciana",NA,"LA","West South Central","South","WEST FELICIANA","County","Non-MSA counties from 10,000 thru 24,999",11575,28,0,28,5,0,5,33,0,33,2.85,"WEST FELICIANA PARISH SHERIFF'S OFFICE            ","West Feliciana Parish Sheriff's Office"
"4294",1998,"LA0520100","Covington",NA,"LA","West South Central","South","ST TAMMANY","City","Cities from 2,500 thru 9,999",8898,32,1,33,1,8,9,33,9,42,4.72,"COVINGTON POLICE DEPARTMENT                       ","Covington Police Department"
"4295",1998,"LA0430100","Many",NA,"LA","West South Central","South","SABINE","City","Cities from 2,500 thru 9,999",3160,12,0,12,1,0,1,13,0,13,4.11,"MANY POLICE DEPARTMENT                            ","Many Police Department"
"4296",1998,"LA0400000","Rapides",NA,"LA","West South Central","South","RAPIDES","County","MSA counties from 25,000 thru 99,999",58080,208,42,250,29,49,78,237,91,328,5.65,"RAPIDES PARISH SHERIFF'S OFFICE                   ","Rapides Parish Sheriff's Office"
"4297",1998,"LA0400700","Woodworth",NA,"LA","West South Central","South","RAPIDES","City","Cities under 2,500",751,3,0,3,0,1,1,3,1,4,5.33,"WOODWORTH POLICE DEPARTMENT                       ","Woodworth Police Department"
"4298",1998,"LA0560000","Union",NA,"LA","West South Central","South","UNION","County","Non-MSA counties from 10,000 thru 24,999",16707,24,7,31,3,7,10,27,14,41,2.45,"UNION PARISH SHERIFF'S OFFICE                     ","Union Parish Sheriff's Office"
"4299",1998,"LA0090200","Vivian",NA,"LA","West South Central","South","CADDO","City","Cities from 2,500 thru 9,999",4212,9,0,9,4,0,4,13,0,13,3.09,"VIVIAN POLICE DEPARTMENT                          ","Vivian Police Department"
"4300",1998,"LA0020100","Kinder",NA,"LA","West South Central","South","ALLEN","City","Cities under 2,500",2292,10,0,10,4,0,4,14,0,14,6.11,"KINDER POLICE DEPARTMENT                          ","Kinder Police Department"
"4301",1998,"LA0200300","Ville Platte",NA,"LA","West South Central","South","EVANGELINE","City","Cities from 2,500 thru 9,999",9004,30,0,30,2,0,2,32,0,32,3.55,"VILLE PLATTE POLICE DEPARTMENT                    ","Ville Platte Police Department"
"4302",1998,"LA0190200","Jackson",NA,"LA","West South Central","South","EAST FELICIANA","City","Cities from 2,500 thru 9,999",4394,4,1,5,0,0,0,4,1,5,1.14,"JACKSON POLICE DEPARTMENT                         ","Jackson Police Department"
"4303",1998,"LA0100500","Westlake",NA,"LA","West South Central","South","CALCASIEU","City","Cities from 2,500 thru 9,999",5081,12,0,12,6,0,6,18,0,18,3.54,"WESTLAKE POLICE DEPARTMENT                        ","Westlake Police Department"
"4304",1998,"LA0500200","St. Martinville",NA,"LA","West South Central","South","ST MARTIN","City","Cities from 2,500 thru 9,999",7443,14,0,14,2,6,8,16,6,22,2.96,"ST. MARTINVILLE POLICE DEPARTMENT                 ","St. Martinville Police Department"
"4305",1998,"LA0160100","Mansfield",NA,"LA","West South Central","South","DE SOTO","City","Cities from 2,500 thru 9,999",5307,11,0,11,6,0,6,17,0,17,3.2,"MANSFIELD POLICE DEPARTMENT                       ","Mansfield Police Department"
"4306",1998,"LA0540200","Waterproof",NA,"LA","West South Central","South","TENSAS","City","Cities under 2,500",1024,1,0,1,0,0,0,1,0,1,0.98,"WATERPROOF POLICE DEPARTMENT                      ","Waterproof Police Department"
"4307",1998,"LA0520200","Slidell",NA,"LA","West South Central","South","ST TAMMANY","City","Cities from 25,000 thru 49,999",26815,70,7,77,1,26,27,71,33,104,3.88,"SLIDELL POLICE DEPARTMENT                         ","Slidell Police Department"
"4308",1998,"LA0290300","Lockport",NA,"LA","West South Central","South","LAFOURCHE","City","Cities from 2,500 thru 9,999",2512,4,0,4,0,0,0,4,0,4,1.59,"LOCKPORT POLICE DEPARTMENT                        ","Lockport Police Department"
"4309",1998,"LA0340100","Bastrop",NA,"LA","West South Central","South","MOREHOUSE","City","Cities from 10,000 thru 24,999",13766,29,0,29,12,6,18,41,6,47,3.41,"BASTROP POLICE DEPARTMENT                         ","Bastrop Police Department"
"4310",1998,"LA0070800","Bienville",NA,"LA","West South Central","South","BIENVILLE","City","Cities under 2,500",291,1,0,1,0,0,0,1,0,1,3.44,"BIENVILLE PD                                      ","Bienville Police Department"
"4311",1998,"LA0460000","St. Helena",NA,"LA","West South Central","South","ST HELENA","County","Non-MSA counties under 10,000",9820,9,8,17,1,8,9,10,16,26,2.65,"ST. HELENA PARISH SHERIFF'S OFFICE                ","St. Helena Parish Sheriff's Office"
"4312",1998,"LA0100000","Calcasieu",NA,"LA","West South Central","South","CALCASIEU","County","MSA counties from 25,000 thru 99,999",71633,410,63,473,35,115,150,445,178,623,8.7,"CALCASIEU PARISH SHERIFF'S OFFICE                 ","Calcasieu Parish Sheriff's Office"
"4313",1998,"LA0290100","Golden Meadow",NA,"LA","West South Central","South","LAFOURCHE","City","Cities under 2,500",2036,6,0,6,0,1,1,6,1,7,3.44,"GOLDEN MEADOW POLICE DEPARTMENT                   ","Golden Meadow Police Department"
"4314",1998,"LA0210000","Franklin",NA,"LA","West South Central","South","FRANKLIN","County","Non-MSA counties from 10,000 thru 24,999",16308,50,0,50,15,0,15,65,0,65,3.99,"FRANKLIN PARISH SHERIFF'S OFFICE                  ","Franklin Parish Sheriff's Office"
"4315",1998,"LA0490000","St. Landry",NA,"LA","West South Central","South","ST LANDRY","County","MSA counties from 25,000 thru 99,999",46910,69,0,69,36,6,42,105,6,111,2.37,"ST. LANDRY PARISH SHERIFF'S OFFICE                ","St. Landry Parish Sheriff's Office"
"4316",1998,"LA0210400","Baskin",NA,"LA","West South Central","South","FRANKLIN","City","Cities under 2,500",236,1,0,1,0,0,0,1,0,1,4.24,"BASKIN POLICE DEPARTMENT                          ","Baskin Police Department"
"4317",1998,"LA0340500","Oak Ridge",NA,"LA","West South Central","South","MOREHOUSE","City","Cities under 2,500",172,1,0,1,0,0,0,1,0,1,5.81,"OAK RIDGE POLICE DEPT                             ","Oak Ridge Police Police Department"
"4318",1998,"LA0090100","Shreveport",NA,"LA","West South Central","South","BOSSIER, CADDO","City","Cities from 100,000 thru 249,999",191440,427,26,453,62,127,189,489,153,642,3.35,"SHREVEPORT POLICE DEPARTMENT                      ","Shreveport Police Department"
"4319",1998,"LA0140000","Claiborne",NA,"LA","West South Central","South","CLAIBORNE","County","Non-MSA counties from 10,000 thru 24,999",10210,21,5,26,0,5,5,21,10,31,3.04,"CLAIBORNE PARISH SHERIFF'S OFFICE                 ","Claiborne Parish Sheriff's Office"
"4320",1998,"LA0080000","Bossier",NA,"LA","West South Central","South","BOSSIER","County","MSA counties from 25,000 thru 99,999",35921,137,0,137,26,0,26,163,0,163,4.54,"BOSSIER PARISH SHERIFF'S OFFICE                   ","Bossier Parish Sheriff's Office"
"4321",1998,"LA0090400","Blanchard",NA,"LA","West South Central","South","CADDO","City","Cities under 2,500",1732,4,0,4,0,0,0,4,0,4,2.31,"BLANCHARD POLICE DEPARTMENT                       ","Blanchard Police Department"
"4322",1998,"LA0240200","Plaquemine",NA,"LA","West South Central","South","IBERVILLE","City","Cities from 2,500 thru 9,999",6589,20,0,20,7,3,10,27,3,30,4.55,"PLAQUEMINE POLICE DEPARTMENT                      ","Plaquemine Police Department"
"4323",1998,"LA0190000","East Feliciana",NA,"LA","West South Central","South","EAST FELICIANA","County","Non-MSA counties from 10,000 thru 24,999",14535,20,9,29,0,17,17,20,26,46,3.16,"EAST FELICIANA PARISH SHERIFF'S OFFICE            ","East Feliciana Parish Sheriff's Office"
"4324",1998,"LA0250100","Jonesboro",NA,"LA","West South Central","South","JACKSON","City","Cities from 2,500 thru 9,999",4319,7,2,9,2,0,2,9,2,11,2.55,"JONESBORO POLICE DEPARTMENT                       ","Jonesboro Police Department"
"4325",1998,"LA0510300","Morgan City",NA,"LA","West South Central","South","ST MARY","City","Cities from 10,000 thru 24,999",14008,32,8,40,6,11,17,38,19,57,4.07,"MORGAN CITY POLICE DEPARTMENT                     ","Morgan City Police Department"
"4326",1998,"LA0170600","Southern University and A&M College:","Baton Rouge","LA","West South Central","South","EAST BATON ROUGE","University or College","Cities under 2,500",0,25,0,25,8,1,9,33,1,34,NA,"SOUTHERN UNIVERSITY AND A & M COLLEGE POLICE      ","Southern University And A & M College Police"
"4327",1998,"LA0560200","Bernice",NA,"LA","West South Central","South","UNION","City","Cities under 2,500",1752,6,0,6,0,0,0,6,0,6,3.42,"BERNICE POLICE DEPARTMENT                         ","Bernice Police Department"
"4328",1998,"LA0070200","Gibsland",NA,"LA","West South Central","South","BIENVILLE","City","Cities under 2,500",1180,2,0,2,0,0,0,2,0,2,1.69,"GIBSLAND POLICE DEPT                              ","Gibsland Police Police Department"
"4329",1998,"LA0340300","Bonita",NA,"LA","West South Central","South","MOREHOUSE","City","Cities under 2,500",265,1,0,1,0,0,0,1,0,1,3.77,"BONITA POLICE DEPT.                               ","Bonita Police Police Department"
"4330",1998,"LA0230400","Loreauville",NA,"LA","West South Central","South","IBERIA","City","Cities under 2,500",940,1,0,1,0,0,0,1,0,1,1.06,"LOREAUVILLE PD                                    ","Loreauville Police Department"
"4331",1998,"LA0220000","Grant",NA,"LA","West South Central","South","GRANT","County","Non-MSA counties from 10,000 thru 24,999",18698,33,0,33,13,0,13,46,0,46,2.46,"GRANT PARISH SHERIFF'S OFFICE                     ","Grant Parish Sheriff's Office"
"4332",1998,"LA0210100","Winnsboro",NA,"LA","West South Central","South","FRANKLIN","City","Cities from 2,500 thru 9,999",5610,8,0,8,1,0,1,9,0,9,1.6,"WINNSBORO POLICE DEPARTMENT                       ","Winnsboro Police Department"
"4333",1998,"LA0050200","Marksville",NA,"LA","West South Central","South","AVOYELLES","City","Cities from 2,500 thru 9,999",5489,21,0,21,3,2,5,24,2,26,4.74,"MARKSVILLE POLICE DEPARTMENT                      ","Marksville Police Department"
"4334",1998,"LA0080100","Bossier City",NA,"LA","West South Central","South","BOSSIER","City","Cities from 50,000 thru 99,999",56415,124,16,140,6,34,40,130,50,180,3.19,"BOSSIER CITY POLICE DEPT                          ","Bossier City Police Police Department"
"4335",1998,"LA0260100","Gretna",NA,"LA","West South Central","South","JEFFERSON","City","Cities from 10,000 thru 24,999",16843,68,12,80,18,6,24,86,18,104,6.17,"GRETNA POLICE DEPARTMENT                          ","Gretna Police Department"
"4336",1998,"LA0310100","Dubach",NA,"LA","West South Central","South","LINCOLN","City","Cities under 2,500",868,3,0,3,0,0,0,3,0,3,3.46,"DUBACH POLICE DEPT                                ","Dubach Police Police Department"
"4337",1998,"LA0530800","Tickfaw",NA,"LA","West South Central","South","TANGIPAHOA","City","Cities under 2,500",599,4,0,4,1,0,1,5,0,5,8.35,"TICKFAW POLICE DEPARTMENT                         ","Tickfaw Police Department"
"4338",1998,"LA0030100","Donaldsonville",NA,"LA","West South Central","South","ASCENSION","City","Cities from 2,500 thru 9,999",9391,14,1,15,3,0,3,17,1,18,1.92,"DONALDSONVILLE PD                                 ","Donaldsonville Police Department"
"4339",1998,"LA0620100","Oak Grove",NA,"LA","West South Central","South","WEST CARROLL","City","Cities under 2,500",2005,6,0,6,1,0,1,7,0,7,3.49,"OAK GROVE POLICE DEPARTMENT                       ","Oak Grove Police Department"
"4340",1998,"LA0570000","Vermilion",NA,"LA","West South Central","South","VERMILION","County","Non-MSA counties from 25,000 thru 99,999",29713,68,12,80,4,20,24,72,32,104,3.5,"VERMILION PARISH SHERIFF'S OFFICE                 ","Vermilion Parish Sheriff's Office"
"4341",1998,"LA0070100","Arcadia",NA,"LA","West South Central","South","BIENVILLE","City","Cities from 2,500 thru 9,999",3008,5,0,5,1,0,1,6,0,6,1.99,"ARCADIA POLICE DEPARTMENT                         ","Arcadia Police Department"
"4342",1998,"LA0010200","Rayne",NA,"LA","West South Central","South","ACADIA","City","Cities from 2,500 thru 9,999",8610,19,1,20,3,0,3,22,1,23,2.67,"RAYNE POLICE DEPARTMENT                           ","Rayne Police Department"
"4343",1998,"LA0060000","Beauregard",NA,"LA","West South Central","South","BEAUREGARD","County","Non-MSA counties from 10,000 thru 24,999",20724,47,4,51,10,14,24,57,18,75,3.62,"BEAUREGARD PARISH SHERIFF'S OFFICE                ","Beauregard Parish Sheriff's Office"
"4344",1998,"LA0150000","Concordia",NA,"LA","West South Central","South","CONCORDIA","County","Non-MSA counties from 10,000 thru 24,999",11890,120,0,120,20,0,20,140,0,140,11.77,"CONCORDIA PARISH SHERIFF'S OFFICE                 ","Concordia Parish Sheriff's Office"
"4345",1998,"LA0550000","Terrebonne",NA,"LA","West South Central","South","TERREBONNE","County","MSA counties from 25,000 thru 99,999",72940,186,0,186,83,0,83,269,0,269,3.69,"TERREBONNE PARISH SHERIFF'S OFFICE                ","Terrebonne Parish Sheriff's Office"
"4346",1998,"LA0240100","Maringouin",NA,"LA","West South Central","South","IBERVILLE","City","Cities under 2,500",1174,3,0,3,1,0,1,4,0,4,3.41,"MARINGOUIN POLICE DEPARTMENT                      ","Maringouin Police Department"
"4347",1998,"LA0010400","Iota",NA,"LA","West South Central","South","ACADIA","City","Cities under 2,500",1369,3,0,3,0,0,0,3,0,3,2.19,"IOTA POLICE DEPARTMENT                            ","Iota Police Department"
"4348",1998,"LA0530300","Ponchatoula",NA,"LA","West South Central","South","TANGIPAHOA","City","Cities from 2,500 thru 9,999",5795,16,1,17,2,2,4,18,3,21,3.62,"PONCHATOULA POLICE DEPARTMENT                     ","Ponchatoula Police Department"
"4349",1998,"LA0240300","White Castle",NA,"LA","West South Central","South","JEFFERSON DAVIS","City","Cities under 2,500",2031,7,0,7,0,3,3,7,3,10,4.92,"WHITE CASTLE POLICE DEPARTMENT                    ","White Castle Police Department"
"4350",1998,"LA0100300","Sulphur",NA,"LA","West South Central","South","CALCASIEU","City","Cities from 10,000 thru 24,999",21056,38,6,44,5,4,9,43,10,53,2.52,"SULPHUR POLICE DEPARTMENT                         ","Sulphur Police Department"
"4351",1998,"LA0401000","Ball",NA,"LA","West South Central","South","RAPIDES","City","Cities from 2,500 thru 9,999",3247,5,0,5,0,1,1,5,1,6,1.85,"BALL POLICE DEPARTMENT                            ","Ball Police Department"
"4352",1998,"LA0320600","Port Vincent",NA,"LA","West South Central","South","LIVINGSTON","City","Cities under 2,500",538,1,0,1,0,1,1,1,1,2,3.72,"PORT VINCENT POLICE DEPT.                         ","Port Vincent Police Police Department"
"4353",1998,"LA0320100","Denham Springs",NA,"LA","West South Central","South","LIVINGSTON","City","Cities from 2,500 thru 9,999",9455,21,4,25,0,11,11,21,15,36,3.81,"DENHAM SPRINGS POLICE DEPARTMENT                  ","Denham Springs Police Department"
"4354",1998,"LA0160000","De Soto",NA,"LA","West South Central","South","DE SOTO","County","Non-MSA counties from 10,000 thru 24,999",18474,49,1,50,11,7,18,60,8,68,3.68,"DE SOTO PARISH SHERIFF'S OFFICE                   ","De Soto Parish Sheriff's Office"
"4355",1998,"LA0280700","University of Louisiana:","Lafayette","LA","West South Central","South","LAFAYETTE","University or College","Cities under 2,500",0,16,0,16,4,1,5,20,1,21,NA,"UNIVERSITY OF LOUISIANA AT LAFAYETTE POLICE       ","University Of Louisiana At Lafayette Police"
"4356",1998,"LA0020000","Allen",NA,"LA","West South Central","South","ALLEN","County","Non-MSA counties from 10,000 thru 24,999",13749,23,10,33,0,8,8,23,18,41,2.98,"ALLEN PARISH SHERIFF'S OFFICE                     ","Allen Parish Sheriff's Office"
"4357",1998,"LA0500000","St. Martin",NA,"LA","West South Central","South","ST MARTIN","County","MSA counties from 25,000 thru 99,999",32069,105,3,108,41,38,79,146,41,187,5.83,"ST. MARTIN PARISH SHERIFF'S OFFICE                ","St. Martin Parish Sheriff's Office"
"4358",1998,"LA0010000","Acadia",NA,"LA","West South Central","South","ACADIA","County","MSA counties from 25,000 thru 99,999",28992,67,6,73,3,26,29,70,32,102,3.52,"ACADIA PARISH SHERIFF'S OFFICE                    ","Acadia Parish Sheriff's Office"
"4359",1998,"LA0540300","St. Joseph",NA,"LA","West South Central","South","TENSAS","City","Cities under 2,500",1441,3,0,3,0,0,0,3,0,3,2.08,"ST. JOSEPH POLICE DEPARTMENT                      ","St. Joseph Police Department"
"4360",1998,"LA0490400","Sunset",NA,"LA","West South Central","South","ST LANDRY","City","Cities under 2,500",2286,6,0,6,6,0,6,12,0,12,5.25,"SUNSET POLICE DEPARTMENT                          ","Sunset Police Department"
"4361",1998,"LA0010300","Church Point",NA,"LA","West South Central","South","ACADIA","City","Cities from 2,500 thru 9,999",4832,13,0,13,4,0,4,17,0,17,3.52,"CHURCH POINT POLICE DEPARTMENT                    ","Church Point Police Department"
"4362",1998,"LA0490800","Krotz Springs",NA,"LA","West South Central","South","ST LANDRY","City","Cities under 2,500",1321,2,0,2,1,0,1,3,0,3,2.27,"KROTZ SPRINGS POLICE DEPARTMENT                   ","Krotz Springs Police Department"
"4363",1998,"LA0530400","Amite",NA,"LA","West South Central","South","TANGIPAHOA","City","Cities from 2,500 thru 9,999",4468,14,0,14,4,0,4,18,0,18,4.03,"AMITE POLICE DEPARTMENT                           ","Amite Police Department"
"4364",1998,"LA0050100","Bunkie",NA,"LA","West South Central","South","AVOYELLES","City","Cities from 2,500 thru 9,999",4926,10,1,11,2,1,3,12,2,14,2.84,"BUNKIE POLICE DEPARTMENT                          ","Bunkie Police Department"
"4365",1998,"LA0080700","Southern University and A&M College:","Shreveport","LA","West South Central","South","BOSSIER","University or College","Cities under 2,500",0,6,0,6,1,0,1,7,0,7,NA,"SOUTHERN UNIVERSITY AND A & M COLLEGE - SHREVEPORT","Southern University And A & M College - Shreveport"
"4366",1998,"LA0260000","Jefferson",NA,"LA","West South Central","South","JEFFERSON","County","MSA counties 100,000 or over",341269,771,186,957,98,383,481,869,569,1438,4.21,"JEFFERSON PARISH SHERIFF'S OFFICE                 ","Jefferson Parish Sheriff's Office"
"4367",1998,"LA0370100","Monroe",NA,"LA","West South Central","South","OUACHITA","City","Cities from 50,000 thru 99,999",54882,156,12,168,19,55,74,175,67,242,4.41,"MONROE POLICE DEPARTMENT                          ","Monroe Police Department"
"4368",1998,"LA0400400","Lecompte",NA,"LA","West South Central","South","RAPIDES","City","Cities under 2,500",1474,7,0,7,0,0,0,7,0,7,4.75,"LECOMPTE POLICE DEPARTMENT                        ","Lecompte Police Department"
"4369",1998,"LA0420200","Rayville",NA,"LA","West South Central","South","RICHLAND","City","Cities from 2,500 thru 9,999",4432,8,0,8,1,1,2,9,1,10,2.26,"RAYVILLE POLICE DEPARTMENT                        ","Rayville Police Department"
"4370",1998,"LA0110000","Caldwell",NA,"LA","West South Central","South","CALDWELL","County","Non-MSA counties from 10,000 thru 24,999",10391,40,50,90,7,23,30,47,73,120,11.55,"CALDWELL PARISH SHERIFF'S OFFICE                  ","Caldwell Parish Sheriff's Office"
"4371",1998,"LA0170100","Baker",NA,"LA","West South Central","South","EAST BATON ROUGE","City","Cities from 10,000 thru 24,999",13243,26,0,26,5,0,5,31,0,31,2.34,"BAKER POLICE DEPARTMENT                           ","Baker Police Department"
"4372",1998,"LA0020200","Oakdale",NA,"LA","West South Central","South","ALLEN","City","Cities from 2,500 thru 9,999",7960,17,0,17,5,0,5,22,0,22,2.76,"OAKDALE POLICE DEPARTMENT                         ","Oakdale Police Department"
"4373",1998,"LA0050300","Simmesport",NA,"LA","West South Central","South","AVOYELLES","City","Cities under 2,500",2134,4,1,5,0,0,0,4,1,5,2.34,"SIMMESPORT POLICE DEPT.                           ","Simmesport Police Police Department"
"4374",1998,"LA0180100","Lake Providence",NA,"LA","West South Central","South","EAST CARROLL","City","Cities from 2,500 thru 9,999",4904,9,0,9,4,0,4,13,0,13,2.65,"LAKE PROVIDENCE POLICE DEPARTMENT                 ","Lake Providence Police Department"
"4375",1998,"LA0570400","Erath",NA,"LA","West South Central","South","VERMILION","City","Cities under 2,500",2406,7,0,7,3,0,3,10,0,10,4.16,"ERATH POLICE DEPARTMENT                           ","Erath Police Department"
"4376",1998,"LA0440000","St. Bernard",NA,"LA","West South Central","South","ST BERNARD","County","MSA counties from 25,000 thru 99,999",66526,195,95,290,31,40,71,226,135,361,5.43,"ST. BERNARD PARISH SHERIFF'S OFFICE               ","St. Bernard Parish Sheriff's Office"
"4377",1998,"LA0260400","Westwego",NA,"LA","West South Central","South","JEFFERSON","City","Cities from 10,000 thru 24,999",11159,15,0,15,5,1,6,20,1,21,1.88,"WESTWEGO POLICE DEPARTMENT                        ","Westwego Police Department"
"4378",1998,"LA0080600","Louisiana State University:","Shreveport","LA","West South Central","South","BOSSIER","University or College","Cities under 2,500",0,9,0,9,0,0,0,9,0,9,NA,"LOUISIANA STATE UNIVERSITY - SHREVEPORT POLICE    ","Louisiana State University - Shreveport Police"
"4379",1998,"LA0390000","Pointe Coupee",NA,"LA","West South Central","South","POINTE COUPEE","County","Non-MSA counties from 10,000 thru 24,999",18315,37,31,68,3,33,36,40,64,104,5.68,"POINTE COUPEE PARISH SHERIFF'S OFFICE             ","Pointe Coupee Parish Sheriff's Office"
"4380",1998,"LA0180000","East Carroll",NA,"LA","West South Central","South","EAST CARROLL","County","Non-MSA counties under 10,000",4122,15,0,15,9,0,9,24,0,24,5.82,"EAST CARROLL PARISH SHERIFF'S OFFICE              ","East Carroll Parish Sheriff's Office"
"4381",1998,"LA0170000","East Baton Rouge",NA,"LA","West South Central","South","EAST BATON ROUGE","County","MSA counties 100,000 or over",156125,480,0,480,203,0,203,683,0,683,4.37,"EAST BATON ROUGE PARISH SHERIFF'S OFFICE          ","East Baton Rouge Parish Sheriff's Office"
"4382",1998,"LA0230000","Iberia",NA,"LA","West South Central","South","IBERIA","County","Non-MSA counties from 25,000 thru 99,999",32200,87,0,87,58,0,58,145,0,145,4.5,"IBERIA PARISH SHERIFF'S OFFICE                    ","Iberia Parish Sheriff's Office"
"4383",1998,"LA0100700","Iowa",NA,"LA","West South Central","South","CALCASIEU","City","Cities from 2,500 thru 9,999",2771,5,0,5,1,1,2,6,1,7,2.53,"IOWA POLICE DEPARTMENT                            ","Iowa Police Department"
"4384",1998,"LA0170300","Zachary",NA,"LA","West South Central","South","EAST BATON ROUGE","City","Cities from 10,000 thru 24,999",10205,22,0,22,10,1,11,32,1,33,3.23,"ZACHARY POLICE DEPARTMENT                         ","Zachary Police Department"
"4385",1998,"LA0230300","New Iberia",NA,"LA","West South Central","South","IBERIA","City","Cities from 25,000 thru 49,999",32898,48,5,53,8,14,22,56,19,75,2.28,"NEW IBERIA PD                                     ","New Iberia Police Department"
"4386",1998,"LA0280600","Scott",NA,"LA","West South Central","South","LAFAYETTE","City","Cities from 2,500 thru 9,999",5585,16,1,17,0,1,1,16,2,18,3.22,"SCOTT POLICE DEPARTMENT                           ","Scott Police Department"
"4387",1998,"LA0350100","Natchitoches",NA,"LA","West South Central","South","NATCHITOCHES","City","Cities from 10,000 thru 24,999",17333,57,2,59,18,2,20,75,4,79,4.56,"NATCHITOCHES POLICE DEPARTMENT                    ","Natchitoches Police Department"
"4388",1998,"LA0640100","Winnfield",NA,"LA","West South Central","South","WINN","City","Cities from 2,500 thru 9,999",6194,13,3,16,1,5,6,14,8,22,3.55,"WINNFIELD POLICE DEPT                             ","Winnfield Police Police Department"
"4389",1998,"LA0330100","Tallulah",NA,"LA","West South Central","South","MADISON","City","Cities from 2,500 thru 9,999",8972,13,1,14,3,2,5,16,3,19,2.12,"TALLULAH POLICE DEPT.                             ","Tallulah Police Police Department"
"4390",1998,"LA0570100","Abbeville",NA,"LA","West South Central","South","VERMILION","City","Cities from 10,000 thru 24,999",11633,31,1,32,5,0,5,36,1,37,3.18,"ABBEVILLE POLICE DEPARTMENT                       ","Abbeville Police Department"
"4391",1998,"LA0310000","Lincoln",NA,"LA","West South Central","South","LINCOLN","County","Non-MSA counties from 10,000 thru 24,999",15734,37,0,37,11,0,11,48,0,48,3.05,"LINCOLN PARISH SHERIFF'S OFFICE                   ","Lincoln Parish Sheriff's Office"
"4392",1998,"LA0300200","Olla",NA,"LA","West South Central","South","LA SALLE","City","Cities under 2,500",1397,4,0,4,0,0,0,4,0,4,2.86,"OLLA POLICE DEPARTMENT                            ","Olla Police Department"
"4393",1998,"LA0300000","La Salle",NA,"LA","West South Central","South","LA SALLE","County","Non-MSA counties under 10,000",9781,26,0,26,13,1,14,39,1,40,4.09,"LA SALLE PARISH SHERIFF'S OFFICE                  ","La Salle Parish Sheriff's Office"
"4394",1998,"LA0530100","Hammond",NA,"LA","West South Central","South","TANGIPAHOA","City","Cities from 10,000 thru 24,999",16985,67,0,67,17,2,19,84,2,86,5.06,"HAMMOND POLICE DEPARTMENT                         ","Hammond Police Department"
"4395",1998,"LA0070000","Bienville",NA,"LA","West South Central","South","BIENVILLE","County","Non-MSA counties from 10,000 thru 24,999",11701,30,3,33,4,2,6,34,5,39,3.33,"BIENVILLE PARISH SHERIFF'S OFFICE                 ","Bienville Parish Sheriff's Office"
"4396",1998,"LA0520500","Pearl River",NA,"LA","West South Central","South","ST TAMMANY","City","Cities under 2,500",1716,6,0,6,5,0,5,11,0,11,6.41,"PEARL RIVER POLICE DEPARTMENT                     ","Pearl River Police Department"
"4397",1998,"LA0140200","Homer",NA,"LA","West South Central","South","CLAIBORNE","City","Cities from 2,500 thru 9,999",4020,9,0,9,1,0,1,10,0,10,2.49,"HOMER POLICE DEPARTMENT                           ","Homer Police Department"
"4398",1997,"LA0250100","Jonesboro",NA,"LA","West South Central","South","JACKSON","City","Cities from 2,500 thru 9,999",4421,9,2,11,3,1,4,12,3,15,3.39,"JONESBORO POLICE DEPARTMENT                       ","Jonesboro Police Department"
"4399",1997,"LA0190000","East Feliciana",NA,"LA","West South Central","South","EAST FELICIANA","County","Non-MSA counties from 10,000 thru 24,999",14134,33,0,33,8,8,16,41,8,49,3.47,"EAST FELICIANA PARISH SHERIFF'S OFFICE            ","East Feliciana Parish Sheriff's Office"
"4400",1997,"LA0170600","Southern University and A&M College:","Baton Rouge","LA","West South Central","South","EAST BATON ROUGE","University or College","Cities under 2,500",0,25,0,25,8,1,9,33,1,34,NA,"SOUTHERN UNIVERSITY AND A & M COLLEGE POLICE      ","Southern University And A & M College Police"
"4401",1997,"LA0240200","Plaquemine",NA,"LA","West South Central","South","IBERVILLE","City","Cities from 2,500 thru 9,999",7631,26,0,26,6,4,10,32,4,36,4.72,"PLAQUEMINE POLICE DEPARTMENT                      ","Plaquemine Police Department"
"4402",1997,"LA0400100","Alexandria",NA,"LA","West South Central","South","RAPIDES","City","Cities from 25,000 thru 49,999",46374,139,3,142,8,28,36,147,31,178,3.84,"ALEXANDRIA POLICE DEPARTMENT                      ","Alexandria Police Department"
"4403",1997,"LA0130000","Catahoula",NA,"LA","West South Central","South","CATAHOULA","County","Non-MSA counties under 10,000",7777,38,0,38,8,0,8,46,0,46,5.91,"CATAHOULA PARISH SHERIFF'S OFFICE                 ","Catahoula Parish Sheriff's Office"
"4404",1997,"LA0260500","Grand Isle",NA,"LA","West South Central","South","JEFFERSON","City","Cities under 2,500",1376,7,0,7,5,0,5,12,0,12,8.72,"GRAND ISLE POLICE DEPARTMENT                      ","Grand Isle Police Department"
"4405",1997,"LA0310200","Ruston",NA,"LA","West South Central","South","LINCOLN","City","Cities from 10,000 thru 24,999",20293,39,1,40,2,6,8,41,7,48,2.37,"RUSTON POLICE DEPARTMENT                          ","Ruston Police Department"
"4406",1997,"LA0100000","Calcasieu",NA,"LA","West South Central","South","CALCASIEU","County","MSA counties from 25,000 thru 99,999",64825,448,0,448,131,0,131,579,0,579,8.93,"CALCASIEU PARISH SHERIFF'S OFFICE                 ","Calcasieu Parish Sheriff's Office"
"4407",1997,"LA0490000","St. Landry",NA,"LA","West South Central","South","ST LANDRY","County","MSA counties from 25,000 thru 99,999",45293,77,2,79,28,4,32,105,6,111,2.45,"ST. LANDRY PARISH SHERIFF'S OFFICE                ","St. Landry Parish Sheriff's Office"
"4408",1997,"LA0290100","Golden Meadow",NA,"LA","West South Central","South","LAFOURCHE","City","Cities under 2,500",2034,5,0,5,0,1,1,5,1,6,2.95,"GOLDEN MEADOW POLICE DEPARTMENT                   ","Golden Meadow Police Department"
"4409",1997,"LA0210000","Franklin",NA,"LA","West South Central","South","FRANKLIN","County","Non-MSA counties from 10,000 thru 24,999",16099,54,0,54,15,0,15,69,0,69,4.29,"FRANKLIN PARISH SHERIFF'S OFFICE                  ","Franklin Parish Sheriff's Office"
"4410",1997,"LA0230000","Iberia",NA,"LA","West South Central","South","IBERIA","County","Non-MSA counties from 25,000 thru 99,999",29768,44,43,87,6,48,54,50,91,141,4.74,"IBERIA PARISH SHERIFF'S OFFICE                    ","Iberia Parish Sheriff's Office"
"4411",1997,"LA0570400","Erath",NA,"LA","West South Central","South","VERMILION","City","Cities under 2,500",2432,7,0,7,1,2,3,8,2,10,4.11,"ERATH POLICE DEPARTMENT                           ","Erath Police Department"
"4412",1997,"LA0180000","East Carroll",NA,"LA","West South Central","South","EAST CARROLL","County","Non-MSA counties under 10,000",4077,11,0,11,5,0,5,16,0,16,3.92,"EAST CARROLL PARISH SHERIFF'S OFFICE              ","East Carroll Parish Sheriff's Office"
"4413",1997,"LA0080600","Louisiana State University:","Shreveport","LA","West South Central","South","BOSSIER","University or College","Cities under 2,500",0,7,0,7,0,0,0,7,0,7,NA,"LOUISIANA STATE UNIVERSITY - SHREVEPORT POLICE    ","Louisiana State University - Shreveport Police"
"4414",1997,"LA0170000","East Baton Rouge",NA,"LA","West South Central","South","EAST BATON ROUGE","County","MSA counties 100,000 or over",147533,518,0,518,166,0,166,684,0,684,4.64,"EAST BATON ROUGE PARISH SHERIFF'S OFFICE          ","East Baton Rouge Parish Sheriff's Office"
"4415",1997,"LA0640100","Winnfield",NA,"LA","West South Central","South","WINN","City","Cities from 2,500 thru 9,999",6178,13,4,17,1,5,6,14,9,23,3.72,"WINNFIELD POLICE DEPT                             ","Winnfield Police Police Department"
"4416",1997,"LA0570100","Abbeville",NA,"LA","West South Central","South","VERMILION","City","Cities from 10,000 thru 24,999",11893,33,1,34,4,2,6,37,3,40,3.36,"ABBEVILLE POLICE DEPARTMENT                       ","Abbeville Police Department"
"4417",1997,"LA0530100","Hammond",NA,"LA","West South Central","South","TANGIPAHOA","City","Cities from 10,000 thru 24,999",17804,69,0,69,17,1,18,86,1,87,4.89,"HAMMOND POLICE DEPARTMENT                         ","Hammond Police Department"
"4418",1997,"LA0290300","Lockport",NA,"LA","West South Central","South","LAFOURCHE","City","Cities from 2,500 thru 9,999",2802,4,0,4,0,0,0,4,0,4,1.43,"LOCKPORT POLICE DEPARTMENT                        ","Lockport Police Department"
"4419",1997,"LA0340100","Bastrop",NA,"LA","West South Central","South","MOREHOUSE","City","Cities from 10,000 thru 24,999",14827,31,0,31,17,6,23,48,6,54,3.64,"BASTROP POLICE DEPARTMENT                         ","Bastrop Police Department"
"4420",1997,"LA0260400","Westwego",NA,"LA","West South Central","South","JEFFERSON","City","Cities from 10,000 thru 24,999",11020,16,0,16,7,1,8,23,1,24,2.18,"WESTWEGO POLICE DEPARTMENT                        ","Westwego Police Department"
"4421",1997,"LA0480000","St. John the Baptist",NA,"LA","West South Central","South","ST JOHN THE BAPTIST","County","MSA counties from 25,000 thru 99,999",42098,166,2,168,47,1,48,213,3,216,5.13,"ST. JOHN THE BAPTIST PARISH SHERIFF'S OFFICE      ","St. John The Baptist Parish Sheriff's Office"
"4422",1997,"LA0050400","Cottonport",NA,"LA","West South Central","South","AVOYELLES","City","Cities under 2,500",1998,4,0,4,0,0,0,4,0,4,2,"COTTONPORT POLICE DEPARTMENT                      ","Cottonport Police Department"
"4423",1997,"LA0220000","Grant",NA,"LA","West South Central","South","GRANT","County","Non-MSA counties from 10,000 thru 24,999",17927,37,0,37,4,0,4,41,0,41,2.29,"GRANT PARISH SHERIFF'S OFFICE                     ","Grant Parish Sheriff's Office"
"4424",1997,"LA0620100","Oak Grove",NA,"LA","West South Central","South","WEST CARROLL","City","Cities under 2,500",2323,6,0,6,1,0,1,7,0,7,3.01,"OAK GROVE POLICE DEPARTMENT                       ","Oak Grove Police Department"
"4425",1997,"LA0050200","Marksville",NA,"LA","West South Central","South","AVOYELLES","City","Cities from 2,500 thru 9,999",5707,21,0,21,3,2,5,24,2,26,4.56,"MARKSVILLE POLICE DEPARTMENT                      ","Marksville Police Department"
"4426",1997,"LA0070200","Gibsland",NA,"LA","West South Central","South","BIENVILLE","City","Cities under 2,500",1254,2,0,2,0,0,0,2,0,2,1.59,"GIBSLAND POLICE DEPT                              ","Gibsland Police Police Department"
"4427",1997,"LA0210100","Winnsboro",NA,"LA","West South Central","South","FRANKLIN","City","Cities from 2,500 thru 9,999",6210,8,0,8,1,0,1,9,0,9,1.45,"WINNSBORO POLICE DEPARTMENT                       ","Winnsboro Police Department"
"4428",1997,"LA0230400","Loreauville",NA,"LA","West South Central","South","IBERIA","City","Cities under 2,500",863,1,0,1,0,0,0,1,0,1,1.16,"LOREAUVILLE PD                                    ","Loreauville Police Department"
"4429",1997,"LA0080100","Bossier City",NA,"LA","West South Central","South","BOSSIER","City","Cities from 50,000 thru 99,999",54884,120,15,135,7,36,43,127,51,178,3.24,"BOSSIER CITY POLICE DEPT                          ","Bossier City Police Police Department"
"4430",1997,"LA0570000","Vermilion",NA,"LA","West South Central","South","VERMILION","County","Non-MSA counties from 25,000 thru 99,999",28832,70,6,76,4,22,26,74,28,102,3.54,"VERMILION PARISH SHERIFF'S OFFICE                 ","Vermilion Parish Sheriff's Office"
"4431",1997,"LA0010100","Crowley",NA,"LA","West South Central","South","ACADIA","City","Cities from 10,000 thru 24,999",14610,27,0,27,4,1,5,31,1,32,2.19,"CROWLEY POLICE DEPARTMENT                         ","Crowley Police Department"
"4432",1997,"LA0500100","Breaux Bridge",NA,"LA","West South Central","South","ST MARTIN","City","Cities from 2,500 thru 9,999",7117,16,0,16,6,0,6,22,0,22,3.09,"BREAUX BRIDGE POLICE DEPARTMENT                   ","Breaux Bridge Police Department"
"4433",1997,"LA0610300","Addis",NA,"LA","West South Central","South","WEST BATON ROUGE","City","Cities under 2,500",1276,5,0,5,0,0,0,5,0,5,3.92,"ADDIS POLICE DEPARTMENT                           ","Addis Police Department"
"4434",1997,"LA0270400","Welsh",NA,"LA","West South Central","South","JEFFERSON DAVIS","City","Cities from 2,500 thru 9,999",3435,7,0,7,3,0,3,10,0,10,2.91,"WELSH POLICE DEPARTMENT                           ","Welsh Police Department"
"4435",1997,"LA0260300","Kenner",NA,"LA","West South Central","South","JEFFERSON","City","Cities from 50,000 thru 99,999",73514,121,21,142,9,40,49,130,61,191,2.6,"KENNER POLICE DEPARTMENT                          ","Kenner Police Department"
"4436",1997,"LA0150200","Vidalia",NA,"LA","West South Central","South","CONCORDIA","City","Cities from 2,500 thru 9,999",5122,12,0,12,7,0,7,19,0,19,3.71,"VIDALIA POLICE DEPARTMENT                         ","Vidalia Police Department"
"4437",1997,"LA0200000","Evangeline",NA,"LA","West South Central","South","EVANGELINE","County","Non-MSA counties from 10,000 thru 24,999",21686,20,15,35,0,17,17,20,32,52,2.4,"EVANGELINE PARISH SHERIFF'S OFFICE                ","Evangeline Parish Sheriff's Office"
"4438",1997,"LA0040000","Assumption",NA,"LA","West South Central","South","ASSUMPTION","County","Non-MSA counties from 10,000 thru 24,999",22870,25,11,36,0,17,17,25,28,53,2.32,"ASSUMPTION PARISH SHERIFF'S OFFICE                ","Assumption Parish Sheriff's Office"
"4439",1997,"LA0500300","Parks",NA,"LA","West South Central","South","ST MARTIN","City","Cities under 2,500",494,2,0,2,1,0,1,3,0,3,6.07,"PARKS POLICE DEPARTMENT                           ","Parks Police Department"
"4440",1997,"LA0460000","St. Helena",NA,"LA","West South Central","South","ST HELENA","County","Non-MSA counties under 10,000",9951,10,6,16,4,0,4,14,6,20,2.01,"ST. HELENA PARISH SHERIFF'S OFFICE                ","St. Helena Parish Sheriff's Office"
"4441",1997,"LA0260100","Gretna",NA,"LA","West South Central","South","JEFFERSON","City","Cities from 10,000 thru 24,999",17519,63,2,65,14,8,22,77,10,87,4.97,"GRETNA POLICE DEPARTMENT                          ","Gretna Police Department"
"4442",1997,"LA0530000","Tangipahoa",NA,"LA","West South Central","South","TANGIPAHOA","County","Non-MSA counties from 25,000 thru 99,999",61081,192,0,192,59,0,59,251,0,251,4.11,"TANGIPAHOA PARISH SHERIFF'S OFFICE                ","Tangipahoa Parish Sheriff's Office"
"4443",1997,"LA0630000","West Feliciana",NA,"LA","West South Central","South","WEST FELICIANA","County","Non-MSA counties from 10,000 thru 24,999",11381,21,0,21,5,0,5,26,0,26,2.28,"WEST FELICIANA PARISH SHERIFF'S OFFICE            ","West Feliciana Parish Sheriff's Office"
"4444",1997,"LA0310100","Dubach",NA,"LA","West South Central","South","LINCOLN","City","Cities under 2,500",958,3,0,3,0,0,0,3,0,3,3.13,"DUBACH POLICE DEPT                                ","Dubach Police Police Department"
"4445",1997,"LA0490500","Washington",NA,"LA","West South Central","South","ST LANDRY","City","Cities under 2,500",1329,5,0,5,0,0,0,5,0,5,3.76,"WASHINGTON POLICE DEPARTMENT                      ","Washington Police Department"
"4446",1997,"LA0560200","Bernice",NA,"LA","West South Central","South","UNION","City","Cities under 2,500",1561,5,0,5,0,0,0,5,0,5,3.2,"BERNICE POLICE DEPARTMENT                         ","Bernice Police Department"
"4447",1997,"LA0580100","Leesville",NA,"LA","West South Central","South","VERNON","City","Cities from 2,500 thru 9,999",8668,20,0,20,6,0,6,26,0,26,3,"LEESVILLE POLICE DEPARTMENT                       ","Leesville Police Department"
"4448",1997,"LA0590200","Franklinton",NA,"LA","West South Central","South","WASHINGTON","City","Cities from 2,500 thru 9,999",4396,13,0,13,1,0,1,14,0,14,3.18,"FRANKLINTON POLICE DEPARTMENT                     ","Franklinton Police Department"
"4449",1997,"LA0170400","Louisiana State University:","Baton Rouge","LA","West South Central","South","EAST BATON ROUGE","University or College","Cities under 2,500",0,54,0,54,9,2,11,63,2,65,NA,"LOUISIANA STATE UNIVERSITY POLICE DEPARTMENT      ","Louisiana State University Police Department"
"4450",1997,"LA0310000","Lincoln",NA,"LA","West South Central","South","LINCOLN","County","Non-MSA counties from 10,000 thru 24,999",16019,37,0,37,9,0,9,46,0,46,2.87,"LINCOLN PARISH SHERIFF'S OFFICE                   ","Lincoln Parish Sheriff's Office"
"4451",1997,"LA0230300","New Iberia",NA,"LA","West South Central","South","IBERIA","City","Cities from 25,000 thru 49,999",33945,48,5,53,8,14,22,56,19,75,2.21,"NEW IBERIA PD                                     ","New Iberia Police Department"
"4452",1997,"LA0300000","La Salle",NA,"LA","West South Central","South","LA SALLE","County","Non-MSA counties under 10,000",9780,30,0,30,10,1,11,40,1,41,4.19,"LA SALLE PARISH SHERIFF'S OFFICE                  ","La Salle Parish Sheriff's Office"
"4453",1997,"LA0280600","Scott",NA,"LA","West South Central","South","LAFAYETTE","City","Cities from 2,500 thru 9,999",5688,16,1,17,0,1,1,16,2,18,3.16,"SCOTT POLICE DEPARTMENT                           ","Scott Police Department"
"4454",1997,"LA0350100","Natchitoches",NA,"LA","West South Central","South","NATCHITOCHES","City","Cities from 10,000 thru 24,999",16904,62,1,63,16,2,18,78,3,81,4.79,"NATCHITOCHES POLICE DEPARTMENT                    ","Natchitoches Police Department"
"4455",1997,"LA0100700","Iowa",NA,"LA","West South Central","South","CALCASIEU","City","Cities from 2,500 thru 9,999",2800,7,0,7,1,1,2,8,1,9,3.21,"IOWA POLICE DEPARTMENT                            ","Iowa Police Department"
"4456",1997,"LA0330100","Tallulah",NA,"LA","West South Central","South","MADISON","City","Cities from 2,500 thru 9,999",8706,11,0,11,4,0,4,15,0,15,1.72,"TALLULAH POLICE DEPT.                             ","Tallulah Police Police Department"
"4457",1997,"LA0300200","Olla",NA,"LA","West South Central","South","LA SALLE","City","Cities under 2,500",1487,4,0,4,0,0,0,4,0,4,2.69,"OLLA POLICE DEPARTMENT                            ","Olla Police Department"
"4458",1997,"LA0170300","Zachary",NA,"LA","West South Central","South","EAST BATON ROUGE","City","Cities from 2,500 thru 9,999",9512,23,0,23,5,1,6,28,1,29,3.05,"ZACHARY POLICE DEPARTMENT                         ","Zachary Police Department"
"4459",1997,"LA0150100","Ferriday",NA,"LA","West South Central","South","CONCORDIA","City","Cities from 2,500 thru 9,999",4251,9,1,10,1,4,5,10,5,15,3.53,"FERRIDAY POLICE DEPARTMENT                        ","Ferriday Police Department"
"4460",1997,"LA0410000","Red River",NA,"LA","West South Central","South","RED RIVER","County","Non-MSA counties under 10,000",9401,26,12,38,4,7,11,30,19,49,5.21,"RED RIVER PARISH SHERIFF'S OFFICE                 ","Red River Parish Sheriff's Office"
"4461",1997,"LA0100800","McNeese State University",NA,"LA","West South Central","South","CALCASIEU","University or College","Cities under 2,500",0,7,1,8,1,3,4,8,4,12,NA,"MCNEESE STATE UNIVERSITY POLICE                   ","Mcneese State University Police"
"4462",1997,"LA0430000","Sabine",NA,"LA","West South Central","South","SABINE","County","Non-MSA counties from 10,000 thru 24,999",18469,41,0,41,21,0,21,62,0,62,3.36,"SABINE PARISH SHERIFF'S OFFICE                    ","Sabine Parish Sheriff's Office"
"4463",1997,"LA0490100","Eunice",NA,"LA","West South Central","South","ACADIA, ST LANDRY","City","Cities from 10,000 thru 24,999",11522,30,1,31,1,6,7,31,7,38,3.3,"EUNICE POLICE DEPARTMENT                          ","Eunice Police Department"
"4464",1997,"LA0310700","Louisiana Tech University",NA,"LA","West South Central","South","LINCOLN","University or College","Cities under 2,500",0,17,0,17,3,2,5,20,2,22,NA,"LOUISIANA TECH UNIVERSITY POLICE                  ","Louisiana Tech University Police"
"4465",1997,"LA0370900","Tensas Basin Levee District",NA,"LA","West South Central","South","OUACHITA","Other State Agency","Cities under 2,500",0,2,0,2,0,1,1,2,1,3,NA,"TENSAS BASIN LEVEE DISTRICT POLICE                ","Tensas Basin Levee District Police"
"4466",1997,"LA0420300","Mangham",NA,"LA","West South Central","South","RICHLAND","City","Cities under 2,500",577,3,0,3,0,0,0,3,0,3,5.2,"MANGHAM POLICE DEPARTMENT                         ","Mangham Police Department"
"4467",1997,"LA0490200","Opelousas",NA,"LA","West South Central","South","ST LANDRY","City","Cities from 10,000 thru 24,999",19469,40,1,41,6,8,14,46,9,55,2.83,"OPELOUSAS POLICE DEPARTMENT                       ","Opelousas Police Department"
"4468",1997,"LA0370300","Sterlington",NA,"LA","West South Central","South","OUACHITA","City","Cities under 2,500",1280,5,0,5,0,0,0,5,0,5,3.91,"STERLINGTON POLICE DEPARTMENT                     ","Sterlington Police Department"
"4469",1997,"LA0280000","Lafayette",NA,"LA","West South Central","South","LAFAYETTE","County","MSA counties from 25,000 thru 99,999",67675,345,0,345,109,0,109,454,0,454,6.71,"LAFAYETTE PARISH SHERIFF'S OFFICE                 ","Lafayette Parish Sheriff's Office"
"4470",1997,"LA0200200","Mamou",NA,"LA","West South Central","South","EVANGELINE","City","Cities from 2,500 thru 9,999",3453,11,0,11,1,6,7,12,6,18,5.21,"MAMOU POLICE DEPARTMENT                           ","Mamou Police Department"
"4471",1997,"LA0320000","Livingston",NA,"LA","West South Central","South","LIVINGSTON","County","MSA counties from 25,000 thru 99,999",69386,83,0,83,43,0,43,126,0,126,1.82,"LIVINGSTON PARISH SHERIFF'S OFFICE                ","Livingston Parish Sheriff's Office"
"4472",1997,"LA0390100","New Roads",NA,"LA","West South Central","South","POINTE COUPEE","City","Cities from 2,500 thru 9,999",5387,15,1,16,1,4,5,16,5,21,3.9,"NEW ROADS POLICE DEPARTMENT                       ","New Roads Police Department"
"4473",1997,"LA0570200","Kaplan",NA,"LA","West South Central","South","VERMILION","City","Cities from 2,500 thru 9,999",4462,11,0,11,1,5,6,12,5,17,3.81,"KAPLAN POLICE DEPARTMENT                          ","Kaplan Police Department"
"4474",1997,"LA0610200","Brusly",NA,"LA","West South Central","South","WEST BATON ROUGE","City","Cities under 2,500",1934,6,0,6,0,0,0,6,0,6,3.1,"BRUSLY POLICE DEPARTMENT                          ","Brusly Police Department"
"4475",1997,"LA0290500","Thibodaux",NA,"LA","West South Central","South","LAFOURCHE","City","Cities from 10,000 thru 24,999",14332,41,2,43,5,4,9,46,6,52,3.63,"THIBODAUX POLICE DEPARTMENT                       ","Thibodaux Police Department"
"4476",1997,"LA0520300","Mandeville",NA,"LA","West South Central","South","ST TAMMANY","City","Cities from 2,500 thru 9,999",9441,29,2,31,7,6,13,36,8,44,4.66,"MANDEVILLE POLICE DEPARTMENT                      ","Mandeville Police Department"
"4477",1997,"LA0450000","St. Charles",NA,"LA","West South Central","South","ST CHARLES","County","MSA counties from 25,000 thru 99,999",46140,153,10,163,23,76,99,176,86,262,5.68,"ST. CHARLES PARISH SHERIFF'S OFFICE               ","St. Charles Parish Sheriff's Office"
"4478",1997,"LA0270200","Jennings",NA,"LA","West South Central","South","JEFFERSON DAVIS","City","Cities from 10,000 thru 24,999",11977,25,5,30,8,3,11,33,8,41,3.42,"JENNINGS POLICE DEPARTMENT                        ","Jennings Police Department"
"4479",1997,"LA0400200","Pineville",NA,"LA","West South Central","South","RAPIDES","City","Cities from 10,000 thru 24,999",12114,36,1,37,0,7,7,36,8,44,3.63,"PINEVILLE POLICE DEPARTMENT                       ","Pineville Police Department"
"4480",1997,"LA0510500","Baldwin",NA,"LA","West South Central","South","ST MARY","City","Cities under 2,500",2457,4,0,4,2,1,3,6,1,7,2.85,"BALDWIN POLICE DEPARTMENT                         ","Baldwin Police Department"
"4481",1997,"LA0610100","Port Allen",NA,"LA","West South Central","South","WEST BATON ROUGE","City","Cities from 2,500 thru 9,999",6233,19,0,19,4,0,4,23,0,23,3.69,"PORT ALLEN POLICE DEPARTMENT                      ","Port Allen Police Department"
"4482",1997,"LA0640000","Winn",NA,"LA","West South Central","South","WINN","County","Non-MSA counties from 10,000 thru 24,999",10952,19,10,29,1,5,6,20,15,35,3.2,"WINN PARISH SHERIFF'S OFFICE                      ","Winn Parish Sheriff's Office"
"4483",1997,"LA0030300","Sorrento",NA,"LA","West South Central","South","ASCENSION","City","Cities under 2,500",1184,3,0,3,0,1,1,3,1,4,3.38,"SORRENTO POLICE DEPARTMENT                        ","Sorrento Police Department"
"4484",1997,"LA0020200","Oakdale",NA,"LA","West South Central","South","ALLEN","City","Cities from 2,500 thru 9,999",7544,19,0,19,4,0,4,23,0,23,3.05,"OAKDALE POLICE DEPARTMENT                         ","Oakdale Police Department"
"4485",1997,"LA0130300","Harrisonburg",NA,"LA","West South Central","South","CATAHOULA","City","Cities under 2,500",417,1,0,1,0,0,0,1,0,1,2.4,"HARRISONBURG POLICE DEPARTMENT                    ","Harrisonburg Police Department"
"4486",1997,"LA0390000","Pointe Coupee",NA,"LA","West South Central","South","POINTE COUPEE","County","Non-MSA counties from 10,000 thru 24,999",17823,61,8,69,6,26,32,67,34,101,5.67,"POINTE COUPEE PARISH SHERIFF'S OFFICE             ","Pointe Coupee Parish Sheriff's Office"
"4487",1997,"LA0540300","St. Joseph",NA,"LA","West South Central","South","TENSAS","City","Cities under 2,500",1459,3,0,3,0,0,0,3,0,3,2.06,"ST. JOSEPH POLICE DEPARTMENT                      ","St. Joseph Police Department"
"4488",1997,"LA0500000","St. Martin",NA,"LA","West South Central","South","ST MARTIN","County","MSA counties from 25,000 thru 99,999",30384,108,2,110,38,33,71,146,35,181,5.96,"ST. MARTIN PARISH SHERIFF'S OFFICE                ","St. Martin Parish Sheriff's Office"
"4489",1997,"LA0490400","Sunset",NA,"LA","West South Central","South","ST LANDRY","City","Cities under 2,500",2288,6,0,6,6,0,6,12,0,12,5.24,"SUNSET POLICE DEPARTMENT                          ","Sunset Police Department"
"4490",1997,"LA0020000","Allen",NA,"LA","West South Central","South","ALLEN","County","Non-MSA counties from 10,000 thru 24,999",13676,23,10,33,0,8,8,23,18,41,3,"ALLEN PARISH SHERIFF'S OFFICE                     ","Allen Parish Sheriff's Office"
"4491",1997,"LA0010000","Acadia",NA,"LA","West South Central","South","ACADIA","County","MSA counties from 25,000 thru 99,999",27446,62,10,72,10,17,27,72,27,99,3.61,"ACADIA PARISH SHERIFF'S OFFICE                    ","Acadia Parish Sheriff's Office"
"4492",1997,"LA0570500","Gueydan",NA,"LA","West South Central","South","VERMILION","City","Cities under 2,500",1583,4,0,4,0,0,0,4,0,4,2.53,"GUEYDAN POLICE DEPT                               ","Gueydan Police Police Department"
"4493",1997,"LA0510100","Berwick",NA,"LA","West South Central","South","ST MARY","City","Cities from 2,500 thru 9,999",4568,10,0,10,1,0,1,11,0,11,2.41,"BERWICK POLICE DEPARTMENT                         ","Berwick Police Department"
"4494",1997,"LA0580000","Vernon",NA,"LA","West South Central","South","VERNON","County","Non-MSA counties from 25,000 thru 99,999",46296,91,0,91,31,0,31,122,0,122,2.64,"VERNON PARISH SHERIFF'S OFFICE                    ","Vernon Parish Sheriff's Office"
"4495",1997,"LA0530900","Southeastern Louisiana University",NA,"LA","West South Central","South","TANGIPAHOA","University or College","Cities under 2,500",0,18,1,19,4,6,10,22,7,29,NA,"SOUTHEASTERN LOUISIANA UNIVERSITY POLICE          ","Southeastern Louisiana University Police"
"4496",1997,"LA0070000","Bienville",NA,"LA","West South Central","South","BIENVILLE","County","Non-MSA counties from 10,000 thru 24,999",11866,34,2,36,4,1,5,38,3,41,3.46,"BIENVILLE PARISH SHERIFF'S OFFICE                 ","Bienville Parish Sheriff's Office"
"4497",1997,"LA0400400","Lecompte",NA,"LA","West South Central","South","RAPIDES","City","Cities under 2,500",1674,7,0,7,0,0,0,7,0,7,4.18,"LECOMPTE POLICE DEPARTMENT                        ","Lecompte Police Department"
"4498",1997,"LA0370100","Monroe",NA,"LA","West South Central","South","OUACHITA","City","Cities from 50,000 thru 99,999",57537,149,16,165,20,56,76,169,72,241,4.19,"MONROE POLICE DEPARTMENT                          ","Monroe Police Department"
"4499",1997,"LA0361700","Louisiana State University:","Health Sciences Center, New Orleans","LA","West South Central","South","ORLEANS","University or College","Cities under 2,500",0,49,1,50,4,0,4,53,1,54,NA,"LSU HEALTH SCIENCES CENTER POLICE DEPARTMENT      ","Lsu Health Sciences Center Police Department"
"4500",1997,"LA0260200","Harahan",NA,"LA","West South Central","South","JEFFERSON","City","Cities from 2,500 thru 9,999",9712,21,0,21,6,0,6,27,0,27,2.78,"HARAHAN POLICE DEPARTMENT                         ","Harahan Police Department"
"4501",1997,"LA0140100","Haynesville",NA,"LA","West South Central","South","CLAIBORNE","City","Cities from 2,500 thru 9,999",2734,6,0,6,0,0,0,6,0,6,2.19,"HAYNESVILLE POLICE DEPT                           ","Haynesville Police Police Department"
"4502",1997,"LA0100100","De Quincy",NA,"LA","West South Central","South","CALCASIEU","City","Cities from 2,500 thru 9,999",3692,10,0,10,2,0,2,12,0,12,3.25,"DEQUINCY POLICE DEPARTMENT                        ","Dequincy Police Department"
"4503",1997,"LA0290600","Nicholls State University",NA,"LA","West South Central","South","LAFOURCHE","University or College","Cities under 2,500",0,11,0,11,1,2,3,12,2,14,NA,"NICHOLLS STATE UNIVERSITY POLICE                  ","Nicholls State University Police"
"4504",1997,"LA0470100","Lutcher",NA,"LA","West South Central","South","ST JAMES","City","Cities from 2,500 thru 9,999",4028,2,0,2,0,0,0,2,0,2,0.5,"LUTCHER POLICE DEPARTMENT                         ","Lutcher Police Department"
"4505",1997,"LA0420000","Richland",NA,"LA","West South Central","South","RICHLAND","County","Non-MSA counties from 10,000 thru 24,999",12476,40,0,40,48,0,48,88,0,88,7.05,"RICHLAND PARISH SHERIFF'S OFFICE                  ","Richland Parish Sheriff's Office"
"4506",1997,"LA0170200","Baton Rouge",NA,"LA","West South Central","South","EAST BATON ROUGE","City","Cities from 100,000 thru 249,999",229553,544,4,548,119,100,219,663,104,767,3.34,"BATON ROUGE POLICE DEPARTMENT                     ","Baton Rouge Police Department"
"4507",1997,"LA0250000","Jackson",NA,"LA","West South Central","South","JACKSON","County","Non-MSA counties from 10,000 thru 24,999",11394,28,0,28,5,0,5,33,0,33,2.9,"JACKSON PARISH SHERIFF'S OFFICE                   ","Jackson Parish Sheriff's Office"
"4508",1997,"LA0570300","Delcambre",NA,"LA","West South Central","South","VERMILION","City","Cities under 2,500",2019,6,0,6,3,0,3,9,0,9,4.46,"DELCAMBRE POLICE DEPARTMENT                       ","Delcambre Police Department"
"4509",1997,"LA0030000","Ascension",NA,"LA","West South Central","South","ASCENSION","County","MSA counties from 25,000 thru 99,999",55219,144,1,145,35,0,35,179,1,180,3.26,"ASCENSION PARISH SHERIFF'S OFFICE                 ","Ascension Parish Sheriff's Office"
"4510",1997,"LA0060100","De Ridder",NA,"LA","West South Central","South","BEAUREGARD","City","Cities from 10,000 thru 24,999",10279,20,0,20,6,1,7,26,1,27,2.63,"DERIDDER POLICE DEPARTMENT                        ","Deridder Police Department"
"4511",1997,"LA0540000","Tensas",NA,"LA","West South Central","South","TENSAS","County","Non-MSA counties under 10,000",2883,79,0,79,14,0,14,93,0,93,32.26,"TENSAS PARISH SHERIFF'S OFFICE                    ","Tensas Parish Sheriff's Office"
"4512",1997,"LA0090000","Caddo",NA,"LA","West South Central","South","CADDO","County","MSA counties from 25,000 thru 99,999",44597,326,33,359,74,158,232,400,191,591,13.25,"CADDO PARISH SHERIFF'S OFFICE                     ","Caddo Parish Sheriff's Office"
"4513",1997,"LA0620000","West Carroll",NA,"LA","West South Central","South","WEST CARROLL","County","Non-MSA counties under 10,000",9776,16,0,16,4,0,4,20,0,20,2.05,"WEST CARROLL PARISH SHERIFF'S OFFICE              ","West Carroll Parish Sheriff's Office"
"4514",1997,"LA0520000","St. Tammany",NA,"LA","West South Central","South","ST TAMMANY","County","MSA counties 100,000 or over",116832,257,0,257,109,0,109,366,0,366,3.13,"ST. TAMMANY PARISH SHERIFF'S OFFICE               ","St. Tammany Parish Sheriff's Office"
"4515",1997,"LA0510000","St. Mary",NA,"LA","West South Central","South","ST MARY","County","Non-MSA counties from 10,000 thru 24,999",21815,75,3,78,21,17,38,96,20,116,5.32,"ST. MARY PARISH SHERIFF'S OFFICE                  ","St. Mary Parish Sheriff's Office"
"4516",1997,"LA0520600","Abita Springs",NA,"LA","West South Central","South","ST TAMMANY","City","Cities under 2,500",1687,6,0,6,0,1,1,6,1,7,4.15,"ABITA SPRINGS PD                                  ","Abita Springs Police Department"
"4517",1997,"LA0370400","University of Louisiana:","Monroe","LA","West South Central","South","OUACHITA","University or College","Cities under 2,500",0,18,1,19,0,4,4,18,5,23,NA,"UNIVERSITY OF LOUISIANA - MONROE POLICE           ","University Of Louisiana - Monroe Police"
"4518",1997,"LA0350000","Natchitoches",NA,"LA","West South Central","South","NATCHITOCHES","County","Non-MSA counties from 10,000 thru 24,999",20663,43,1,44,16,0,16,59,1,60,2.9,"NATCHITOCHES PARISH SHERIFF'S OFFICE              ","Natchitoches Parish Sheriff's Office"
"4519",1997,"LA0130100","Jonesville",NA,"LA","West South Central","South","CATAHOULA","City","Cities from 2,500 thru 9,999",3158,8,10,18,1,2,3,9,12,21,6.65,"JONESVILLE POLICE DEPARTMENT                      ","Jonesville Police Department"
"4520",1997,"LA0400700","Woodworth",NA,"LA","West South Central","South","RAPIDES","City","Cities under 2,500",884,3,0,3,0,1,1,3,1,4,4.52,"WOODWORTH POLICE DEPARTMENT                       ","Woodworth Police Department"
"4521",1997,"LA0180100","Lake Providence",NA,"LA","West South Central","South","EAST CARROLL","City","Cities from 2,500 thru 9,999",5468,9,0,9,4,0,4,13,0,13,2.38,"LAKE PROVIDENCE POLICE DEPARTMENT                 ","Lake Providence Police Department"
"4522",1997,"LA0400000","Rapides",NA,"LA","West South Central","South","RAPIDES","County","MSA counties from 25,000 thru 99,999",60480,190,40,230,24,49,73,214,89,303,5.01,"RAPIDES PARISH SHERIFF'S OFFICE                   ","Rapides Parish Sheriff's Office"
"4523",1997,"LA0430100","Many",NA,"LA","West South Central","South","SABINE","City","Cities from 2,500 thru 9,999",3331,9,0,9,2,0,2,11,0,11,3.3,"MANY POLICE DEPARTMENT                            ","Many Police Department"
"4524",1997,"LA0050300","Simmesport",NA,"LA","West South Central","South","AVOYELLES","City","Cities under 2,500",2049,3,1,4,0,0,0,3,1,4,1.95,"SIMMESPORT POLICE DEPT.                           ","Simmesport Police Police Department"
"4525",1997,"LA0050000","Avoyelles",NA,"LA","West South Central","South","AVOYELLES","County","Non-MSA counties from 25,000 thru 99,999",25426,163,0,163,75,0,75,238,0,238,9.36,"AVOYELLES PARISH SHERIFF'S OFFICE                 ","Avoyelles Parish Sheriff's Office"
"4526",1997,"LA0351000","Northwestern State University",NA,"LA","West South Central","South","NATCHITOCHES","University or College","Cities under 2,500",0,13,0,13,1,1,2,14,1,15,NA,"NORTHWESTERN STATE UNIVERSITY OF LOUISIANA POLICE ","Northwestern State University Of Louisiana Police"
"4527",1997,"LA0520100","Covington",NA,"LA","West South Central","South","ST TAMMANY","City","Cities from 2,500 thru 9,999",8387,27,0,27,1,9,10,28,9,37,4.41,"COVINGTON POLICE DEPARTMENT                       ","Covington Police Department"
"4528",1997,"LA0100400","Vinton",NA,"LA","West South Central","South","CALCASIEU","City","Cities from 2,500 thru 9,999",3523,11,0,11,2,0,2,13,0,13,3.69,"VINTON POLICE DEPARTMENT                          ","Vinton Police Department"
"4529",1997,"LA0300100","Jena",NA,"LA","West South Central","South","LA SALLE","City","Cities from 2,500 thru 9,999",2643,5,0,5,0,0,0,5,0,5,1.89,"JENA POLICE DEPARTMENT                            ","Jena Police Department"
"4530",1997,"LALSP0000","State Police",NA,"LA","West South Central","South","UNMAPPED COUNTY","State Police","Non-MSA counties under 10,000",0,837,211,1048,19,283,302,856,494,1350,NA,"LOUISIANA STATE POLICE                            ","Louisiana State Police"
"4531",1997,"LA0630100","St. Francisville",NA,"LA","West South Central","South","WEST FELICIANA","City","Cities under 2,500",1860,6,0,6,1,1,2,7,1,8,4.3,"ST. FRANCISVILLE POLICE DEPARTMENT                ","St. Francisville Police Department"
"4532",1997,"LA0470000","St. James",NA,"LA","West South Central","South","ST JAMES","County","MSA counties from 10,000 thru 24,999",14763,39,18,57,5,28,33,44,46,90,6.1,"ST. JAMES PARISH SHERIFF'S OFFICE                 ","St. James Parish Sheriff's Office"
"4533",1997,"LA0510200","Franklin",NA,"LA","West South Central","South","ST MARY","City","Cities from 2,500 thru 9,999",9201,14,2,16,10,2,12,24,4,28,3.04,"FRANKLIN POLICE DEPARTMENT                        ","Franklin Police Department"
"4534",1997,"LA0370000","Ouachita",NA,"LA","West South Central","South","OUACHITA","County","MSA counties from 25,000 thru 99,999",73090,175,33,208,46,38,84,221,71,292,4,"OUACHITA PARISH SHERIFF'S OFFICE                  ","Ouachita Parish Sheriff's Office"
"4535",1997,"LA0510300","Morgan City",NA,"LA","West South Central","South","ST MARY","City","Cities from 10,000 thru 24,999",14051,29,8,37,5,7,12,34,15,49,3.49,"MORGAN CITY POLICE DEPARTMENT                     ","Morgan City Police Department"
"4536",1997,"LA0340500","Oak Ridge",NA,"LA","West South Central","South","MOREHOUSE","City","Cities under 2,500",172,1,0,1,0,0,0,1,0,1,5.81,"OAK RIDGE POLICE DEPT                             ","Oak Ridge Police Police Department"
"4537",1997,"LA0580200","New Llano",NA,"LA","West South Central","South","VERNON","City","Cities from 2,500 thru 9,999",2527,9,0,9,2,0,2,11,0,11,4.35,"NEW LLANO POLICE DEPARTMENT                       ","New Llano Police Department"
"4538",1997,"LA0590000","Washington",NA,"LA","West South Central","South","WASHINGTON","County","Non-MSA counties from 10,000 thru 24,999",23825,70,5,75,4,15,19,74,20,94,3.95,"WASHINGTON PARISH SHERIFF'S OFFICE                ","Washington Parish Sheriff's Office"
"4539",1997,"LA0590100","Bogalusa",NA,"LA","West South Central","South","WASHINGTON","City","Cities from 10,000 thru 24,999",15042,40,3,43,3,7,10,43,10,53,3.52,"BOGALUSA POLICE DEPARTMENT                        ","Bogalusa Police Department"
"4540",1997,"LA0430200","Zwolle",NA,"LA","West South Central","South","SABINE","City","Cities under 2,500",1869,4,0,4,0,1,1,4,1,5,2.68,"ZWOLLE POLICE DEPARTMENT                          ","Zwolle Police Department"
"4541",1997,"LA0600000","Webster",NA,"LA","West South Central","South","WEBSTER","County","MSA counties from 10,000 thru 24,999",21571,28,53,81,2,16,18,30,69,99,4.59,"WEBSTER PARISH SHERIFF'S OFFICE                   ","Webster Parish Sheriff's Office"
"4542",1997,"LA0370200","West Monroe",NA,"LA","West South Central","South","OUACHITA","City","Cities from 10,000 thru 24,999",14471,50,3,53,11,1,12,61,4,65,4.49,"WEST MONROE POLICE DEPARTMENT                     ","West Monroe Police Department"
"4543",1997,"LA0370500","Richwood",NA,"LA","West South Central","South","OUACHITA","City","Cities under 2,500",1316,7,0,7,1,1,2,8,1,9,6.84,"RICHWOOD POLICE DEPARTMENT                        ","Richwood Police Department"
"4544",1997,"LA0170100","Baker",NA,"LA","West South Central","South","EAST BATON ROUGE","City","Cities from 10,000 thru 24,999",13257,24,0,24,5,0,5,29,0,29,2.19,"BAKER POLICE DEPARTMENT                           ","Baker Police Department"
"4545",1997,"LA0260000","Jefferson",NA,"LA","West South Central","South","JEFFERSON","County","MSA counties 100,000 or over",347354,868,167,1035,104,313,417,972,480,1452,4.18,"JEFFERSON PARISH SHERIFF'S OFFICE                 ","Jefferson Parish Sheriff's Office"
"4546",1997,"LA0080700","Southern University and A&M College:","Shreveport","LA","West South Central","South","BOSSIER","University or College","Cities under 2,500",0,6,0,6,1,0,1,7,0,7,NA,"SOUTHERN UNIVERSITY AND A & M COLLEGE - SHREVEPORT","Southern University And A & M College - Shreveport"
"4547",1997,"LA0520500","Pearl River",NA,"LA","West South Central","South","ST TAMMANY","City","Cities under 2,500",2400,6,0,6,5,0,5,11,0,11,4.58,"PEARL RIVER POLICE DEPARTMENT                     ","Pearl River Police Department"
"4548",1997,"LA0110000","Caldwell",NA,"LA","West South Central","South","CALDWELL","County","Non-MSA counties from 10,000 thru 24,999",10421,40,50,90,7,23,30,47,73,120,11.52,"CALDWELL PARISH SHERIFF'S OFFICE                  ","Caldwell Parish Sheriff's Office"
"4549",1997,"LA0050100","Bunkie",NA,"LA","West South Central","South","AVOYELLES","City","Cities from 2,500 thru 9,999",4995,10,1,11,2,1,3,12,2,14,2.8,"BUNKIE POLICE DEPARTMENT                          ","Bunkie Police Department"
"4550",1997,"LA0070100","Arcadia",NA,"LA","West South Central","South","BIENVILLE","City","Cities from 2,500 thru 9,999",3097,6,1,7,0,0,0,6,1,7,2.26,"ARCADIA POLICE DEPARTMENT                         ","Arcadia Police Department"
"4551",1997,"LA0150000","Concordia",NA,"LA","West South Central","South","CONCORDIA","County","Non-MSA counties from 10,000 thru 24,999",11645,90,0,90,19,0,19,109,0,109,9.36,"CONCORDIA PARISH SHERIFF'S OFFICE                 ","Concordia Parish Sheriff's Office"
"4552",1997,"LA0060000","Beauregard",NA,"LA","West South Central","South","BEAUREGARD","County","Non-MSA counties from 10,000 thru 24,999",21385,48,4,52,7,12,19,55,16,71,3.32,"BEAUREGARD PARISH SHERIFF'S OFFICE                ","Beauregard Parish Sheriff's Office"
"4553",1997,"LA0240000","Iberville",NA,"LA","West South Central","South","IBERVILLE","County","Non-MSA counties from 10,000 thru 24,999",22366,62,32,94,3,45,48,65,77,142,6.35,"IBERVILLE PARISH SHERIFF'S OFFICE                 ","Iberville Parish Sheriff's Office"
"4554",1997,"LA0510400","Patterson",NA,"LA","West South Central","South","ST MARY","City","Cities from 2,500 thru 9,999",5578,10,0,10,6,0,6,16,0,16,2.87,"PATTERSON POLICE DEPARTMENT                       ","Patterson Police Department"
"4555",1997,"LA0610000","West Baton Rouge",NA,"LA","West South Central","South","WEST BATON ROUGE","County","MSA counties from 10,000 thru 24,999",10778,31,58,89,1,41,42,32,99,131,12.15,"WEST BATON ROUGE PARISH SHERIFF'S OFFICE          ","West Baton Rouge Parish Sheriff's Office"
"4556",1997,"LA0560100","Farmerville",NA,"LA","West South Central","South","UNION","City","Cities from 2,500 thru 9,999",3468,9,0,9,3,0,3,12,0,12,3.46,"FARMERVILLE POLICE DEPARTMENT                     ","Farmerville Police Department"
"4557",1997,"LA0600100","Minden",NA,"LA","West South Central","South","WEBSTER","City","Cities from 10,000 thru 24,999",13931,27,0,27,4,1,5,31,1,32,2.3,"MINDEN POLICE DEPARTMENT                          ","Minden Police Department"
"4558",1997,"LA0600200","Springhill",NA,"LA","West South Central","South","WEBSTER","City","Cities from 2,500 thru 9,999",5513,14,0,14,1,0,1,15,0,15,2.72,"SPRINGHILL POLICE DEPARTMENT                      ","Springhill Police Department"
"4559",1997,"LA0530200","Kentwood",NA,"LA","West South Central","South","TANGIPAHOA","City","Cities under 2,500",2487,10,0,10,1,0,1,11,0,11,4.42,"KENTWOOD POLICE DEPARTMENT                        ","Kentwood Police Department"
"4560",1997,"LA0401000","Ball",NA,"LA","West South Central","South","RAPIDES","City","Cities from 2,500 thru 9,999",3237,5,0,5,0,1,1,5,1,6,1.85,"BALL POLICE DEPARTMENT                            ","Ball Police Department"
"4561",1997,"LA0550000","Terrebonne",NA,"LA","West South Central","South","TERREBONNE","County","MSA counties from 25,000 thru 99,999",69639,160,0,160,76,0,76,236,0,236,3.39,"TERREBONNE PARISH SHERIFF'S OFFICE                ","Terrebonne Parish Sheriff's Office"
"4562",1997,"LA0010400","Iota",NA,"LA","West South Central","South","ACADIA","City","Cities under 2,500",1303,3,0,3,0,0,0,3,0,3,2.3,"IOTA POLICE DEPARTMENT                            ","Iota Police Department"
"4563",1997,"LA0280700","University of Louisiana:","Lafayette","LA","West South Central","South","LAFAYETTE","University or College","Cities under 2,500",0,15,0,15,3,1,4,18,1,19,NA,"UNIVERSITY OF LOUISIANA AT LAFAYETTE POLICE       ","University Of Louisiana At Lafayette Police"
"4564",1997,"LA0320100","Denham Springs",NA,"LA","West South Central","South","LIVINGSTON","City","Cities from 2,500 thru 9,999",9142,21,3,24,0,12,12,21,15,36,3.94,"DENHAM SPRINGS POLICE DEPARTMENT                  ","Denham Springs Police Department"
"4565",1997,"LA0530300","Ponchatoula",NA,"LA","West South Central","South","TANGIPAHOA","City","Cities from 2,500 thru 9,999",5984,14,1,15,1,2,3,15,3,18,3.01,"PONCHATOULA POLICE DEPARTMENT                     ","Ponchatoula Police Department"
"4566",1997,"LA0010200","Rayne",NA,"LA","West South Central","South","ACADIA","City","Cities from 2,500 thru 9,999",8953,19,0,19,3,0,3,22,0,22,2.46,"RAYNE POLICE DEPARTMENT                           ","Rayne Police Department"
"4567",1997,"LA0030200","Gonzales",NA,"LA","West South Central","South","ASCENSION","City","Cities from 2,500 thru 9,999",8024,24,0,24,6,0,6,30,0,30,3.74,"GONZALES POLICE DEPARTMENT                        ","Gonzales Police Department"
"4568",1997,"LA0420100","Delhi",NA,"LA","West South Central","South","RICHLAND","City","Cities from 2,500 thru 9,999",3204,6,0,6,1,0,1,7,0,7,2.18,"DELHI POLICE DEPARTMENT                           ","Delhi Police Department"
"4569",1997,"LA0310600","Grambling State University",NA,"LA","West South Central","South","LINCOLN","University or College","Cities under 2,500",0,15,0,15,8,1,9,23,1,24,NA,"GRAMBLING STATE UNIVERSITY POLICE DEPT.           ","Grambling State University Police Police Department"
"4570",1997,"LA0380000","Plaquemines",NA,"LA","West South Central","South","PLAQUEMINES","County","MSA counties from 25,000 thru 99,999",25671,151,0,151,66,3,69,217,3,220,8.57,"PLAQUEMINES PARISH SHERIFF'S OFFICE               ","Plaquemines Parish Sheriff's Office"
"4571",1997,"LA0100200","Lake Charles",NA,"LA","West South Central","South","CALCASIEU","City","Cities from 50,000 thru 99,999",73043,143,1,144,25,1,26,168,2,170,2.33,"LAKE CHARLES POLICE DEPARTMENT                    ","Lake Charles Police Department"
"4572",1997,"LA0080000","Bossier",NA,"LA","West South Central","South","BOSSIER","County","MSA counties from 25,000 thru 99,999",34452,123,0,123,33,0,33,156,0,156,4.53,"BOSSIER PARISH SHERIFF'S OFFICE                   ","Bossier Parish Sheriff's Office"
"4573",1997,"LA0090100","Shreveport",NA,"LA","West South Central","South","BOSSIER, CADDO","City","Cities from 100,000 thru 249,999",199463,442,17,459,65,126,191,507,143,650,3.26,"SHREVEPORT POLICE DEPARTMENT                      ","Shreveport Police Department"
"4574",1997,"LA0140000","Claiborne",NA,"LA","West South Central","South","CLAIBORNE","County","Non-MSA counties from 10,000 thru 24,999",10586,18,4,22,1,4,5,19,8,27,2.55,"CLAIBORNE PARISH SHERIFF'S OFFICE                 ","Claiborne Parish Sheriff's Office"
"4575",1997,"LA0090400","Blanchard",NA,"LA","West South Central","South","CADDO","City","Cities under 2,500",1492,3,0,3,0,0,0,3,0,3,2.01,"BLANCHARD POLICE DEPARTMENT                       ","Blanchard Police Department"
"4576",1997,"LA0010300","Church Point",NA,"LA","West South Central","South","ACADIA","City","Cities from 2,500 thru 9,999",4828,13,0,13,4,0,4,17,0,17,3.52,"CHURCH POINT POLICE DEPARTMENT                    ","Church Point Police Department"
"4577",1997,"LA0240300","White Castle",NA,"LA","West South Central","South","JEFFERSON DAVIS","City","Cities under 2,500",2248,8,0,8,0,3,3,8,3,11,4.89,"WHITE CASTLE POLICE DEPARTMENT                    ","White Castle Police Department"
"4578",1997,"LA0530400","Amite",NA,"LA","West South Central","South","TANGIPAHOA","City","Cities from 2,500 thru 9,999",4679,14,0,14,4,0,4,18,0,18,3.85,"AMITE POLICE DEPARTMENT                           ","Amite Police Department"
"4579",1997,"LA0490800","Krotz Springs",NA,"LA","West South Central","South","ST LANDRY","City","Cities under 2,500",1342,3,0,3,2,1,3,5,1,6,4.47,"KROTZ SPRINGS POLICE DEPARTMENT                   ","Krotz Springs Police Department"
"4580",1997,"LA0160000","De Soto",NA,"LA","West South Central","South","DE SOTO","County","Non-MSA counties from 10,000 thru 24,999",18878,43,1,44,11,7,18,54,8,62,3.28,"DE SOTO PARISH SHERIFF'S OFFICE                   ","De Soto Parish Sheriff's Office"
"4581",1997,"LA0100300","Sulphur",NA,"LA","West South Central","South","CALCASIEU","City","Cities from 10,000 thru 24,999",21759,37,4,41,2,7,9,39,11,50,2.3,"SULPHUR POLICE DEPARTMENT                         ","Sulphur Police Department"
"4582",1997,"LA0090200","Vivian",NA,"LA","West South Central","South","CADDO","City","Cities from 2,500 thru 9,999",4129,10,1,11,0,4,4,10,5,15,3.63,"VIVIAN POLICE DEPARTMENT                          ","Vivian Police Department"
"4583",1997,"LA0400500","Cheneyville",NA,"LA","West South Central","South","RAPIDES","City","Cities under 2,500",994,2,0,2,0,0,0,2,0,2,2.01,"CHENEYVILLE POLICE DEPT.                          ","Cheneyville Police Police Department"
"4584",1997,"LA0400600","Glenmora",NA,"LA","West South Central","South","RAPIDES","City","Cities under 2,500",1796,5,0,5,0,0,0,5,0,5,2.78,"GLENMORA POLICE DEPARTMENT                        ","Glenmora Police Department"
"4585",1997,"LA0200300","Ville Platte",NA,"LA","West South Central","South","EVANGELINE","City","Cities from 2,500 thru 9,999",9113,30,0,30,1,0,1,31,0,31,3.4,"VILLE PLATTE POLICE DEPARTMENT                    ","Ville Platte Police Department"
"4586",1997,"LA0190200","Jackson",NA,"LA","West South Central","South","EAST FELICIANA","City","Cities from 2,500 thru 9,999",4297,4,0,4,0,0,0,4,0,4,0.93,"JACKSON POLICE DEPARTMENT                         ","Jackson Police Department"
"4587",1997,"LA0470200","Gramercy",NA,"LA","West South Central","South","ST JAMES","City","Cities under 2,500",2382,4,0,4,0,0,0,4,0,4,1.68,"GRAMERCY POLICE DEPARTMENT                        ","Gramercy Police Department"
"4588",1997,"LA0160100","Mansfield",NA,"LA","West South Central","South","DE SOTO","City","Cities from 2,500 thru 9,999",5082,11,0,11,1,5,6,12,5,17,3.35,"MANSFIELD POLICE DEPARTMENT                       ","Mansfield Police Department"
"4589",1997,"LA0100500","Westlake",NA,"LA","West South Central","South","CALCASIEU","City","Cities from 2,500 thru 9,999",5169,11,0,11,5,0,5,16,0,16,3.1,"WESTLAKE POLICE DEPARTMENT                        ","Westlake Police Department"
"4590",1997,"LA0280300","Lafayette",NA,"LA","West South Central","South","LAFAYETTE","City","Cities from 100,000 thru 249,999",103157,197,15,212,16,53,69,213,68,281,2.72,"LAFAYETTE POLICE DEPARTMENT                       ","Lafayette Police Department"
"4591",1997,"LA0120000","Cameron",NA,"LA","West South Central","South","CAMERON","County","Non-MSA counties under 10,000",8987,41,11,52,0,15,15,41,26,67,7.46,"CAMERON PARISH SHERIFF'S OFFICE                   ","Cameron Parish Sheriff's Office"
"4592",1997,"LA0330000","Madison",NA,"LA","West South Central","South","MADISON","County","Non-MSA counties under 10,000",3870,52,0,52,7,0,7,59,0,59,15.25,"MADISON PARISH SHERIFF'S OFFICE                   ","Madison Parish Sheriff's Office"
"4593",1997,"LA0310300","Grambling",NA,"LA","West South Central","South","LINCOLN","City","Cities from 2,500 thru 9,999",6320,13,0,13,1,5,6,14,5,19,3.01,"GRAMBLING POLICE DEPARTMENT                       ","Grambling Police Department"
"4594",1997,"LANPD0000","New Orleans",NA,"LA","West South Central","South","ORLEANS","City","Cities from 250,000 thru 499,999",488509,1292,67,1359,188,462,650,1480,529,2009,4.11,"NEW ORLEANS POLICE DEPARTMENT                     ","New Orleans Police Department"
"4595",1997,"LA0270000","Jefferson Davis",NA,"LA","West South Central","South","JEFFERSON DAVIS","County","Non-MSA counties from 10,000 thru 24,999",13982,37,0,37,13,0,13,50,0,50,3.58,"JEFFERSON DAVIS PARISH SHERIFF'S OFFICE           ","Jefferson Davis Parish Sheriff's Office"
"4596",1997,"LA0280400","Duson",NA,"LA","West South Central","South","LAFAYETTE","City","Cities under 2,500",1579,4,0,4,0,0,0,4,0,4,2.53,"DUSON POLICE DEPARTMENT                           ","Duson Police Department"
"4597",1997,"LA0550100","Houma",NA,"LA","West South Central","South","TERREBONNE","City","Cities from 25,000 thru 49,999",31579,49,1,50,7,16,23,56,17,73,2.31,"HOUMA POLICE DEPARTMENT                           ","Houma Police Department"
"4598",1997,"LA0020100","Kinder",NA,"LA","West South Central","South","ALLEN","City","Cities under 2,500",2297,9,0,9,3,0,3,12,0,12,5.22,"KINDER POLICE DEPARTMENT                          ","Kinder Police Department"
"4599",1997,"LA0230200","Jeanerette",NA,"LA","West South Central","South","IBERIA","City","Cities from 2,500 thru 9,999",6807,14,0,14,7,0,7,21,0,21,3.09,"JEANERETTE POLICE DEPARTMENT                      ","Jeanerette Police Department"
"4600",1997,"LA0540200","Waterproof",NA,"LA","West South Central","South","TENSAS","City","Cities under 2,500",1020,1,0,1,0,0,0,1,0,1,0.98,"WATERPROOF POLICE DEPARTMENT                      ","Waterproof Police Department"
"4601",1997,"LA0520200","Slidell",NA,"LA","West South Central","South","ST TAMMANY","City","Cities from 25,000 thru 49,999",29921,48,6,54,4,43,47,52,49,101,3.38,"SLIDELL POLICE DEPARTMENT                         ","Slidell Police Department"
"4602",1997,"LA0190100","Clinton",NA,"LA","West South Central","South","EAST FELICIANA","City","Cities under 2,500",2151,5,0,5,0,0,0,5,0,5,2.32,"CLINTON POLICE DEPT.                              ","Clinton Police Police Department"
"4603",1997,"LA0500200","St. Martinville",NA,"LA","West South Central","South","ST MARTIN","City","Cities from 2,500 thru 9,999",8130,14,0,14,2,6,8,16,6,22,2.71,"ST. MARTINVILLE POLICE DEPARTMENT                 ","St. Martinville Police Department"
"4604",1997,"LA0560000","Union",NA,"LA","West South Central","South","UNION","County","Non-MSA counties from 10,000 thru 24,999",16625,23,7,30,2,8,10,25,15,40,2.41,"UNION PARISH SHERIFF'S OFFICE                     ","Union Parish Sheriff's Office"
"4605",1997,"LA0600400","Cullen",NA,"LA","West South Central","South","WEBSTER","City","Cities under 2,500",1568,4,0,4,1,0,1,5,0,5,3.19,"CULLEN POLICE DEPARTMENT                          ","Cullen Police Department"
"4606",1997,"LA0290000","Lafourche",NA,"LA","West South Central","South","LAFOURCHE","County","MSA counties from 25,000 thru 99,999",68483,136,8,144,28,34,62,164,42,206,3.01,"LAFOURCHE PARISH SHERIFF'S OFFICE                 ","Lafourche Parish Sheriff's Office"
"4607",1997,"LA0360300","University of New Orleans",NA,"LA","West South Central","South","ORLEANS","University or College","Cities under 2,500",0,21,1,22,2,4,6,23,5,28,NA,"UNIVERSITY OF NEW ORLEANS POLICE DEPT.            ","University Of New Orleans Police Police Department"
"4608",1997,"LA0340000","Morehouse",NA,"LA","West South Central","South","MOREHOUSE","County","Non-MSA counties from 10,000 thru 24,999",17279,27,76,103,7,43,50,34,119,153,8.85,"MOREHOUSE PARISH SHERIFF'S OFFICE                 ","Morehouse Parish Sheriff's Office"
"4609",1996,"LA0010200","Rayne",NA,"LA","West South Central","South","ACADIA","City","Cities from 2,500 thru 9,999",8951,19,0,19,3,0,3,22,0,22,2.46,"RAYNE POLICE DEPARTMENT                           ","Rayne Police Department"
"4610",1996,"LA0240000","Iberville",NA,"LA","West South Central","South","IBERVILLE","County","Non-MSA counties from 10,000 thru 24,999",22361,62,32,94,3,45,48,65,77,142,6.35,"IBERVILLE PARISH SHERIFF'S OFFICE                 ","Iberville Parish Sheriff's Office"
"4611",1996,"LA0010400","Iota",NA,"LA","West South Central","South","ACADIA","City","Cities under 2,500",1303,3,0,3,0,0,0,3,0,3,2.3,"IOTA POLICE DEPARTMENT                            ","Iota Police Department"
"4612",1996,"LA0550000","Terrebonne",NA,"LA","West South Central","South","TERREBONNE","County","MSA counties from 25,000 thru 99,999",69623,184,0,184,73,0,73,257,0,257,3.69,"TERREBONNE PARISH SHERIFF'S OFFICE                ","Terrebonne Parish Sheriff's Office"
"4613",1996,"LA0530300","Ponchatoula",NA,"LA","West South Central","South","TANGIPAHOA","City","Cities from 2,500 thru 9,999",5983,15,0,15,2,1,3,17,1,18,3.01,"PONCHATOULA POLICE DEPARTMENT                     ","Ponchatoula Police Department"
"4614",1996,"LA0320100","Denham Springs",NA,"LA","West South Central","South","LIVINGSTON","City","Cities from 2,500 thru 9,999",9140,23,1,24,8,4,12,31,5,36,3.94,"DENHAM SPRINGS POLICE DEPARTMENT                  ","Denham Springs Police Department"
"4615",1996,"LA0060000","Beauregard",NA,"LA","West South Central","South","BEAUREGARD","County","Non-MSA counties from 10,000 thru 24,999",21381,43,4,47,8,8,16,51,12,63,2.95,"BEAUREGARD PARISH SHERIFF'S OFFICE                ","Beauregard Parish Sheriff's Office"
"4616",1996,"LA0401000","Ball",NA,"LA","West South Central","South","RAPIDES","City","Cities from 2,500 thru 9,999",3237,4,0,4,0,1,1,4,1,5,1.54,"BALL POLICE DEPARTMENT                            ","Ball Police Department"
"4617",1996,"LA0070100","Arcadia",NA,"LA","West South Central","South","BIENVILLE","City","Cities from 2,500 thru 9,999",3097,7,0,7,0,0,0,7,0,7,2.26,"ARCADIA POLICE DEPARTMENT                         ","Arcadia Police Department"
"4618",1996,"LA0150000","Concordia",NA,"LA","West South Central","South","CONCORDIA","County","Non-MSA counties from 10,000 thru 24,999",11643,40,0,40,15,3,18,55,3,58,4.98,"CONCORDIA PARISH SHERIFF'S OFFICE                 ","Concordia Parish Sheriff's Office"
"4619",1996,"LA0280700","University of Louisiana:","Lafayette","LA","West South Central","South","LAFAYETTE","University or College","Cities under 2,500",0,12,1,13,4,2,6,16,3,19,NA,"UNIVERSITY OF LOUISIANA AT LAFAYETTE POLICE       ","University Of Louisiana At Lafayette Police"
"4620",1996,"LA0090100","Shreveport",NA,"LA","West South Central","South","BOSSIER, CADDO","City","Cities from 100,000 thru 249,999",199418,454,10,464,115,71,186,569,81,650,3.26,"SHREVEPORT POLICE DEPARTMENT                      ","Shreveport Police Department"
"4621",1996,"LA0090400","Blanchard",NA,"LA","West South Central","South","CADDO","City","Cities under 2,500",1492,3,0,3,0,0,0,3,0,3,2.01,"BLANCHARD POLICE DEPARTMENT                       ","Blanchard Police Department"
"4622",1996,"LA0080000","Bossier",NA,"LA","West South Central","South","BOSSIER","County","MSA counties from 25,000 thru 99,999",34445,111,7,118,9,22,31,120,29,149,4.33,"BOSSIER PARISH SHERIFF'S OFFICE                   ","Bossier Parish Sheriff's Office"
"4623",1996,"LA0340500","Oak Ridge",NA,"LA","West South Central","South","MOREHOUSE","City","Cities under 2,500",172,1,0,1,0,0,0,1,0,1,5.81,"OAK RIDGE POLICE DEPT                             ","Oak Ridge Police Police Department"
"4624",1996,"LA0140000","Claiborne",NA,"LA","West South Central","South","CLAIBORNE","County","Non-MSA counties from 10,000 thru 24,999",10584,17,2,19,0,5,5,17,7,24,2.27,"CLAIBORNE PARISH SHERIFF'S OFFICE                 ","Claiborne Parish Sheriff's Office"
"4625",1996,"LA0020200","Oakdale",NA,"LA","West South Central","South","ALLEN","City","Cities from 2,500 thru 9,999",7543,19,0,19,4,0,4,23,0,23,3.05,"OAKDALE POLICE DEPARTMENT                         ","Oakdale Police Department"
"4626",1996,"LA0620000","West Carroll",NA,"LA","West South Central","South","WEST CARROLL","County","Non-MSA counties under 10,000",9774,17,0,17,4,0,4,21,0,21,2.15,"WEST CARROLL PARISH SHERIFF'S OFFICE              ","West Carroll Parish Sheriff's Office"
"4627",1996,"LA0420000","Richland",NA,"LA","West South Central","South","RICHLAND","County","Non-MSA counties from 10,000 thru 24,999",12474,31,0,31,7,0,7,38,0,38,3.05,"RICHLAND PARISH SHERIFF'S OFFICE                  ","Richland Parish Sheriff's Office"
"4628",1996,"LA0030000","Ascension",NA,"LA","West South Central","South","ASCENSION","County","MSA counties from 25,000 thru 99,999",55207,86,43,129,2,31,33,88,74,162,2.93,"ASCENSION PARISH SHERIFF'S OFFICE                 ","Ascension Parish Sheriff's Office"
"4629",1996,"LA0361700","Louisiana State University:","Health Sciences Center, New Orleans","LA","West South Central","South","ORLEANS","University or College","Cities under 2,500",0,50,1,51,10,0,10,60,1,61,NA,"LSU HEALTH SCIENCES CENTER POLICE DEPARTMENT      ","Lsu Health Sciences Center Police Department"
"4630",1996,"LA0540000","Tensas",NA,"LA","West South Central","South","TENSAS","County","Non-MSA counties under 10,000",2883,42,0,42,9,0,9,51,0,51,17.69,"TENSAS PARISH SHERIFF'S OFFICE                    ","Tensas Parish Sheriff's Office"
"4631",1996,"LA0470100","Lutcher",NA,"LA","West South Central","South","ST JAMES","City","Cities from 2,500 thru 9,999",4028,3,0,3,0,0,0,3,0,3,0.74,"LUTCHER POLICE DEPARTMENT                         ","Lutcher Police Department"
"4632",1996,"LA0520000","St. Tammany",NA,"LA","West South Central","South","ST TAMMANY","County","MSA counties 100,000 or over",119206,209,37,246,42,56,98,251,93,344,2.89,"ST. TAMMANY PARISH SHERIFF'S OFFICE               ","St. Tammany Parish Sheriff's Office"
"4633",1996,"LA0570300","Delcambre",NA,"LA","West South Central","South","VERMILION","City","Cities under 2,500",2019,6,0,6,3,0,3,9,0,9,4.46,"DELCAMBRE POLICE DEPARTMENT                       ","Delcambre Police Department"
"4634",1996,"LA0290600","Nicholls State University",NA,"LA","West South Central","South","LAFOURCHE","University or College","Cities under 2,500",0,10,0,10,1,2,3,11,2,13,NA,"NICHOLLS STATE UNIVERSITY POLICE                  ","Nicholls State University Police"
"4635",1996,"LA0260200","Harahan",NA,"LA","West South Central","South","JEFFERSON","City","Cities from 2,500 thru 9,999",9710,21,0,21,7,0,7,28,0,28,2.88,"HARAHAN POLICE DEPARTMENT                         ","Harahan Police Department"
"4636",1996,"LA0520100","Covington",NA,"LA","West South Central","South","ST TAMMANY","City","Cities from 2,500 thru 9,999",8386,27,0,27,1,8,9,28,8,36,4.29,"COVINGTON POLICE DEPARTMENT                       ","Covington Police Department"
"4637",1996,"LA0400000","Rapides",NA,"LA","West South Central","South","RAPIDES","County","MSA counties from 25,000 thru 99,999",60467,179,50,229,12,45,57,191,95,286,4.73,"RAPIDES PARISH SHERIFF'S OFFICE                   ","Rapides Parish Sheriff's Office"
"4638",1996,"LA0400700","Woodworth",NA,"LA","West South Central","South","RAPIDES","City","Cities under 2,500",884,3,0,3,0,1,1,3,1,4,4.52,"WOODWORTH POLICE DEPARTMENT                       ","Woodworth Police Department"
"4639",1996,"LA0430100","Many",NA,"LA","West South Central","South","SABINE","City","Cities from 2,500 thru 9,999",3331,9,0,9,2,0,2,11,0,11,3.3,"MANY POLICE DEPARTMENT                            ","Many Police Department"
"4640",1996,"LA0270000","Jefferson Davis",NA,"LA","West South Central","South","JEFFERSON DAVIS","County","Non-MSA counties from 10,000 thru 24,999",13979,14,15,29,1,10,11,15,25,40,2.86,"JEFFERSON DAVIS PARISH SHERIFF'S OFFICE           ","Jefferson Davis Parish Sheriff's Office"
"4641",1996,"LA0030200","Gonzales",NA,"LA","West South Central","South","ASCENSION","City","Cities from 2,500 thru 9,999",8023,24,0,24,6,0,6,30,0,30,3.74,"GONZALES POLICE DEPARTMENT                        ","Gonzales Police Department"
"4642",1996,"LA0330000","Madison",NA,"LA","West South Central","South","MADISON","County","Non-MSA counties under 10,000",3870,8,12,20,0,0,0,8,12,20,5.17,"MADISON PARISH SHERIFF'S OFFICE                   ","Madison Parish Sheriff's Office"
"4643",1996,"LA0100200","Lake Charles",NA,"LA","West South Central","South","CALCASIEU","City","Cities from 50,000 thru 99,999",73027,134,1,135,26,3,29,160,4,164,2.25,"LAKE CHARLES POLICE DEPARTMENT                    ","Lake Charles Police Department"
"4644",1996,"LA0310300","Grambling",NA,"LA","West South Central","South","LINCOLN","City","Cities from 2,500 thru 9,999",6319,13,0,13,1,6,7,14,6,20,3.17,"GRAMBLING POLICE DEPARTMENT                       ","Grambling Police Department"
"4645",1996,"LA0370200","West Monroe",NA,"LA","West South Central","South","OUACHITA","City","Cities from 10,000 thru 24,999",14468,51,3,54,11,1,12,62,4,66,4.56,"WEST MONROE POLICE DEPARTMENT                     ","West Monroe Police Department"
"4646",1996,"LA0430200","Zwolle",NA,"LA","West South Central","South","SABINE","City","Cities under 2,500",1869,3,0,3,0,0,0,3,0,3,1.61,"ZWOLLE POLICE DEPARTMENT                          ","Zwolle Police Department"
"4647",1996,"LA0060100","De Ridder",NA,"LA","West South Central","South","BEAUREGARD","City","Cities from 10,000 thru 24,999",10277,17,0,17,7,1,8,24,1,25,2.43,"DERIDDER POLICE DEPARTMENT                        ","Deridder Police Department"
"4648",1996,"LA0370500","Richwood",NA,"LA","West South Central","South","OUACHITA","City","Cities under 2,500",1316,6,0,6,1,1,2,7,1,8,6.08,"RICHWOOD POLICE DEPARTMENT                        ","Richwood Police Department"
"4649",1996,"LA0090000","Caddo",NA,"LA","West South Central","South","CADDO","County","MSA counties from 25,000 thru 99,999",44587,337,71,408,71,121,192,408,192,600,13.46,"CADDO PARISH SHERIFF'S OFFICE                     ","Caddo Parish Sheriff's Office"
"4650",1996,"LA0250000","Jackson",NA,"LA","West South Central","South","JACKSON","County","Non-MSA counties from 10,000 thru 24,999",11392,30,0,30,4,0,4,34,0,34,2.98,"JACKSON PARISH SHERIFF'S OFFICE                   ","Jackson Parish Sheriff's Office"
"4651",1996,"LA0270200","Jennings",NA,"LA","West South Central","South","JEFFERSON DAVIS","City","Cities from 10,000 thru 24,999",11975,30,0,30,8,2,10,38,2,40,3.34,"JENNINGS POLICE DEPARTMENT                        ","Jennings Police Department"
"4652",1996,"LA0510100","Berwick",NA,"LA","West South Central","South","ST MARY","City","Cities from 2,500 thru 9,999",4567,10,0,10,0,0,0,10,0,10,2.19,"BERWICK POLICE DEPARTMENT                         ","Berwick Police Department"
"4653",1996,"LA0400200","Pineville",NA,"LA","West South Central","South","RAPIDES","City","Cities from 10,000 thru 24,999",12112,37,1,38,0,5,5,37,6,43,3.55,"PINEVILLE POLICE DEPARTMENT                       ","Pineville Police Department"
"4654",1996,"LA0570500","Gueydan",NA,"LA","West South Central","South","VERMILION","City","Cities under 2,500",1583,4,0,4,1,0,1,5,0,5,3.16,"GUEYDAN POLICE DEPT                               ","Gueydan Police Police Department"
"4655",1996,"LA0530900","Southeastern Louisiana University",NA,"LA","West South Central","South","TANGIPAHOA","University or College","Cities under 2,500",0,19,1,20,2,6,8,21,7,28,NA,"SOUTHEASTERN LOUISIANA UNIVERSITY POLICE          ","Southeastern Louisiana University Police"
"4656",1996,"LA0580000","Vernon",NA,"LA","West South Central","South","VERNON","County","Non-MSA counties from 25,000 thru 99,999",46286,91,0,91,27,0,27,118,0,118,2.55,"VERNON PARISH SHERIFF'S OFFICE                    ","Vernon Parish Sheriff's Office"
"4657",1996,"LA0450000","St. Charles",NA,"LA","West South Central","South","ST CHARLES","County","MSA counties from 25,000 thru 99,999",46130,132,18,150,20,70,90,152,88,240,5.2,"ST. CHARLES PARISH SHERIFF'S OFFICE               ","St. Charles Parish Sheriff's Office"
"4658",1996,"LA0600000","Webster",NA,"LA","West South Central","South","WEBSTER","County","MSA counties from 10,000 thru 24,999",21567,29,40,69,1,20,21,30,60,90,4.17,"WEBSTER PARISH SHERIFF'S OFFICE                   ","Webster Parish Sheriff's Office"
"4659",1996,"LA0290000","Lafourche",NA,"LA","West South Central","South","LAFOURCHE","County","MSA counties from 25,000 thru 99,999",68468,128,10,138,20,34,54,148,44,192,2.8,"LAFOURCHE PARISH SHERIFF'S OFFICE                 ","Lafourche Parish Sheriff's Office"
"4660",1996,"LA0340000","Morehouse",NA,"LA","West South Central","South","MOREHOUSE","County","Non-MSA counties from 10,000 thru 24,999",17276,24,68,92,6,38,44,30,106,136,7.87,"MOREHOUSE PARISH SHERIFF'S OFFICE                 ","Morehouse Parish Sheriff's Office"
"4661",1996,"LA0360300","University of New Orleans",NA,"LA","West South Central","South","ORLEANS","University or College","Cities under 2,500",0,21,0,21,3,4,7,24,4,28,NA,"UNIVERSITY OF NEW ORLEANS POLICE DEPT.            ","University Of New Orleans Police Police Department"
"4662",1996,"LA0120000","Cameron",NA,"LA","West South Central","South","CAMERON","County","Non-MSA counties under 10,000",8985,50,8,58,0,14,14,50,22,72,8.01,"CAMERON PARISH SHERIFF'S OFFICE                   ","Cameron Parish Sheriff's Office"
"4663",1996,"LANPD0000","New Orleans",NA,"LA","West South Central","South","ORLEANS","City","Cities from 250,000 thru 499,999",488300,1159,54,1213,143,257,400,1302,311,1613,3.3,"NEW ORLEANS POLICE DEPARTMENT                     ","New Orleans Police Department"
"4664",1996,"LA0100400","Vinton",NA,"LA","West South Central","South","CALCASIEU","City","Cities from 2,500 thru 9,999",3523,10,0,10,2,0,2,12,0,12,3.41,"VINTON POLICE DEPARTMENT                          ","Vinton Police Department"
"4665",1996,"LA0300100","Jena",NA,"LA","West South Central","South","LA SALLE","City","Cities from 2,500 thru 9,999",2643,5,0,5,0,0,0,5,0,5,1.89,"JENA POLICE DEPARTMENT                            ","Jena Police Department"
"4666",1996,"LA0370000","Ouachita",NA,"LA","West South Central","South","OUACHITA","County","MSA counties from 25,000 thru 99,999",73074,208,1,209,78,6,84,286,7,293,4.01,"OUACHITA PARISH SHERIFF'S OFFICE                  ","Ouachita Parish Sheriff's Office"
"4667",1996,"LA0470000","St. James",NA,"LA","West South Central","South","ST JAMES","County","MSA counties from 10,000 thru 24,999",14760,43,13,56,5,27,32,48,40,88,5.96,"ST. JAMES PARISH SHERIFF'S OFFICE                 ","St. James Parish Sheriff's Office"
"4668",1996,"LA0490300","Arnaudville",NA,"LA","West South Central","South","ST LANDRY","City","Cities under 2,500",1801,5,0,5,0,0,0,5,0,5,2.78,"ARNAUDVILLE POLICE DEPARTMENT                     ","Arnaudville Police Department"
"4669",1996,"LA0280400","Duson",NA,"LA","West South Central","South","LAFAYETTE","City","Cities under 2,500",1579,3,0,3,0,0,0,3,0,3,1.9,"DUSON POLICE DEPARTMENT                           ","Duson Police Department"
"4670",1996,"LA0550100","Houma",NA,"LA","West South Central","South","TERREBONNE","City","Cities from 25,000 thru 49,999",31572,51,1,52,8,16,24,59,17,76,2.41,"HOUMA POLICE DEPARTMENT                           ","Houma Police Department"
"4671",1996,"LA0520300","Mandeville",NA,"LA","West South Central","South","ST TAMMANY","City","Cities from 2,500 thru 9,999",9439,23,2,25,5,9,14,28,11,39,4.13,"MANDEVILLE POLICE DEPARTMENT                      ","Mandeville Police Department"
"4672",1996,"LA0570200","Kaplan",NA,"LA","West South Central","South","VERMILION","City","Cities from 2,500 thru 9,999",4461,12,0,12,1,5,6,13,5,18,4.03,"KAPLAN POLICE DEPARTMENT                          ","Kaplan Police Department"
"4673",1996,"LA0610200","Brusly",NA,"LA","West South Central","South","WEST BATON ROUGE","City","Cities under 2,500",1934,5,0,5,0,0,0,5,0,5,2.59,"BRUSLY POLICE DEPARTMENT                          ","Brusly Police Department"
"4674",1996,"LA0050300","Simmesport",NA,"LA","West South Central","South","AVOYELLES","City","Cities under 2,500",2049,3,1,4,0,0,0,3,1,4,1.95,"SIMMESPORT POLICE DEPT.                           ","Simmesport Police Police Department"
"4675",1996,"LA0180100","Lake Providence",NA,"LA","West South Central","South","EAST CARROLL","City","Cities from 2,500 thru 9,999",5467,9,0,9,4,0,4,13,0,13,2.38,"LAKE PROVIDENCE POLICE DEPARTMENT                 ","Lake Providence Police Department"
"4676",1996,"LA0510300","Morgan City",NA,"LA","West South Central","South","ST MARY","City","Cities from 10,000 thru 24,999",14048,33,2,35,10,7,17,43,9,52,3.7,"MORGAN CITY POLICE DEPARTMENT                     ","Morgan City Police Department"
"4677",1996,"LA0600400","Cullen",NA,"LA","West South Central","South","WEBSTER","City","Cities under 2,500",1568,3,0,3,1,0,1,4,0,4,2.55,"CULLEN POLICE DEPARTMENT                          ","Cullen Police Department"
"4678",1996,"LA0030300","Sorrento",NA,"LA","West South Central","South","ASCENSION","City","Cities under 2,500",1184,3,1,4,0,0,0,3,1,4,3.38,"SORRENTO POLICE DEPARTMENT                        ","Sorrento Police Department"
"4679",1996,"LA0290500","Thibodaux",NA,"LA","West South Central","South","LAFOURCHE","City","Cities from 10,000 thru 24,999",14329,43,5,48,4,4,8,47,9,56,3.91,"THIBODAUX POLICE DEPARTMENT                       ","Thibodaux Police Department"
"4680",1996,"LA0130300","Harrisonburg",NA,"LA","West South Central","South","CATAHOULA","City","Cities under 2,500",417,1,0,1,0,0,0,1,0,1,2.4,"HARRISONBURG POLICE DEPARTMENT                    ","Harrisonburg Police Department"
"4681",1996,"LA0510200","Franklin",NA,"LA","West South Central","South","ST MARY","City","Cities from 2,500 thru 9,999",9199,14,1,15,10,0,10,24,1,25,2.72,"FRANKLIN POLICE DEPARTMENT                        ","Franklin Police Department"
"4682",1996,"LA0630100","St. Francisville",NA,"LA","West South Central","South","WEST FELICIANA","City","Cities under 2,500",1860,5,0,5,1,1,2,6,1,7,3.76,"ST. FRANCISVILLE POLICE DEPARTMENT                ","St. Francisville Police Department"
"4683",1996,"LALSP0000","State Police",NA,"LA","West South Central","South","UNMAPPED COUNTY","State Police","Non-MSA counties under 10,000",0,839,180,1019,20,352,372,859,532,1391,NA,"LOUISIANA STATE POLICE                            ","Louisiana State Police"
"4684",1996,"LA0630000","West Feliciana",NA,"LA","West South Central","South","WEST FELICIANA","County","Non-MSA counties from 10,000 thru 24,999",11379,19,1,20,1,4,5,20,5,25,2.2,"WEST FELICIANA PARISH SHERIFF'S OFFICE            ","West Feliciana Parish Sheriff's Office"
"4685",1996,"LA0200000","Evangeline",NA,"LA","West South Central","South","EVANGELINE","County","Non-MSA counties from 10,000 thru 24,999",21682,19,14,33,0,14,14,19,28,47,2.17,"EVANGELINE PARISH SHERIFF'S OFFICE                ","Evangeline Parish Sheriff's Office"
"4686",1996,"LA0490500","Washington",NA,"LA","West South Central","South","ST LANDRY","City","Cities under 2,500",1329,5,0,5,0,0,0,5,0,5,3.76,"WASHINGTON POLICE DEPARTMENT                      ","Washington Police Department"
"4687",1996,"LA0040000","Assumption",NA,"LA","West South Central","South","ASSUMPTION","County","Non-MSA counties from 10,000 thru 24,999",22865,37,7,44,2,10,12,39,17,56,2.45,"ASSUMPTION PARISH SHERIFF'S OFFICE                ","Assumption Parish Sheriff's Office"
"4688",1996,"LA0530000","Tangipahoa",NA,"LA","West South Central","South","TANGIPAHOA","County","Non-MSA counties from 25,000 thru 99,999",61067,69,72,141,6,56,62,75,128,203,3.32,"TANGIPAHOA PARISH SHERIFF'S OFFICE                ","Tangipahoa Parish Sheriff's Office"
"4689",1996,"LA0150200","Vidalia",NA,"LA","West South Central","South","CONCORDIA","City","Cities from 2,500 thru 9,999",5121,13,0,13,7,0,7,20,0,20,3.91,"VIDALIA POLICE DEPARTMENT                         ","Vidalia Police Department"
"4690",1996,"LA0570400","Erath",NA,"LA","West South Central","South","VERMILION","City","Cities under 2,500",2432,7,0,7,1,2,3,8,2,10,4.11,"ERATH POLICE DEPARTMENT                           ","Erath Police Department"
"4691",1996,"LA0480000","St. John the Baptist",NA,"LA","West South Central","South","ST JOHN THE BAPTIST","County","MSA counties from 25,000 thru 99,999",42089,125,4,129,35,1,36,160,5,165,3.92,"ST. JOHN THE BAPTIST PARISH SHERIFF'S OFFICE      ","St. John The Baptist Parish Sheriff's Office"
"4692",1996,"LA0260500","Grand Isle",NA,"LA","West South Central","South","JEFFERSON","City","Cities under 2,500",1376,7,0,7,5,0,5,12,0,12,8.72,"GRAND ISLE POLICE DEPARTMENT                      ","Grand Isle Police Department"
"4693",1996,"LA0310200","Ruston",NA,"LA","West South Central","South","LINCOLN","City","Cities from 10,000 thru 24,999",20289,39,2,41,2,6,8,41,8,49,2.42,"RUSTON POLICE DEPARTMENT                          ","Ruston Police Department"
"4694",1996,"LA0130000","Catahoula",NA,"LA","West South Central","South","CATAHOULA","County","Non-MSA counties under 10,000",7776,25,3,28,4,8,12,29,11,40,5.14,"CATAHOULA PARISH SHERIFF'S OFFICE                 ","Catahoula Parish Sheriff's Office"
"4695",1996,"LA0400100","Alexandria",NA,"LA","West South Central","South","RAPIDES","City","Cities from 25,000 thru 49,999",46364,138,3,141,8,28,36,146,31,177,3.82,"ALEXANDRIA POLICE DEPARTMENT                      ","Alexandria Police Department"
"4696",1996,"LA0440000","St. Bernard",NA,"LA","West South Central","South","ST BERNARD","County","MSA counties from 25,000 thru 99,999",67542,138,148,286,5,37,42,143,185,328,4.86,"ST. BERNARD PARISH SHERIFF'S OFFICE               ","St. Bernard Parish Sheriff's Office"
"4697",1996,"LA0080600","Louisiana State University:","Shreveport","LA","West South Central","South","BOSSIER","University or College","Cities under 2,500",0,7,0,7,0,0,0,7,0,7,NA,"LOUISIANA STATE UNIVERSITY - SHREVEPORT POLICE    ","Louisiana State University - Shreveport Police"
"4698",1996,"LA0260400","Westwego",NA,"LA","West South Central","South","JEFFERSON","City","Cities from 10,000 thru 24,999",11018,15,0,15,5,1,6,20,1,21,1.91,"WESTWEGO POLICE DEPARTMENT                        ","Westwego Police Department"
"4699",1996,"LA0230000","Iberia",NA,"LA","West South Central","South","IBERIA","County","Non-MSA counties from 25,000 thru 99,999",29762,34,58,92,4,51,55,38,109,147,4.94,"IBERIA PARISH SHERIFF'S OFFICE                    ","Iberia Parish Sheriff's Office"
"4700",1996,"LA0180000","East Carroll",NA,"LA","West South Central","South","EAST CARROLL","County","Non-MSA counties under 10,000",4077,18,0,18,5,0,5,23,0,23,5.64,"EAST CARROLL PARISH SHERIFF'S OFFICE              ","East Carroll Parish Sheriff's Office"
"4701",1996,"LA0170000","East Baton Rouge",NA,"LA","West South Central","South","EAST BATON ROUGE","County","MSA counties 100,000 or over",147500,498,0,498,166,0,166,664,0,664,4.5,"EAST BATON ROUGE PARISH SHERIFF'S OFFICE          ","East Baton Rouge Parish Sheriff's Office"
"4702",1996,"LA0270400","Welsh",NA,"LA","West South Central","South","JEFFERSON DAVIS","City","Cities from 2,500 thru 9,999",3435,7,0,7,3,0,3,10,0,10,2.91,"WELSH POLICE DEPARTMENT                           ","Welsh Police Department"
"4703",1996,"LA0560100","Farmerville",NA,"LA","West South Central","South","UNION","City","Cities from 2,500 thru 9,999",3468,10,0,10,2,0,2,12,0,12,3.46,"FARMERVILLE POLICE DEPARTMENT                     ","Farmerville Police Department"
"4704",1996,"LA0530200","Kentwood",NA,"LA","West South Central","South","TANGIPAHOA","City","Cities under 2,500",2487,10,0,10,1,0,1,11,0,11,4.42,"KENTWOOD POLICE DEPARTMENT                        ","Kentwood Police Department"
"4705",1996,"LA0600100","Minden",NA,"LA","West South Central","South","WEBSTER","City","Cities from 10,000 thru 24,999",13928,26,0,26,4,1,5,30,1,31,2.23,"MINDEN POLICE DEPARTMENT                          ","Minden Police Department"
"4706",1996,"LA0600200","Springhill",NA,"LA","West South Central","South","WEBSTER","City","Cities from 2,500 thru 9,999",5512,13,0,13,1,0,1,14,0,14,2.54,"SPRINGHILL POLICE DEPARTMENT                      ","Springhill Police Department"
"4707",1996,"LA0260300","Kenner",NA,"LA","West South Central","South","JEFFERSON","City","Cities from 50,000 thru 99,999",73498,115,11,126,10,34,44,125,45,170,2.31,"KENNER POLICE DEPARTMENT                          ","Kenner Police Department"
"4708",1996,"LA0610100","Port Allen",NA,"LA","West South Central","South","WEST BATON ROUGE","City","Cities from 2,500 thru 9,999",6232,19,0,19,0,4,4,19,4,23,3.69,"PORT ALLEN POLICE DEPARTMENT                      ","Port Allen Police Department"
"4709",1996,"LA0290100","Golden Meadow",NA,"LA","West South Central","South","LAFOURCHE","City","Cities under 2,500",2034,5,0,5,0,1,1,5,1,6,2.95,"GOLDEN MEADOW POLICE DEPARTMENT                   ","Golden Meadow Police Department"
"4710",1996,"LA0510500","Baldwin",NA,"LA","West South Central","South","ST MARY","City","Cities under 2,500",2457,4,0,4,2,1,3,6,1,7,2.85,"BALDWIN POLICE DEPARTMENT                         ","Baldwin Police Department"
"4711",1996,"LA0490000","St. Landry",NA,"LA","West South Central","South","ST LANDRY","County","MSA counties from 25,000 thru 99,999",45283,70,0,70,34,0,34,104,0,104,2.3,"ST. LANDRY PARISH SHERIFF'S OFFICE                ","St. Landry Parish Sheriff's Office"
"4712",1996,"LA0540100","Newellton",NA,"LA","West South Central","South","TENSAS","City","Cities under 2,500",1600,2,0,2,0,0,0,2,0,2,1.25,"NEWELLTON POLICE DEPARTMENT                       ","Newellton Police Department"
"4713",1996,"LA0640000","Winn",NA,"LA","West South Central","South","WINN","County","Non-MSA counties from 10,000 thru 24,999",10950,27,0,27,6,0,6,33,0,33,3.01,"WINN PARISH SHERIFF'S OFFICE                      ","Winn Parish Sheriff's Office"
"4714",1996,"LA0290300","Lockport",NA,"LA","West South Central","South","LAFOURCHE","City","Cities from 2,500 thru 9,999",2802,4,0,4,0,0,0,4,0,4,1.43,"LOCKPORT POLICE DEPARTMENT                        ","Lockport Police Department"
"4715",1996,"LA0190000","East Feliciana",NA,"LA","West South Central","South","EAST FELICIANA","County","Non-MSA counties from 10,000 thru 24,999",14131,16,14,30,2,10,12,18,24,42,2.97,"EAST FELICIANA PARISH SHERIFF'S OFFICE            ","East Feliciana Parish Sheriff's Office"
"4716",1996,"LA0170600","Southern University and A&M College:","Baton Rouge","LA","West South Central","South","EAST BATON ROUGE","University or College","Cities under 2,500",0,26,0,26,6,1,7,32,1,33,NA,"SOUTHERN UNIVERSITY AND A & M COLLEGE POLICE      ","Southern University And A & M College Police"
"4717",1996,"LA0250100","Jonesboro",NA,"LA","West South Central","South","JACKSON","City","Cities from 2,500 thru 9,999",4420,11,0,11,3,1,4,14,1,15,3.39,"JONESBORO POLICE DEPARTMENT                       ","Jonesboro Police Department"
"4718",1996,"LA0340100","Bastrop",NA,"LA","West South Central","South","MOREHOUSE","City","Cities from 10,000 thru 24,999",14824,31,1,32,5,17,22,36,18,54,3.64,"BASTROP POLICE DEPARTMENT                         ","Bastrop Police Department"
"4719",1996,"LA0240200","Plaquemine",NA,"LA","West South Central","South","IBERVILLE","City","Cities from 2,500 thru 9,999",7630,24,0,24,4,3,7,28,3,31,4.06,"PLAQUEMINE POLICE DEPARTMENT                      ","Plaquemine Police Department"
"4720",1996,"LA0620100","Oak Grove",NA,"LA","West South Central","South","WEST CARROLL","City","Cities under 2,500",2323,5,0,5,1,0,1,6,0,6,2.58,"OAK GROVE POLICE DEPARTMENT                       ","Oak Grove Police Department"
"4721",1996,"LA0570000","Vermilion",NA,"LA","West South Central","South","VERMILION","County","Non-MSA counties from 25,000 thru 99,999",28826,69,9,78,4,20,24,73,29,102,3.54,"VERMILION PARISH SHERIFF'S OFFICE                 ","Vermilion Parish Sheriff's Office"
"4722",1996,"LA0460000","St. Helena",NA,"LA","West South Central","South","ST HELENA","County","Non-MSA counties under 10,000",9949,10,6,16,4,0,4,14,6,20,2.01,"ST. HELENA PARISH SHERIFF'S OFFICE                ","St. Helena Parish Sheriff's Office"
"4723",1996,"LA0580100","Leesville",NA,"LA","West South Central","South","VERNON","City","Cities from 2,500 thru 9,999",8667,21,0,21,7,0,7,28,0,28,3.23,"LEESVILLE POLICE DEPARTMENT                       ","Leesville Police Department"
"4724",1996,"LA0590200","Franklinton",NA,"LA","West South Central","South","WASHINGTON","City","Cities from 2,500 thru 9,999",4395,13,0,13,1,0,1,14,0,14,3.19,"FRANKLINTON POLICE DEPARTMENT                     ","Franklinton Police Department"
"4725",1996,"LA0170400","Louisiana State University:","Baton Rouge","LA","West South Central","South","EAST BATON ROUGE","University or College","Cities under 2,500",0,52,0,52,8,2,10,60,2,62,NA,"LOUISIANA STATE UNIVERSITY POLICE DEPARTMENT      ","Louisiana State University Police Department"
"4726",1996,"LA0010100","Crowley",NA,"LA","West South Central","South","ACADIA","City","Cities from 10,000 thru 24,999",14607,25,0,25,5,1,6,30,1,31,2.12,"CROWLEY POLICE DEPARTMENT                         ","Crowley Police Department"
"4727",1996,"LA0610300","Addis",NA,"LA","West South Central","South","WEST BATON ROUGE","City","Cities under 2,500",1276,4,0,4,0,0,0,4,0,4,3.13,"ADDIS POLICE DEPARTMENT                           ","Addis Police Department"
"4728",1996,"LA0500100","Breaux Bridge",NA,"LA","West South Central","South","ST MARTIN","City","Cities from 2,500 thru 9,999",7116,16,0,16,1,5,6,17,5,22,3.09,"BREAUX BRIDGE POLICE DEPARTMENT                   ","Breaux Bridge Police Department"
"4729",1996,"LA0080100","Bossier City",NA,"LA","West South Central","South","BOSSIER","City","Cities from 50,000 thru 99,999",54872,118,16,134,6,35,41,124,51,175,3.19,"BOSSIER CITY POLICE DEPT                          ","Bossier City Police Police Department"
"4730",1996,"LA0070200","Gibsland",NA,"LA","West South Central","South","BIENVILLE","City","Cities under 2,500",1254,2,0,2,0,0,0,2,0,2,1.59,"GIBSLAND POLICE DEPT                              ","Gibsland Police Police Department"
"4731",1996,"LA0260100","Gretna",NA,"LA","West South Central","South","JEFFERSON","City","Cities from 10,000 thru 24,999",17515,56,4,60,13,9,22,69,13,82,4.68,"GRETNA POLICE DEPARTMENT                          ","Gretna Police Department"
"4732",1996,"LA0210100","Winnsboro",NA,"LA","West South Central","South","FRANKLIN","City","Cities from 2,500 thru 9,999",6209,8,0,8,1,0,1,9,0,9,1.45,"WINNSBORO POLICE DEPARTMENT                       ","Winnsboro Police Department"
"4733",1996,"LA0310100","Dubach",NA,"LA","West South Central","South","LINCOLN","City","Cities under 2,500",958,3,0,3,0,0,0,3,0,3,3.13,"DUBACH POLICE DEPT                                ","Dubach Police Police Department"
"4734",1996,"LA0220000","Grant",NA,"LA","West South Central","South","GRANT","County","Non-MSA counties from 10,000 thru 24,999",17923,32,0,32,11,0,11,43,0,43,2.4,"GRANT PARISH SHERIFF'S OFFICE                     ","Grant Parish Sheriff's Office"
"4735",1996,"LA0050200","Marksville",NA,"LA","West South Central","South","AVOYELLES","City","Cities from 2,500 thru 9,999",5706,14,2,16,3,1,4,17,3,20,3.51,"MARKSVILLE POLICE DEPARTMENT                      ","Marksville Police Department"
"4736",1996,"LA0230400","Loreauville",NA,"LA","West South Central","South","IBERIA","City","Cities under 2,500",863,1,0,1,0,0,0,1,0,1,1.16,"LOREAUVILLE PD                                    ","Loreauville Police Department"
"4737",1996,"LA0510400","Patterson",NA,"LA","West South Central","South","ST MARY","City","Cities from 2,500 thru 9,999",5577,12,0,12,6,0,6,18,0,18,3.23,"PATTERSON POLICE DEPARTMENT                       ","Patterson Police Department"
"4738",1996,"LA0610000","West Baton Rouge",NA,"LA","West South Central","South","WEST BATON ROUGE","County","MSA counties from 10,000 thru 24,999",10776,48,15,63,1,17,18,49,32,81,7.52,"WEST BATON ROUGE PARISH SHERIFF'S OFFICE          ","West Baton Rouge Parish Sheriff's Office"
"4739",1996,"LA0160100","Mansfield",NA,"LA","West South Central","South","DE SOTO","City","Cities from 2,500 thru 9,999",5081,10,0,10,1,5,6,11,5,16,3.15,"MANSFIELD POLICE DEPARTMENT                       ","Mansfield Police Department"
"4740",1996,"LA0190200","Jackson",NA,"LA","West South Central","South","EAST FELICIANA","City","Cities from 2,500 thru 9,999",4297,4,0,4,0,0,0,4,0,4,0.93,"JACKSON POLICE DEPARTMENT                         ","Jackson Police Department"
"4741",1996,"LA0420100","Delhi",NA,"LA","West South Central","South","RICHLAND","City","Cities from 2,500 thru 9,999",3204,5,0,5,1,0,1,6,0,6,1.87,"DELHI POLICE DEPARTMENT                           ","Delhi Police Department"
"4742",1996,"LA0100500","Westlake",NA,"LA","West South Central","South","CALCASIEU","City","Cities from 2,500 thru 9,999",5168,12,0,12,5,1,6,17,1,18,3.48,"WESTLAKE POLICE DEPARTMENT                        ","Westlake Police Department"
"4743",1996,"LA0380000","Plaquemines",NA,"LA","West South Central","South","PLAQUEMINES","County","MSA counties from 25,000 thru 99,999",25666,130,0,130,46,2,48,176,2,178,6.94,"PLAQUEMINES PARISH SHERIFF'S OFFICE               ","Plaquemines Parish Sheriff's Office"
"4744",1996,"LA0310600","Grambling State University",NA,"LA","West South Central","South","LINCOLN","University or College","Cities under 2,500",0,15,0,15,8,1,9,23,1,24,NA,"GRAMBLING STATE UNIVERSITY POLICE DEPT.           ","Grambling State University Police Police Department"
"4745",1996,"LA0200300","Ville Platte",NA,"LA","West South Central","South","EVANGELINE","City","Cities from 2,500 thru 9,999",9111,27,0,27,3,0,3,30,0,30,3.29,"VILLE PLATTE POLICE DEPARTMENT                    ","Ville Platte Police Department"
"4746",1996,"LA0090200","Vivian",NA,"LA","West South Central","South","CADDO","City","Cities from 2,500 thru 9,999",4129,11,0,11,3,0,3,14,0,14,3.39,"VIVIAN POLICE DEPARTMENT                          ","Vivian Police Department"
"4747",1996,"LA0100000","Calcasieu",NA,"LA","West South Central","South","CALCASIEU","County","MSA counties from 25,000 thru 99,999",64811,380,0,380,125,1,126,505,1,506,7.81,"CALCASIEU PARISH SHERIFF'S OFFICE                 ","Calcasieu Parish Sheriff's Office"
"4748",1996,"LA0210000","Franklin",NA,"LA","West South Central","South","FRANKLIN","County","Non-MSA counties from 10,000 thru 24,999",16096,51,0,51,14,0,14,65,0,65,4.04,"FRANKLIN PARISH SHERIFF'S OFFICE                  ","Franklin Parish Sheriff's Office"
"4749",1996,"LA0560200","Bernice",NA,"LA","West South Central","South","UNION","City","Cities under 2,500",1561,5,0,5,0,0,0,5,0,5,3.2,"BERNICE POLICE DEPARTMENT                         ","Bernice Police Department"
"4750",1996,"LA0320000","Livingston",NA,"LA","West South Central","South","LIVINGSTON","County","MSA counties from 25,000 thru 99,999",69371,81,0,81,36,0,36,117,0,117,1.69,"LIVINGSTON PARISH SHERIFF'S OFFICE                ","Livingston Parish Sheriff's Office"
"4751",1996,"LA0490200","Opelousas",NA,"LA","West South Central","South","ST LANDRY","City","Cities from 10,000 thru 24,999",19465,38,1,39,6,7,13,44,8,52,2.67,"OPELOUSAS POLICE DEPARTMENT                       ","Opelousas Police Department"
"4752",1996,"LA0280000","Lafayette",NA,"LA","West South Central","South","LAFAYETTE","County","MSA counties from 25,000 thru 99,999",67660,350,0,350,107,0,107,457,0,457,6.75,"LAFAYETTE PARISH SHERIFF'S OFFICE                 ","Lafayette Parish Sheriff's Office"
"4753",1996,"LA0200200","Mamou",NA,"LA","West South Central","South","EVANGELINE","City","Cities from 2,500 thru 9,999",3453,11,9,20,7,2,9,18,11,29,8.4,"MAMOU POLICE DEPARTMENT                           ","Mamou Police Department"
"4754",1996,"LA0390100","New Roads",NA,"LA","West South Central","South","POINTE COUPEE","City","Cities from 2,500 thru 9,999",5386,15,1,16,1,4,5,16,5,21,3.9,"NEW ROADS POLICE DEPARTMENT                       ","New Roads Police Department"
"4755",1996,"LA0370300","Sterlington",NA,"LA","West South Central","South","OUACHITA","City","Cities under 2,500",1280,5,0,5,0,0,0,5,0,5,3.91,"STERLINGTON POLICE DEPARTMENT                     ","Sterlington Police Department"
"4756",1996,"LA0280300","Lafayette",NA,"LA","West South Central","South","LAFAYETTE","City","Cities from 100,000 thru 249,999",103134,194,15,209,17,50,67,211,65,276,2.68,"LAFAYETTE POLICE DEPARTMENT                       ","Lafayette Police Department"
"4757",1996,"LA0260000","Jefferson",NA,"LA","West South Central","South","JEFFERSON","County","MSA counties 100,000 or over",347275,808,148,956,97,292,389,905,440,1345,3.87,"JEFFERSON PARISH SHERIFF'S OFFICE                 ","Jefferson Parish Sheriff's Office"
"4758",1996,"LA0050100","Bunkie",NA,"LA","West South Central","South","AVOYELLES","City","Cities from 2,500 thru 9,999",4994,9,1,10,2,1,3,11,2,13,2.6,"BUNKIE POLICE DEPARTMENT                          ","Bunkie Police Department"
"4759",1996,"LA0110000","Caldwell",NA,"LA","West South Central","South","CALDWELL","County","Non-MSA counties from 10,000 thru 24,999",10419,13,0,13,2,0,2,15,0,15,1.44,"CALDWELL PARISH SHERIFF'S OFFICE                  ","Caldwell Parish Sheriff's Office"
"4760",1996,"LA0170100","Baker",NA,"LA","West South Central","South","EAST BATON ROUGE","City","Cities from 10,000 thru 24,999",13254,26,0,26,5,1,6,31,1,32,2.41,"BAKER POLICE DEPARTMENT                           ","Baker Police Department"
"4761",1996,"LA0370100","Monroe",NA,"LA","West South Central","South","OUACHITA","City","Cities from 50,000 thru 99,999",57524,149,14,163,20,49,69,169,63,232,4.03,"MONROE POLICE DEPARTMENT                          ","Monroe Police Department"
"4762",1996,"LA0400400","Lecompte",NA,"LA","West South Central","South","RAPIDES","City","Cities under 2,500",1674,6,0,6,0,0,0,6,0,6,3.58,"LECOMPTE POLICE DEPARTMENT                        ","Lecompte Police Department"
"4763",1996,"LA0420200","Rayville",NA,"LA","West South Central","South","RICHLAND","City","Cities from 2,500 thru 9,999",4482,7,0,7,2,0,2,9,0,9,2.01,"RAYVILLE POLICE DEPARTMENT                        ","Rayville Police Department"
"4764",1996,"LA0100700","Iowa",NA,"LA","West South Central","South","CALCASIEU","City","Cities from 2,500 thru 9,999",2800,7,0,7,1,0,1,8,0,8,2.86,"IOWA POLICE DEPARTMENT                            ","Iowa Police Department"
"4765",1996,"LA0170300","Zachary",NA,"LA","West South Central","South","EAST BATON ROUGE","City","Cities from 2,500 thru 9,999",9510,20,0,20,6,1,7,26,1,27,2.84,"ZACHARY POLICE DEPARTMENT                         ","Zachary Police Department"
"4766",1996,"LA0230300","New Iberia",NA,"LA","West South Central","South","IBERIA","City","Cities from 25,000 thru 49,999",33938,48,5,53,8,14,22,56,19,75,2.21,"NEW IBERIA PD                                     ","New Iberia Police Department"
"4767",1996,"LA0170200","Baton Rouge",NA,"LA","West South Central","South","EAST BATON ROUGE","City","Cities from 100,000 thru 249,999",229501,548,8,556,116,95,211,664,103,767,3.34,"BATON ROUGE POLICE DEPARTMENT                     ","Baton Rouge Police Department"
"4768",1996,"LA0100100","De Quincy",NA,"LA","West South Central","South","CALCASIEU","City","Cities from 2,500 thru 9,999",3692,10,0,10,2,0,2,12,0,12,3.25,"DEQUINCY POLICE DEPARTMENT                        ","Dequincy Police Department"
"4769",1996,"LA0140100","Haynesville",NA,"LA","West South Central","South","CLAIBORNE","City","Cities from 2,500 thru 9,999",2734,6,0,6,0,0,0,6,0,6,2.19,"HAYNESVILLE POLICE DEPT                           ","Haynesville Police Police Department"
"4770",1996,"LA0150100","Ferriday",NA,"LA","West South Central","South","CONCORDIA","City","Cities from 2,500 thru 9,999",4251,7,1,8,0,6,6,7,7,14,3.29,"FERRIDAY POLICE DEPARTMENT                        ","Ferriday Police Department"
"4771",1996,"LA0500300","Parks",NA,"LA","West South Central","South","ST MARTIN","City","Cities under 2,500",494,2,0,2,1,0,1,3,0,3,6.07,"PARKS POLICE DEPARTMENT                           ","Parks Police Department"
"4772",1996,"LA0100800","McNeese State University",NA,"LA","West South Central","South","CALCASIEU","University or College","Cities under 2,500",0,10,0,10,1,2,3,11,2,13,NA,"MCNEESE STATE UNIVERSITY POLICE                   ","Mcneese State University Police"
"4773",1996,"LA0160000","De Soto",NA,"LA","West South Central","South","DE SOTO","County","Non-MSA counties from 10,000 thru 24,999",18874,43,1,44,9,7,16,52,8,60,3.18,"DE SOTO PARISH SHERIFF'S OFFICE                   ","De Soto Parish Sheriff's Office"
"4774",1996,"LA0240300","White Castle",NA,"LA","West South Central","South","JEFFERSON DAVIS","City","Cities under 2,500",2248,5,0,5,0,2,2,5,2,7,3.11,"WHITE CASTLE POLICE DEPARTMENT                    ","White Castle Police Department"
"4775",1996,"LA0100300","Sulphur",NA,"LA","West South Central","South","CALCASIEU","City","Cities from 10,000 thru 24,999",21754,38,3,41,2,7,9,40,10,50,2.3,"SULPHUR POLICE DEPARTMENT                         ","Sulphur Police Department"
"4776",1996,"LA0530400","Amite",NA,"LA","West South Central","South","TANGIPAHOA","City","Cities from 2,500 thru 9,999",4678,14,0,14,4,0,4,18,0,18,3.85,"AMITE POLICE DEPARTMENT                           ","Amite Police Department"
"4777",1996,"LA0010300","Church Point",NA,"LA","West South Central","South","ACADIA","City","Cities from 2,500 thru 9,999",4827,11,0,11,4,0,4,15,0,15,3.11,"CHURCH POINT POLICE DEPARTMENT                    ","Church Point Police Department"
"4778",1996,"LA0490800","Krotz Springs",NA,"LA","West South Central","South","ST LANDRY","City","Cities under 2,500",1342,2,0,2,2,1,3,4,1,5,3.73,"KROTZ SPRINGS POLICE DEPARTMENT                   ","Krotz Springs Police Department"
"4779",1996,"LA0580200","New Llano",NA,"LA","West South Central","South","VERNON","City","Cities from 2,500 thru 9,999",2527,8,0,8,0,0,0,8,0,8,3.17,"NEW LLANO POLICE DEPARTMENT                       ","New Llano Police Department"
"4780",1996,"LA0590100","Bogalusa",NA,"LA","West South Central","South","WASHINGTON","City","Cities from 10,000 thru 24,999",15039,38,3,41,3,7,10,41,10,51,3.39,"BOGALUSA POLICE DEPARTMENT                        ","Bogalusa Police Department"
"4781",1996,"LA0350000","Natchitoches",NA,"LA","West South Central","South","NATCHITOCHES","County","Non-MSA counties from 10,000 thru 24,999",20659,41,8,49,1,12,13,42,20,62,3,"NATCHITOCHES PARISH SHERIFF'S OFFICE              ","Natchitoches Parish Sheriff's Office"
"4782",1996,"LA0370400","University of Louisiana:","Monroe","LA","West South Central","South","OUACHITA","University or College","Cities under 2,500",0,20,0,20,1,4,5,21,4,25,NA,"UNIVERSITY OF LOUISIANA - MONROE POLICE           ","University Of Louisiana - Monroe Police"
"4783",1996,"LA0590000","Washington",NA,"LA","West South Central","South","WASHINGTON","County","Non-MSA counties from 10,000 thru 24,999",23820,58,15,73,7,15,22,65,30,95,3.99,"WASHINGTON PARISH SHERIFF'S OFFICE                ","Washington Parish Sheriff's Office"
"4784",1996,"LA0370900","Tensas Basin Levee District",NA,"LA","West South Central","South","OUACHITA","Other State Agency","Cities under 2,500",0,2,0,2,0,0,0,2,0,2,NA,"TENSAS BASIN LEVEE DISTRICT POLICE                ","Tensas Basin Levee District Police"
"4785",1996,"LA0130100","Jonesville",NA,"LA","West South Central","South","CATAHOULA","City","Cities from 2,500 thru 9,999",3158,7,10,17,1,0,1,8,10,18,5.7,"JONESVILLE POLICE DEPARTMENT                      ","Jonesville Police Department"
"4786",1996,"LA0490100","Eunice",NA,"LA","West South Central","South","ACADIA, ST LANDRY","City","Cities from 10,000 thru 24,999",11520,29,1,30,1,6,7,30,7,37,3.21,"EUNICE POLICE DEPARTMENT                          ","Eunice Police Department"
"4787",1996,"LA0430000","Sabine",NA,"LA","West South Central","South","SABINE","County","Non-MSA counties from 10,000 thru 24,999",18465,41,0,41,21,0,21,62,0,62,3.36,"SABINE PARISH SHERIFF'S OFFICE                    ","Sabine Parish Sheriff's Office"
"4788",1996,"LA0310700","Louisiana Tech University",NA,"LA","West South Central","South","LINCOLN","University or College","Cities under 2,500",0,15,0,15,3,2,5,18,2,20,NA,"LOUISIANA TECH UNIVERSITY POLICE                  ","Louisiana Tech University Police"
"4789",1996,"LA0410000","Red River",NA,"LA","West South Central","South","RED RIVER","County","Non-MSA counties under 10,000",9399,34,2,36,6,1,7,40,3,43,4.57,"RED RIVER PARISH SHERIFF'S OFFICE                 ","Red River Parish Sheriff's Office"
"4790",1996,"LA0420300","Mangham",NA,"LA","West South Central","South","RICHLAND","City","Cities under 2,500",577,3,0,3,0,0,0,3,0,3,5.2,"MANGHAM POLICE DEPARTMENT                         ","Mangham Police Department"
"4791",1996,"LA0640100","Winnfield",NA,"LA","West South Central","South","WINN","City","Cities from 2,500 thru 9,999",6177,18,0,18,5,0,5,23,0,23,3.72,"WINNFIELD POLICE DEPT                             ","Winnfield Police Police Department"
"4792",1996,"LA0300200","Olla",NA,"LA","West South Central","South","LA SALLE","City","Cities under 2,500",1487,4,0,4,0,0,0,4,0,4,2.69,"OLLA POLICE DEPARTMENT                            ","Olla Police Department"
"4793",1996,"LA0300000","La Salle",NA,"LA","West South Central","South","LA SALLE","County","Non-MSA counties under 10,000",9778,21,5,26,0,6,6,21,11,32,3.27,"LA SALLE PARISH SHERIFF'S OFFICE                  ","La Salle Parish Sheriff's Office"
"4794",1996,"LA0280600","Scott",NA,"LA","West South Central","South","LAFAYETTE","City","Cities from 2,500 thru 9,999",5687,15,0,15,0,1,1,15,1,16,2.81,"SCOTT POLICE DEPARTMENT                           ","Scott Police Department"
"4795",1996,"LA0530100","Hammond",NA,"LA","West South Central","South","TANGIPAHOA","City","Cities from 10,000 thru 24,999",17800,55,11,66,9,11,20,64,22,86,4.83,"HAMMOND POLICE DEPARTMENT                         ","Hammond Police Department"
"4796",1996,"LA0570100","Abbeville",NA,"LA","West South Central","South","VERMILION","City","Cities from 10,000 thru 24,999",11891,31,1,32,5,0,5,36,1,37,3.11,"ABBEVILLE POLICE DEPARTMENT                       ","Abbeville Police Department"
"4797",1996,"LA0520600","Abita Springs",NA,"LA","West South Central","South","ST TAMMANY","City","Cities under 2,500",1687,5,0,5,0,0,0,5,0,5,2.96,"ABITA SPRINGS PD                                  ","Abita Springs Police Department"
"4798",1996,"LA0510000","St. Mary",NA,"LA","West South Central","South","ST MARY","County","Non-MSA counties from 10,000 thru 24,999",21810,73,0,73,37,0,37,110,0,110,5.04,"ST. MARY PARISH SHERIFF'S OFFICE                  ","St. Mary Parish Sheriff's Office"
"4799",1996,"LA0351000","Northwestern State University",NA,"LA","West South Central","South","NATCHITOCHES","University or College","Cities under 2,500",0,13,0,13,1,1,2,14,1,15,NA,"NORTHWESTERN STATE UNIVERSITY OF LOUISIANA POLICE ","Northwestern State University Of Louisiana Police"
"4800",1996,"LA0500200","St. Martinville",NA,"LA","West South Central","South","ST MARTIN","City","Cities from 2,500 thru 9,999",8129,14,1,15,2,4,6,16,5,21,2.58,"ST. MARTINVILLE POLICE DEPARTMENT                 ","St. Martinville Police Department"
"4801",1996,"LA0520200","Slidell",NA,"LA","West South Central","South","ST TAMMANY","City","Cities from 25,000 thru 49,999",29915,62,8,70,3,22,25,65,30,95,3.18,"SLIDELL POLICE DEPARTMENT                         ","Slidell Police Department"
"4802",1996,"LA0190100","Clinton",NA,"LA","West South Central","South","EAST FELICIANA","City","Cities under 2,500",2151,5,0,5,0,0,0,5,0,5,2.32,"CLINTON POLICE DEPT.                              ","Clinton Police Police Department"
"4803",1996,"LA0560000","Union",NA,"LA","West South Central","South","UNION","County","Non-MSA counties from 10,000 thru 24,999",16622,23,7,30,2,8,10,25,15,40,2.41,"UNION PARISH SHERIFF'S OFFICE                     ","Union Parish Sheriff's Office"
"4804",1996,"LA0540200","Waterproof",NA,"LA","West South Central","South","TENSAS","City","Cities under 2,500",1020,1,0,1,0,1,1,1,1,2,1.96,"WATERPROOF POLICE DEPARTMENT                      ","Waterproof Police Department"
"4805",1996,"LA0230200","Jeanerette",NA,"LA","West South Central","South","IBERIA","City","Cities from 2,500 thru 9,999",6806,13,0,13,1,6,7,14,6,20,2.94,"JEANERETTE POLICE DEPARTMENT                      ","Jeanerette Police Department"
"4806",1996,"LA0020100","Kinder",NA,"LA","West South Central","South","ALLEN","City","Cities under 2,500",2297,9,0,9,3,0,3,12,0,12,5.22,"KINDER POLICE DEPARTMENT                          ","Kinder Police Department"
"4807",1996,"LA0070000","Bienville",NA,"LA","West South Central","South","BIENVILLE","County","Non-MSA counties from 10,000 thru 24,999",11864,29,4,33,4,2,6,33,6,39,3.29,"BIENVILLE PARISH SHERIFF'S OFFICE                 ","Bienville Parish Sheriff's Office"
"4808",1996,"LA0400500","Cheneyville",NA,"LA","West South Central","South","RAPIDES","City","Cities under 2,500",994,3,0,3,0,0,0,3,0,3,3.02,"CHENEYVILLE POLICE DEPT.                          ","Cheneyville Police Police Department"
"4809",1996,"LA0400600","Glenmora",NA,"LA","West South Central","South","RAPIDES","City","Cities under 2,500",1796,4,0,4,0,0,0,4,0,4,2.23,"GLENMORA POLICE DEPARTMENT                        ","Glenmora Police Department"
"4810",1996,"LA0140200","Homer",NA,"LA","West South Central","South","CLAIBORNE","City","Cities from 2,500 thru 9,999",4184,9,0,9,1,0,1,10,0,10,2.39,"HOMER POLICE DEPARTMENT                           ","Homer Police Department"
"4811",1996,"LA0470200","Gramercy",NA,"LA","West South Central","South","ST JAMES","City","Cities under 2,500",2382,4,0,4,0,0,0,4,0,4,1.68,"GRAMERCY POLICE DEPARTMENT                        ","Gramercy Police Department"
"4812",1996,"LA0390000","Pointe Coupee",NA,"LA","West South Central","South","POINTE COUPEE","County","Non-MSA counties from 10,000 thru 24,999",17819,68,4,72,8,26,34,76,30,106,5.95,"POINTE COUPEE PARISH SHERIFF'S OFFICE             ","Pointe Coupee Parish Sheriff's Office"
"4813",1996,"LA0020000","Allen",NA,"LA","West South Central","South","ALLEN","County","Non-MSA counties from 10,000 thru 24,999",13673,20,11,31,1,7,8,21,18,39,2.85,"ALLEN PARISH SHERIFF'S OFFICE                     ","Allen Parish Sheriff's Office"
"4814",1996,"LA0490400","Sunset",NA,"LA","West South Central","South","ST LANDRY","City","Cities under 2,500",2288,6,0,6,6,0,6,12,0,12,5.24,"SUNSET POLICE DEPARTMENT                          ","Sunset Police Department"
"4815",1996,"LA0500000","St. Martin",NA,"LA","West South Central","South","ST MARTIN","County","MSA counties from 25,000 thru 99,999",30378,103,3,106,27,32,59,130,35,165,5.43,"ST. MARTIN PARISH SHERIFF'S OFFICE                ","St. Martin Parish Sheriff's Office"
"4816",1996,"LA0540300","St. Joseph",NA,"LA","West South Central","South","TENSAS","City","Cities under 2,500",1459,3,0,3,0,0,0,3,0,3,2.06,"ST. JOSEPH POLICE DEPARTMENT                      ","St. Joseph Police Department"
"4817",1996,"LA0010000","Acadia",NA,"LA","West South Central","South","ACADIA","County","MSA counties from 25,000 thru 99,999",27440,61,9,70,1,24,25,62,33,95,3.46,"ACADIA PARISH SHERIFF'S OFFICE                    ","Acadia Parish Sheriff's Office"
"4818",1996,"LA0310000","Lincoln",NA,"LA","West South Central","South","LINCOLN","County","Non-MSA counties from 10,000 thru 24,999",16016,37,0,37,9,0,9,46,0,46,2.87,"LINCOLN PARISH SHERIFF'S OFFICE                   ","Lincoln Parish Sheriff's Office"
"4819",1996,"LA0350100","Natchitoches",NA,"LA","West South Central","South","NATCHITOCHES","City","Cities from 10,000 thru 24,999",16901,62,1,63,16,2,18,78,3,81,4.79,"NATCHITOCHES POLICE DEPARTMENT                    ","Natchitoches Police Department"
"4820",1996,"LA0330100","Tallulah",NA,"LA","West South Central","South","MADISON","City","Cities from 2,500 thru 9,999",8704,12,0,12,4,0,4,16,0,16,1.84,"TALLULAH POLICE DEPT.                             ","Tallulah Police Police Department"
"4821",1996,"LA0050000","Avoyelles",NA,"LA","West South Central","South","AVOYELLES","County","Non-MSA counties from 25,000 thru 99,999",27419,163,0,163,75,0,75,238,0,238,8.68,"AVOYELLES PARISH SHERIFF'S OFFICE                 ","Avoyelles Parish Sheriff's Office"
"4822",1995,"LA0330000","Madison",NA,"LA","West South Central","South","MADISON","County","Non-MSA counties under 10,000",3863,8,12,20,0,0,0,8,12,20,5.18,"MADISON PARISH SHERIFF'S OFFICE                   ","Madison Parish Sheriff's Office"
"4823",1995,"LA0270000","Jefferson Davis",NA,"LA","West South Central","South","JEFFERSON DAVIS","County","Non-MSA counties from 10,000 thru 24,999",13951,21,19,40,2,16,18,23,35,58,4.16,"JEFFERSON DAVIS PARISH SHERIFF'S OFFICE           ","Jefferson Davis Parish Sheriff's Office"
"4824",1995,"LA0310300","Grambling",NA,"LA","West South Central","South","LINCOLN","City","Cities from 2,500 thru 9,999",6306,12,0,12,1,5,6,13,5,18,2.85,"GRAMBLING POLICE DEPARTMENT                       ","Grambling Police Department"
"4825",1995,"LA0030200","Gonzales",NA,"LA","West South Central","South","ASCENSION","City","Cities from 2,500 thru 9,999",8007,23,0,23,6,0,6,29,0,29,3.62,"GONZALES POLICE DEPARTMENT                        ","Gonzales Police Department"
"4826",1995,"LA0100200","Lake Charles",NA,"LA","West South Central","South","CALCASIEU","City","Cities from 50,000 thru 99,999",72877,129,1,130,25,1,26,154,2,156,2.14,"LAKE CHARLES POLICE DEPARTMENT                    ","Lake Charles Police Department"
"4827",1995,"LANPD0000","New Orleans",NA,"LA","West South Central","South","ORLEANS","City","Cities from 250,000 thru 499,999",487179,1217,58,1275,155,226,381,1372,284,1656,3.4,"NEW ORLEANS POLICE DEPARTMENT                     ","New Orleans Police Department"
"4828",1995,"LA0400200","Pineville",NA,"LA","West South Central","South","RAPIDES","City","Cities from 10,000 thru 24,999",12087,35,2,37,0,5,5,35,7,42,3.47,"PINEVILLE POLICE DEPARTMENT                       ","Pineville Police Department"
"4829",1995,"LA0450000","St. Charles",NA,"LA","West South Central","South","ST CHARLES","County","MSA counties from 25,000 thru 99,999",46035,125,21,146,19,67,86,144,88,232,5.04,"ST. CHARLES PARISH SHERIFF'S OFFICE               ","St. Charles Parish Sheriff's Office"
"4830",1995,"LA0270200","Jennings",NA,"LA","West South Central","South","JEFFERSON DAVIS","City","Cities from 10,000 thru 24,999",11951,21,5,26,3,8,11,24,13,37,3.1,"JENNINGS POLICE DEPARTMENT                        ","Jennings Police Department"
"4831",1995,"LALSP0000","State Police",NA,"LA","West South Central","South","UNMAPPED COUNTY","State Police","Non-MSA counties under 10,000",0,815,179,994,16,341,357,831,520,1351,NA,"LOUISIANA STATE POLICE                            ","Louisiana State Police"
"4832",1995,"LA0630100","St. Francisville",NA,"LA","West South Central","South","WEST FELICIANA","City","Cities under 2,500",1857,5,0,5,0,1,1,5,1,6,3.23,"ST. FRANCISVILLE POLICE DEPARTMENT                ","St. Francisville Police Department"
"4833",1995,"LA0510200","Franklin",NA,"LA","West South Central","South","ST MARY","City","Cities from 2,500 thru 9,999",9180,12,2,14,10,0,10,22,2,24,2.61,"FRANKLIN POLICE DEPARTMENT                        ","Franklin Police Department"
"4834",1995,"LA0170400","Louisiana State University:","Baton Rouge","LA","West South Central","South","EAST BATON ROUGE","University or College","Cities under 2,500",0,49,0,49,9,2,11,58,2,60,NA,"LOUISIANA STATE UNIVERSITY POLICE DEPARTMENT      ","Louisiana State University Police Department"
"4835",1995,"LA0400100","Alexandria",NA,"LA","West South Central","South","RAPIDES","City","Cities from 25,000 thru 49,999",46269,133,3,136,6,28,34,139,31,170,3.67,"ALEXANDRIA POLICE DEPARTMENT                      ","Alexandria Police Department"
"4836",1995,"LA0130000","Catahoula",NA,"LA","West South Central","South","CATAHOULA","County","Non-MSA counties under 10,000",7760,26,0,26,3,0,3,29,0,29,3.74,"CATAHOULA PARISH SHERIFF'S OFFICE                 ","Catahoula Parish Sheriff's Office"
"4837",1995,"LA0260500","Grand Isle",NA,"LA","West South Central","South","JEFFERSON","City","Cities under 2,500",1374,6,0,6,5,0,5,11,0,11,8.01,"GRAND ISLE POLICE DEPARTMENT                      ","Grand Isle Police Department"
"4838",1995,"LA0310200","Ruston",NA,"LA","West South Central","South","LINCOLN","City","Cities from 10,000 thru 24,999",20248,39,2,41,2,6,8,41,8,49,2.42,"RUSTON POLICE DEPARTMENT                          ","Ruston Police Department"
"4839",1995,"LA0600400","Cullen",NA,"LA","West South Central","South","WEBSTER","City","Cities under 2,500",1565,3,0,3,1,0,1,4,0,4,2.56,"CULLEN POLICE DEPARTMENT                          ","Cullen Police Department"
"4840",1995,"LA0350000","Natchitoches",NA,"LA","West South Central","South","NATCHITOCHES","County","Non-MSA counties from 10,000 thru 24,999",20617,51,1,52,9,1,10,60,2,62,3.01,"NATCHITOCHES PARISH SHERIFF'S OFFICE              ","Natchitoches Parish Sheriff's Office"
"4841",1995,"LA0370400","University of Louisiana:","Monroe","LA","West South Central","South","OUACHITA","University or College","Cities under 2,500",0,19,0,19,2,4,6,21,4,25,NA,"UNIVERSITY OF LOUISIANA - MONROE POLICE           ","University Of Louisiana - Monroe Police"
"4842",1995,"LA0590100","Bogalusa",NA,"LA","West South Central","South","WASHINGTON","City","Cities from 10,000 thru 24,999",15008,37,3,40,3,7,10,40,10,50,3.33,"BOGALUSA POLICE DEPARTMENT                        ","Bogalusa Police Department"
"4843",1995,"LA0130100","Jonesville",NA,"LA","West South Central","South","CATAHOULA","City","Cities from 2,500 thru 9,999",3152,7,8,15,0,2,2,7,10,17,5.39,"JONESVILLE POLICE DEPARTMENT                      ","Jonesville Police Department"
"4844",1995,"LA0580200","New Llano",NA,"LA","West South Central","South","VERNON","City","Cities from 2,500 thru 9,999",2522,8,0,8,0,0,0,8,0,8,3.17,"NEW LLANO POLICE DEPARTMENT                       ","New Llano Police Department"
"4845",1995,"LA0590000","Washington",NA,"LA","West South Central","South","WASHINGTON","County","Non-MSA counties from 10,000 thru 24,999",23771,54,16,70,3,17,20,57,33,90,3.79,"WASHINGTON PARISH SHERIFF'S OFFICE                ","Washington Parish Sheriff's Office"
"4846",1995,"LA0120000","Cameron",NA,"LA","West South Central","South","CAMERON","County","Non-MSA counties under 10,000",8967,52,4,56,1,16,17,53,20,73,8.14,"CAMERON PARISH SHERIFF'S OFFICE                   ","Cameron Parish Sheriff's Office"
"4847",1995,"LA0340000","Morehouse",NA,"LA","West South Central","South","MOREHOUSE","County","Non-MSA counties from 10,000 thru 24,999",17241,28,70,98,3,34,37,31,104,135,7.83,"MOREHOUSE PARISH SHERIFF'S OFFICE                 ","Morehouse Parish Sheriff's Office"
"4848",1995,"LA0290000","Lafourche",NA,"LA","West South Central","South","LAFOURCHE","County","MSA counties from 25,000 thru 99,999",68327,108,34,142,13,40,53,121,74,195,2.85,"LAFOURCHE PARISH SHERIFF'S OFFICE                 ","Lafourche Parish Sheriff's Office"
"4849",1995,"LA0020200","Oakdale",NA,"LA","West South Central","South","ALLEN","City","Cities from 2,500 thru 9,999",7528,17,1,18,4,0,4,21,1,22,2.92,"OAKDALE POLICE DEPARTMENT                         ","Oakdale Police Department"
"4850",1995,"LA0351000","Northwestern State University",NA,"LA","West South Central","South","NATCHITOCHES","University or College","Cities under 2,500",0,13,0,13,1,1,2,14,1,15,NA,"NORTHWESTERN STATE UNIVERSITY OF LOUISIANA POLICE ","Northwestern State University Of Louisiana Police"
"4851",1995,"LA0630000","West Feliciana",NA,"LA","West South Central","South","WEST FELICIANA","County","Non-MSA counties from 10,000 thru 24,999",11356,20,1,21,5,0,5,25,1,26,2.29,"WEST FELICIANA PARISH SHERIFF'S OFFICE            ","West Feliciana Parish Sheriff's Office"
"4852",1995,"LA0530000","Tangipahoa",NA,"LA","West South Central","South","TANGIPAHOA","County","Non-MSA counties from 25,000 thru 99,999",60941,162,0,162,37,5,42,199,5,204,3.35,"TANGIPAHOA PARISH SHERIFF'S OFFICE                ","Tangipahoa Parish Sheriff's Office"
"4853",1995,"LA0490500","Washington",NA,"LA","West South Central","South","ST LANDRY","City","Cities under 2,500",1327,5,0,5,0,0,0,5,0,5,3.77,"WASHINGTON POLICE DEPARTMENT                      ","Washington Police Department"
"4854",1995,"LA0050000","Avoyelles",NA,"LA","West South Central","South","AVOYELLES","County","Non-MSA counties from 25,000 thru 99,999",27363,135,0,135,93,0,93,228,0,228,8.33,"AVOYELLES PARISH SHERIFF'S OFFICE                 ","Avoyelles Parish Sheriff's Office"
"4855",1995,"LA0510000","St. Mary",NA,"LA","West South Central","South","ST MARY","County","Non-MSA counties from 10,000 thru 24,999",21765,91,0,91,32,0,32,123,0,123,5.65,"ST. MARY PARISH SHERIFF'S OFFICE                  ","St. Mary Parish Sheriff's Office"
"4856",1995,"LA0520600","Abita Springs",NA,"LA","West South Central","South","ST TAMMANY","City","Cities under 2,500",1684,5,0,5,0,0,0,5,0,5,2.97,"ABITA SPRINGS PD                                  ","Abita Springs Police Department"
"4857",1995,"LA0540100","Newellton",NA,"LA","West South Central","South","TENSAS","City","Cities under 2,500",1597,2,0,2,0,0,0,2,0,2,1.25,"NEWELLTON POLICE DEPARTMENT                       ","Newellton Police Department"
"4858",1995,"LA0640000","Winn",NA,"LA","West South Central","South","WINN","County","Non-MSA counties from 10,000 thru 24,999",10928,26,0,26,5,0,5,31,0,31,2.84,"WINN PARISH SHERIFF'S OFFICE                      ","Winn Parish Sheriff's Office"
"4859",1995,"LA0510500","Baldwin",NA,"LA","West South Central","South","ST MARY","City","Cities under 2,500",2452,4,0,4,2,2,4,6,2,8,3.26,"BALDWIN POLICE DEPARTMENT                         ","Baldwin Police Department"
"4860",1995,"LA0200200","Mamou",NA,"LA","West South Central","South","EVANGELINE","City","Cities from 2,500 thru 9,999",3446,10,0,10,7,0,7,17,0,17,4.93,"MAMOU POLICE DEPARTMENT                           ","Mamou Police Department"
"4861",1995,"LA0610100","Port Allen",NA,"LA","West South Central","South","WEST BATON ROUGE","City","Cities from 2,500 thru 9,999",6220,18,0,18,4,0,4,22,0,22,3.54,"PORT ALLEN POLICE DEPARTMENT                      ","Port Allen Police Department"
"4862",1995,"LA0260300","Kenner",NA,"LA","West South Central","South","JEFFERSON","City","Cities from 50,000 thru 99,999",73347,119,10,129,13,31,44,132,41,173,2.36,"KENNER POLICE DEPARTMENT                          ","Kenner Police Department"
"4863",1995,"LA0040000","Assumption",NA,"LA","West South Central","South","ASSUMPTION","County","Non-MSA counties from 10,000 thru 24,999",22818,24,12,36,0,9,9,24,21,45,1.97,"ASSUMPTION PARISH SHERIFF'S OFFICE                ","Assumption Parish Sheriff's Office"
"4864",1995,"LA0150200","Vidalia",NA,"LA","West South Central","South","CONCORDIA","City","Cities from 2,500 thru 9,999",5111,12,1,13,7,0,7,19,1,20,3.91,"VIDALIA POLICE DEPARTMENT                         ","Vidalia Police Department"
"4865",1995,"LA0270400","Welsh",NA,"LA","West South Central","South","JEFFERSON DAVIS","City","Cities from 2,500 thru 9,999",3428,7,0,7,3,0,3,10,0,10,2.92,"WELSH POLICE DEPARTMENT                           ","Welsh Police Department"
"4866",1995,"LA0200000","Evangeline",NA,"LA","West South Central","South","EVANGELINE","County","Non-MSA counties from 10,000 thru 24,999",21638,37,0,37,11,0,11,48,0,48,2.22,"EVANGELINE PARISH SHERIFF'S OFFICE                ","Evangeline Parish Sheriff's Office"
"4867",1995,"LA0510100","Berwick",NA,"LA","West South Central","South","ST MARY","City","Cities from 2,500 thru 9,999",4558,10,0,10,0,0,0,10,0,10,2.19,"BERWICK POLICE DEPARTMENT                         ","Berwick Police Department"
"4868",1995,"LA0530900","Southeastern Louisiana University",NA,"LA","West South Central","South","TANGIPAHOA","University or College","Cities under 2,500",0,20,2,22,1,5,6,21,7,28,NA,"SOUTHEASTERN LOUISIANA UNIVERSITY POLICE          ","Southeastern Louisiana University Police"
"4869",1995,"LA0570500","Gueydan",NA,"LA","West South Central","South","VERMILION","City","Cities under 2,500",1580,4,0,4,1,0,1,5,0,5,3.16,"GUEYDAN POLICE DEPT                               ","Gueydan Police Police Department"
"4870",1995,"LA0580000","Vernon",NA,"LA","West South Central","South","VERNON","County","Non-MSA counties from 25,000 thru 99,999",46191,83,0,83,28,0,28,111,0,111,2.4,"VERNON PARISH SHERIFF'S OFFICE                    ","Vernon Parish Sheriff's Office"
"4871",1995,"LA0390000","Pointe Coupee",NA,"LA","West South Central","South","POINTE COUPEE","County","Non-MSA counties from 10,000 thru 24,999",17783,56,1,57,11,12,23,67,13,80,4.5,"POINTE COUPEE PARISH SHERIFF'S OFFICE             ","Pointe Coupee Parish Sheriff's Office"
"4872",1995,"LA0110000","Caldwell",NA,"LA","West South Central","South","CALDWELL","County","Non-MSA counties from 10,000 thru 24,999",10398,13,0,13,2,0,2,15,0,15,1.44,"CALDWELL PARISH SHERIFF'S OFFICE                  ","Caldwell Parish Sheriff's Office"
"4873",1995,"LA0260000","Jefferson",NA,"LA","West South Central","South","JEFFERSON","County","MSA counties 100,000 or over",346558,785,155,940,90,285,375,875,440,1315,3.79,"JEFFERSON PARISH SHERIFF'S OFFICE                 ","Jefferson Parish Sheriff's Office"
"4874",1995,"LA0050100","Bunkie",NA,"LA","West South Central","South","AVOYELLES","City","Cities from 2,500 thru 9,999",4984,8,1,9,2,1,3,10,2,12,2.41,"BUNKIE POLICE DEPARTMENT                          ","Bunkie Police Department"
"4875",1995,"LA0170100","Baker",NA,"LA","West South Central","South","EAST BATON ROUGE","City","Cities from 10,000 thru 24,999",13227,26,0,26,5,1,6,31,1,32,2.42,"BAKER POLICE DEPARTMENT                           ","Baker Police Department"
"4876",1995,"LA0100400","Vinton",NA,"LA","West South Central","South","CALCASIEU","City","Cities from 2,500 thru 9,999",3516,11,0,11,2,0,2,13,0,13,3.7,"VINTON POLICE DEPARTMENT                          ","Vinton Police Department"
"4877",1995,"LA0300100","Jena",NA,"LA","West South Central","South","LA SALLE","City","Cities from 2,500 thru 9,999",2638,5,0,5,0,0,0,5,0,5,1.9,"JENA POLICE DEPARTMENT                            ","Jena Police Department"
"4878",1995,"LA0470000","St. James",NA,"LA","West South Central","South","ST JAMES","County","MSA counties from 10,000 thru 24,999",14730,59,2,61,12,20,32,71,22,93,6.31,"ST. JAMES PARISH SHERIFF'S OFFICE                 ","St. James Parish Sheriff's Office"
"4879",1995,"LA0370000","Ouachita",NA,"LA","West South Central","South","OUACHITA","County","MSA counties from 25,000 thru 99,999",72924,182,0,182,58,1,59,240,1,241,3.3,"OUACHITA PARISH SHERIFF'S OFFICE                  ","Ouachita Parish Sheriff's Office"
"4880",1995,"LA0340300","Bonita",NA,"LA","West South Central","South","MOREHOUSE","City","Cities under 2,500",223,1,0,1,0,0,0,1,0,1,4.48,"BONITA POLICE DEPT.                               ","Bonita Police Police Department"
"4881",1995,"LA0280000","Lafayette",NA,"LA","West South Central","South","LAFAYETTE","County","MSA counties from 25,000 thru 99,999",67521,345,0,345,99,0,99,444,0,444,6.58,"LAFAYETTE PARISH SHERIFF'S OFFICE                 ","Lafayette Parish Sheriff's Office"
"4882",1995,"LA0390100","New Roads",NA,"LA","West South Central","South","POINTE COUPEE","City","Cities from 2,500 thru 9,999",5375,17,2,19,0,3,3,17,5,22,4.09,"NEW ROADS POLICE DEPARTMENT                       ","New Roads Police Department"
"4883",1995,"LA0490400","Sunset",NA,"LA","West South Central","South","ST LANDRY","City","Cities under 2,500",2284,6,0,6,6,0,6,12,0,12,5.25,"SUNSET POLICE DEPARTMENT                          ","Sunset Police Department"
"4884",1995,"LA0370300","Sterlington",NA,"LA","West South Central","South","OUACHITA","City","Cities under 2,500",1278,5,0,5,0,1,1,5,1,6,4.69,"STERLINGTON POLICE DEPARTMENT                     ","Sterlington Police Department"
"4885",1995,"LA0320000","Livingston",NA,"LA","West South Central","South","LIVINGSTON","County","MSA counties from 25,000 thru 99,999",69228,76,31,107,40,11,51,116,42,158,2.28,"LIVINGSTON PARISH SHERIFF'S OFFICE                ","Livingston Parish Sheriff's Office"
"4886",1995,"LA0020000","Allen",NA,"LA","West South Central","South","ALLEN","County","Non-MSA counties from 10,000 thru 24,999",13645,28,2,30,0,7,7,28,9,37,2.71,"ALLEN PARISH SHERIFF'S OFFICE                     ","Allen Parish Sheriff's Office"
"4887",1995,"LA0010000","Acadia",NA,"LA","West South Central","South","ACADIA","County","MSA counties from 25,000 thru 99,999",27384,60,10,70,3,23,26,63,33,96,3.51,"ACADIA PARISH SHERIFF'S OFFICE                    ","Acadia Parish Sheriff's Office"
"4888",1995,"LA0500000","St. Martin",NA,"LA","West South Central","South","ST MARTIN","County","MSA counties from 25,000 thru 99,999",30316,92,1,93,28,26,54,120,27,147,4.85,"ST. MARTIN PARISH SHERIFF'S OFFICE                ","St. Martin Parish Sheriff's Office"
"4889",1995,"LA0540300","St. Joseph",NA,"LA","West South Central","South","TENSAS","City","Cities under 2,500",1456,3,0,3,0,0,0,3,0,3,2.06,"ST. JOSEPH POLICE DEPARTMENT                      ","St. Joseph Police Department"
"4890",1995,"LA0490200","Opelousas",NA,"LA","West South Central","South","ST LANDRY","City","Cities from 10,000 thru 24,999",19425,39,1,40,6,8,14,45,9,54,2.78,"OPELOUSAS POLICE DEPARTMENT                       ","Opelousas Police Department"
"4891",1995,"LA0060100","De Ridder",NA,"LA","West South Central","South","BEAUREGARD","City","Cities from 10,000 thru 24,999",10256,17,0,17,7,1,8,24,1,25,2.44,"DERIDDER POLICE DEPARTMENT                        ","Deridder Police Department"
"4892",1995,"LA0090000","Caddo",NA,"LA","West South Central","South","CADDO","County","MSA counties from 25,000 thru 99,999",44495,340,40,380,74,141,215,414,181,595,13.37,"CADDO PARISH SHERIFF'S OFFICE                     ","Caddo Parish Sheriff's Office"
"4893",1995,"LA0250000","Jackson",NA,"LA","West South Central","South","JACKSON","County","Non-MSA counties from 10,000 thru 24,999",11369,28,1,29,0,3,3,28,4,32,2.81,"JACKSON PARISH SHERIFF'S OFFICE                   ","Jackson Parish Sheriff's Office"
"4894",1995,"LA0570200","Kaplan",NA,"LA","West South Central","South","VERMILION","City","Cities from 2,500 thru 9,999",4452,12,0,12,6,0,6,18,0,18,4.04,"KAPLAN POLICE DEPARTMENT                          ","Kaplan Police Department"
"4895",1995,"LA0130300","Harrisonburg",NA,"LA","West South Central","South","CATAHOULA","City","Cities under 2,500",417,1,0,1,0,0,0,1,0,1,2.4,"HARRISONBURG POLICE DEPARTMENT                    ","Harrisonburg Police Department"
"4896",1995,"LA0520300","Mandeville",NA,"LA","West South Central","South","ST TAMMANY","City","Cities from 2,500 thru 9,999",9420,22,1,23,9,3,12,31,4,35,3.72,"MANDEVILLE POLICE DEPARTMENT                      ","Mandeville Police Department"
"4897",1995,"LA0610200","Brusly",NA,"LA","West South Central","South","WEST BATON ROUGE","City","Cities under 2,500",1931,5,0,5,0,0,0,5,0,5,2.59,"BRUSLY POLICE DEPARTMENT                          ","Brusly Police Department"
"4898",1995,"LA0030300","Sorrento",NA,"LA","West South Central","South","ASCENSION","City","Cities under 2,500",1182,2,0,2,0,0,0,2,0,2,1.69,"SORRENTO POLICE DEPARTMENT                        ","Sorrento Police Department"
"4899",1995,"LA0280700","University of Louisiana:","Lafayette","LA","West South Central","South","LAFAYETTE","University or College","Cities under 2,500",0,12,0,12,4,1,5,16,1,17,NA,"UNIVERSITY OF LOUISIANA AT LAFAYETTE POLICE       ","University Of Louisiana At Lafayette Police"
"4900",1995,"LA0401000","Ball",NA,"LA","West South Central","South","RAPIDES","City","Cities from 2,500 thru 9,999",3231,3,0,3,0,0,0,3,0,3,0.93,"BALL POLICE DEPARTMENT                            ","Ball Police Department"
"4901",1995,"LA0240000","Iberville",NA,"LA","West South Central","South","IBERVILLE","County","Non-MSA counties from 10,000 thru 24,999",22315,54,30,84,3,42,45,57,72,129,5.78,"IBERVILLE PARISH SHERIFF'S OFFICE                 ","Iberville Parish Sheriff's Office"
"4902",1995,"LA0320100","Denham Springs",NA,"LA","West South Central","South","LIVINGSTON","City","Cities from 2,500 thru 9,999",9122,20,3,23,0,11,11,20,14,34,3.73,"DENHAM SPRINGS POLICE DEPARTMENT                  ","Denham Springs Police Department"
"4903",1995,"LA0100000","Calcasieu",NA,"LA","West South Central","South","CALCASIEU","County","MSA counties from 25,000 thru 99,999",64678,367,1,368,119,0,119,486,1,487,7.53,"CALCASIEU PARISH SHERIFF'S OFFICE                 ","Calcasieu Parish Sheriff's Office"
"4904",1995,"LA0210400","Baskin",NA,"LA","West South Central","South","FRANKLIN","City","Cities under 2,500",311,1,0,1,0,0,0,1,0,1,3.22,"BASKIN POLICE DEPARTMENT                          ","Baskin Police Department"
"4905",1995,"LA0210000","Franklin",NA,"LA","West South Central","South","FRANKLIN","County","Non-MSA counties from 10,000 thru 24,999",16063,29,31,60,0,16,16,29,47,76,4.73,"FRANKLIN PARISH SHERIFF'S OFFICE                  ","Franklin Parish Sheriff's Office"
"4906",1995,"LA0610300","Addis",NA,"LA","West South Central","South","WEST BATON ROUGE","City","Cities under 2,500",1274,4,0,4,0,0,0,4,0,4,3.14,"ADDIS POLICE DEPARTMENT                           ","Addis Police Department"
"4907",1995,"LA0460000","St. Helena",NA,"LA","West South Central","South","ST HELENA","County","Non-MSA counties under 10,000",9929,11,9,20,1,2,3,12,11,23,2.32,"ST. HELENA PARISH SHERIFF'S OFFICE                ","St. Helena Parish Sheriff's Office"
"4908",1995,"LA0010100","Crowley",NA,"LA","West South Central","South","ACADIA","City","Cities from 10,000 thru 24,999",14577,26,0,26,4,2,6,30,2,32,2.2,"CROWLEY POLICE DEPARTMENT                         ","Crowley Police Department"
"4909",1995,"LA0500100","Breaux Bridge",NA,"LA","West South Central","South","ST MARTIN","City","Cities from 2,500 thru 9,999",7102,15,0,15,6,0,6,21,0,21,2.96,"BREAUX BRIDGE POLICE DEPARTMENT                   ","Breaux Bridge Police Department"
"4910",1995,"LA0540200","Waterproof",NA,"LA","West South Central","South","TENSAS","City","Cities under 2,500",1018,1,0,1,0,0,0,1,0,1,0.98,"WATERPROOF POLICE DEPARTMENT                      ","Waterproof Police Department"
"4911",1995,"LA0500200","St. Martinville",NA,"LA","West South Central","South","ST MARTIN","City","Cities from 2,500 thru 9,999",8113,13,1,14,1,5,6,14,6,20,2.47,"ST. MARTINVILLE POLICE DEPARTMENT                 ","St. Martinville Police Department"
"4912",1995,"LA0560000","Union",NA,"LA","West South Central","South","UNION","County","Non-MSA counties from 10,000 thru 24,999",16588,17,6,23,3,6,9,20,12,32,1.93,"UNION PARISH SHERIFF'S OFFICE                     ","Union Parish Sheriff's Office"
"4913",1995,"LA0470200","Gramercy",NA,"LA","West South Central","South","ST JAMES","City","Cities under 2,500",2378,3,0,3,0,0,0,3,0,3,1.26,"GRAMERCY POLICE DEPARTMENT                        ","Gramercy Police Department"
"4914",1995,"LA0400500","Cheneyville",NA,"LA","West South Central","South","RAPIDES","City","Cities under 2,500",992,5,0,5,0,0,0,5,0,5,5.04,"CHENEYVILLE POLICE DEPT.                          ","Cheneyville Police Police Department"
"4915",1995,"LA0520200","Slidell",NA,"LA","West South Central","South","ST TAMMANY","City","Cities from 25,000 thru 49,999",29854,60,8,68,3,23,26,63,31,94,3.15,"SLIDELL POLICE DEPARTMENT                         ","Slidell Police Department"
"4916",1995,"LA0020100","Kinder",NA,"LA","West South Central","South","ALLEN","City","Cities under 2,500",2293,7,0,7,0,0,0,7,0,7,3.05,"KINDER POLICE DEPARTMENT                          ","Kinder Police Department"
"4917",1995,"LA0200300","Ville Platte",NA,"LA","West South Central","South","EVANGELINE","City","Cities from 2,500 thru 9,999",9093,25,0,25,4,0,4,29,0,29,3.19,"VILLE PLATTE POLICE DEPARTMENT                    ","Ville Platte Police Department"
"4918",1995,"LA0090200","Vivian",NA,"LA","West South Central","South","CADDO","City","Cities from 2,500 thru 9,999",4121,16,0,16,0,0,0,16,0,16,3.88,"VIVIAN POLICE DEPARTMENT                          ","Vivian Police Department"
"4919",1995,"LA0100500","Westlake",NA,"LA","West South Central","South","CALCASIEU","City","Cities from 2,500 thru 9,999",5158,12,0,12,2,4,6,14,4,18,3.49,"WESTLAKE POLICE DEPARTMENT                        ","Westlake Police Department"
"4920",1995,"LA0160100","Mansfield",NA,"LA","West South Central","South","DE SOTO","City","Cities from 2,500 thru 9,999",5071,11,0,11,6,0,6,17,0,17,3.35,"MANSFIELD POLICE DEPARTMENT                       ","Mansfield Police Department"
"4921",1995,"LA0190200","Jackson",NA,"LA","West South Central","South","EAST FELICIANA","City","Cities from 2,500 thru 9,999",4289,3,0,3,0,0,0,3,0,3,0.7,"JACKSON POLICE DEPARTMENT                         ","Jackson Police Department"
"4922",1995,"LA0290500","Thibodaux",NA,"LA","West South Central","South","LAFOURCHE","City","Cities from 10,000 thru 24,999",14300,38,4,42,5,5,10,43,9,52,3.64,"THIBODAUX POLICE DEPARTMENT                       ","Thibodaux Police Department"
"4923",1995,"LA0070100","Arcadia",NA,"LA","West South Central","South","BIENVILLE","City","Cities from 2,500 thru 9,999",3091,8,0,8,0,0,0,8,0,8,2.59,"ARCADIA POLICE DEPARTMENT                         ","Arcadia Police Department"
"4924",1995,"LA0550000","Terrebonne",NA,"LA","West South Central","South","TERREBONNE","County","MSA counties from 25,000 thru 99,999",69480,183,0,183,72,0,72,255,0,255,3.67,"TERREBONNE PARISH SHERIFF'S OFFICE                ","Terrebonne Parish Sheriff's Office"
"4925",1995,"LA0240100","Maringouin",NA,"LA","West South Central","South","IBERVILLE","City","Cities under 2,500",1278,3,0,3,1,0,1,4,0,4,3.13,"MARINGOUIN POLICE DEPARTMENT                      ","Maringouin Police Department"
"4926",1995,"LA0150000","Concordia",NA,"LA","West South Central","South","CONCORDIA","County","Non-MSA counties from 10,000 thru 24,999",11619,17,12,29,3,10,13,20,22,42,3.61,"CONCORDIA PARISH SHERIFF'S OFFICE                 ","Concordia Parish Sheriff's Office"
"4927",1995,"LA0060000","Beauregard",NA,"LA","West South Central","South","BEAUREGARD","County","Non-MSA counties from 10,000 thru 24,999",21337,45,4,49,4,7,11,49,11,60,2.81,"BEAUREGARD PARISH SHERIFF'S OFFICE                ","Beauregard Parish Sheriff's Office"
"4928",1995,"LA0010400","Iota",NA,"LA","West South Central","South","ACADIA","City","Cities under 2,500",1301,4,0,4,0,0,0,4,0,4,3.07,"IOTA POLICE DEPARTMENT                            ","Iota Police Department"
"4929",1995,"LA0530300","Ponchatoula",NA,"LA","West South Central","South","TANGIPAHOA","City","Cities from 2,500 thru 9,999",5971,13,0,13,2,1,3,15,1,16,2.68,"PONCHATOULA POLICE DEPARTMENT                     ","Ponchatoula Police Department"
"4930",1995,"LA0010200","Rayne",NA,"LA","West South Central","South","ACADIA","City","Cities from 2,500 thru 9,999",8933,18,2,20,1,2,3,19,4,23,2.57,"RAYNE POLICE DEPARTMENT                           ","Rayne Police Department"
"4931",1995,"LA0490300","Arnaudville",NA,"LA","West South Central","South","ST LANDRY","City","Cities under 2,500",1798,5,0,5,0,0,0,5,0,5,2.78,"ARNAUDVILLE POLICE DEPARTMENT                     ","Arnaudville Police Department"
"4932",1995,"LA0550100","Houma",NA,"LA","West South Central","South","TERREBONNE","City","Cities from 25,000 thru 49,999",31507,51,1,52,8,13,21,59,14,73,2.32,"HOUMA POLICE DEPARTMENT                           ","Houma Police Department"
"4933",1995,"LA0070000","Bienville",NA,"LA","West South Central","South","BIENVILLE","County","Non-MSA counties from 10,000 thru 24,999",11840,30,4,34,3,2,5,33,6,39,3.29,"BIENVILLE PARISH SHERIFF'S OFFICE                 ","Bienville Parish Sheriff's Office"
"4934",1995,"LA0140200","Homer",NA,"LA","West South Central","South","CLAIBORNE","City","Cities from 2,500 thru 9,999",4176,9,0,9,1,0,1,10,0,10,2.39,"HOMER POLICE DEPARTMENT                           ","Homer Police Department"
"4935",1995,"LA0310600","Grambling State University",NA,"LA","West South Central","South","LINCOLN","University or College","Cities under 2,500",0,15,0,15,7,1,8,22,1,23,NA,"GRAMBLING STATE UNIVERSITY POLICE DEPT.           ","Grambling State University Police Police Department"
"4936",1995,"LA0560100","Farmerville",NA,"LA","West South Central","South","UNION","City","Cities from 2,500 thru 9,999",3461,10,0,10,2,0,2,12,0,12,3.47,"FARMERVILLE POLICE DEPARTMENT                     ","Farmerville Police Department"
"4937",1995,"LA0530200","Kentwood",NA,"LA","West South Central","South","TANGIPAHOA","City","Cities under 2,500",2482,9,0,9,0,1,1,9,1,10,4.03,"KENTWOOD POLICE DEPARTMENT                        ","Kentwood Police Department"
"4938",1995,"LA0600200","Springhill",NA,"LA","West South Central","South","WEBSTER","City","Cities from 2,500 thru 9,999",5501,11,0,11,1,0,1,12,0,12,2.18,"SPRINGHILL POLICE DEPARTMENT                      ","Springhill Police Department"
"4939",1995,"LA0420100","Delhi",NA,"LA","West South Central","South","RICHLAND","City","Cities from 2,500 thru 9,999",3198,5,0,5,1,0,1,6,0,6,1.88,"DELHI POLICE DEPARTMENT                           ","Delhi Police Department"
"4940",1995,"LA0380000","Plaquemines",NA,"LA","West South Central","South","PLAQUEMINES","County","MSA counties from 25,000 thru 99,999",25613,106,11,117,11,25,36,117,36,153,5.97,"PLAQUEMINES PARISH SHERIFF'S OFFICE               ","Plaquemines Parish Sheriff's Office"
"4941",1995,"LA0600100","Minden",NA,"LA","West South Central","South","WEBSTER","City","Cities from 10,000 thru 24,999",13900,26,0,26,3,1,4,29,1,30,2.16,"MINDEN POLICE DEPARTMENT                          ","Minden Police Department"
"4942",1995,"LA0490000","St. Landry",NA,"LA","West South Central","South","ST LANDRY","County","MSA counties from 25,000 thru 99,999",45190,78,3,81,36,4,40,114,7,121,2.68,"ST. LANDRY PARISH SHERIFF'S OFFICE                ","St. Landry Parish Sheriff's Office"
"4943",1995,"LA0290100","Golden Meadow",NA,"LA","West South Central","South","LAFOURCHE","City","Cities under 2,500",2030,5,0,5,0,1,1,5,1,6,2.96,"GOLDEN MEADOW POLICE DEPARTMENT                   ","Golden Meadow Police Department"
"4944",1995,"LA0190100","Clinton",NA,"LA","West South Central","South","EAST FELICIANA","City","Cities under 2,500",2147,4,0,4,0,0,0,4,0,4,1.86,"CLINTON POLICE DEPT.                              ","Clinton Police Police Department"
"4945",1995,"LA0370100","Monroe",NA,"LA","West South Central","South","OUACHITA","City","Cities from 50,000 thru 99,999",57406,156,12,168,19,47,66,175,59,234,4.08,"MONROE POLICE DEPARTMENT                          ","Monroe Police Department"
"4946",1995,"LA0230200","Jeanerette",NA,"LA","West South Central","South","IBERIA","City","Cities from 2,500 thru 9,999",6792,13,0,13,6,0,6,19,0,19,2.8,"JEANERETTE POLICE DEPARTMENT                      ","Jeanerette Police Department"
"4947",1995,"LA0400400","Lecompte",NA,"LA","West South Central","South","RAPIDES","City","Cities under 2,500",1671,5,0,5,0,0,0,5,0,5,2.99,"LECOMPTE POLICE DEPARTMENT                        ","Lecompte Police Department"
"4948",1995,"LA0420200","Rayville",NA,"LA","West South Central","South","RICHLAND","City","Cities from 2,500 thru 9,999",4473,7,0,7,2,0,2,9,0,9,2.01,"RAYVILLE POLICE DEPARTMENT                        ","Rayville Police Department"
"4949",1995,"LA0100700","Iowa",NA,"LA","West South Central","South","CALCASIEU","City","Cities from 2,500 thru 9,999",2795,7,0,7,0,1,1,7,1,8,2.86,"IOWA POLICE DEPARTMENT                            ","Iowa Police Department"
"4950",1995,"LA0230300","New Iberia",NA,"LA","West South Central","South","IBERIA","City","Cities from 25,000 thru 49,999",33868,50,4,54,8,15,23,58,19,77,2.27,"NEW IBERIA PD                                     ","New Iberia Police Department"
"4951",1995,"LA0010300","Church Point",NA,"LA","West South Central","South","ACADIA","City","Cities from 2,500 thru 9,999",4818,11,0,11,4,0,4,15,0,15,3.11,"CHURCH POINT POLICE DEPARTMENT                    ","Church Point Police Department"
"4952",1995,"LA0170300","Zachary",NA,"LA","West South Central","South","EAST BATON ROUGE","City","Cities from 2,500 thru 9,999",9491,19,1,20,5,1,6,24,2,26,2.74,"ZACHARY POLICE DEPARTMENT                         ","Zachary Police Department"
"4953",1995,"LA0490800","Krotz Springs",NA,"LA","West South Central","South","ST LANDRY","City","Cities under 2,500",1340,3,1,4,1,2,3,4,3,7,5.22,"KROTZ SPRINGS POLICE DEPARTMENT                   ","Krotz Springs Police Department"
"4954",1995,"LA0530400","Amite",NA,"LA","West South Central","South","TANGIPAHOA","City","Cities from 2,500 thru 9,999",4669,15,0,15,4,0,4,19,0,19,4.07,"AMITE POLICE DEPARTMENT                           ","Amite Police Department"
"4955",1995,"LA0240300","White Castle",NA,"LA","West South Central","South","JEFFERSON DAVIS","City","Cities under 2,500",2244,5,0,5,0,3,3,5,3,8,3.57,"WHITE CASTLE POLICE DEPARTMENT                    ","White Castle Police Department"
"4956",1995,"LA0100300","Sulphur",NA,"LA","West South Central","South","CALCASIEU","City","Cities from 10,000 thru 24,999",21710,36,4,40,3,7,10,39,11,50,2.3,"SULPHUR POLICE DEPARTMENT                         ","Sulphur Police Department"
"4957",1995,"LA0160000","De Soto",NA,"LA","West South Central","South","DE SOTO","County","Non-MSA counties from 10,000 thru 24,999",18836,45,0,45,15,0,15,60,0,60,3.19,"DE SOTO PARISH SHERIFF'S OFFICE                   ","De Soto Parish Sheriff's Office"
"4958",1995,"LA0430200","Zwolle",NA,"LA","West South Central","South","SABINE","City","Cities under 2,500",1866,3,0,3,0,1,1,3,1,4,2.14,"ZWOLLE POLICE DEPARTMENT                          ","Zwolle Police Department"
"4959",1995,"LA0370500","Richwood",NA,"LA","West South Central","South","OUACHITA","City","Cities under 2,500",1314,4,0,4,0,1,1,4,1,5,3.81,"RICHWOOD POLICE DEPARTMENT                        ","Richwood Police Department"
"4960",1995,"LA0370200","West Monroe",NA,"LA","West South Central","South","OUACHITA","City","Cities from 10,000 thru 24,999",14439,49,2,51,13,1,14,62,3,65,4.5,"WEST MONROE POLICE DEPARTMENT                     ","West Monroe Police Department"
"4961",1995,"LA0600000","Webster",NA,"LA","West South Central","South","WEBSTER","County","MSA counties from 10,000 thru 24,999",21523,54,12,66,2,9,11,56,21,77,3.58,"WEBSTER PARISH SHERIFF'S OFFICE                   ","Webster Parish Sheriff's Office"
"4962",1995,"LA0510400","Patterson",NA,"LA","West South Central","South","ST MARY","City","Cities from 2,500 thru 9,999",5566,12,0,12,5,0,5,17,0,17,3.05,"PATTERSON POLICE DEPARTMENT                       ","Patterson Police Department"
"4963",1995,"LA0280300","Lafayette",NA,"LA","West South Central","South","LAFAYETTE","City","Cities from 100,000 thru 249,999",102921,190,13,203,18,49,67,208,62,270,2.62,"LAFAYETTE POLICE DEPARTMENT                       ","Lafayette Police Department"
"4964",1995,"LA0610000","West Baton Rouge",NA,"LA","West South Central","South","WEST BATON ROUGE","County","MSA counties from 10,000 thru 24,999",10754,52,11,63,1,13,14,53,24,77,7.16,"WEST BATON ROUGE PARISH SHERIFF'S OFFICE          ","West Baton Rouge Parish Sheriff's Office"
"4965",1995,"LA0490100","Eunice",NA,"LA","West South Central","South","ACADIA, ST LANDRY","City","Cities from 10,000 thru 24,999",11497,27,1,28,1,6,7,28,7,35,3.04,"EUNICE POLICE DEPARTMENT                          ","Eunice Police Department"
"4966",1995,"LA0430000","Sabine",NA,"LA","West South Central","South","SABINE","County","Non-MSA counties from 10,000 thru 24,999",18427,40,0,40,21,0,21,61,0,61,3.31,"SABINE PARISH SHERIFF'S OFFICE                    ","Sabine Parish Sheriff's Office"
"4967",1995,"LA0420300","Mangham",NA,"LA","West South Central","South","RICHLAND","City","Cities under 2,500",576,3,0,3,0,0,0,3,0,3,5.21,"MANGHAM POLICE DEPARTMENT                         ","Mangham Police Department"
"4968",1995,"LA0410000","Red River",NA,"LA","West South Central","South","RED RIVER","County","Non-MSA counties under 10,000",9380,32,2,34,6,1,7,38,3,41,4.37,"RED RIVER PARISH SHERIFF'S OFFICE                 ","Red River Parish Sheriff's Office"
"4969",1995,"LA0370900","Tensas Basin Levee District",NA,"LA","West South Central","South","OUACHITA","Other State Agency","Cities under 2,500",0,2,0,2,0,1,1,2,1,3,NA,"TENSAS BASIN LEVEE DISTRICT POLICE                ","Tensas Basin Levee District Police"
"4970",1995,"LA0150100","Ferriday",NA,"LA","West South Central","South","CONCORDIA","City","Cities from 2,500 thru 9,999",4243,12,0,12,6,1,7,18,1,19,4.48,"FERRIDAY POLICE DEPARTMENT                        ","Ferriday Police Department"
"4971",1995,"LA0100800","McNeese State University",NA,"LA","West South Central","South","CALCASIEU","University or College","Cities under 2,500",0,10,0,10,1,2,3,11,2,13,NA,"MCNEESE STATE UNIVERSITY POLICE                   ","Mcneese State University Police"
"4972",1995,"LA0310700","Louisiana Tech University",NA,"LA","West South Central","South","LINCOLN","University or College","Cities under 2,500",0,14,0,14,3,2,5,17,2,19,NA,"LOUISIANA TECH UNIVERSITY POLICE                  ","Louisiana Tech University Police"
"4973",1995,"LA0090100","Shreveport",NA,"LA","West South Central","South","BOSSIER, CADDO","City","Cities from 100,000 thru 249,999",199007,417,29,446,55,125,180,472,154,626,3.15,"SHREVEPORT POLICE DEPARTMENT                      ","Shreveport Police Department"
"4974",1995,"LA0080000","Bossier",NA,"LA","West South Central","South","BOSSIER","County","MSA counties from 25,000 thru 99,999",34374,106,5,111,7,24,31,113,29,142,4.13,"BOSSIER PARISH SHERIFF'S OFFICE                   ","Bossier Parish Sheriff's Office"
"4975",1995,"LA0090400","Blanchard",NA,"LA","West South Central","South","CADDO","City","Cities under 2,500",1489,3,0,3,0,0,0,3,0,3,2.01,"BLANCHARD POLICE DEPARTMENT                       ","Blanchard Police Department"
"4976",1995,"LA0140000","Claiborne",NA,"LA","West South Central","South","CLAIBORNE","County","Non-MSA counties from 10,000 thru 24,999",10563,18,4,22,0,5,5,18,9,27,2.56,"CLAIBORNE PARISH SHERIFF'S OFFICE                 ","Claiborne Parish Sheriff's Office"
"4977",1995,"LA0520100","Covington",NA,"LA","West South Central","South","ST TAMMANY","City","Cities from 2,500 thru 9,999",8369,28,0,28,0,7,7,28,7,35,4.18,"COVINGTON POLICE DEPARTMENT                       ","Covington Police Department"
"4978",1995,"LA0250100","Jonesboro",NA,"LA","West South Central","South","JACKSON","City","Cities from 2,500 thru 9,999",4411,11,1,12,3,0,3,14,1,15,3.4,"JONESBORO POLICE DEPARTMENT                       ","Jonesboro Police Department"
"4979",1995,"LA0190000","East Feliciana",NA,"LA","West South Central","South","EAST FELICIANA","County","Non-MSA counties from 10,000 thru 24,999",14102,27,0,27,4,10,14,31,10,41,2.91,"EAST FELICIANA PARISH SHERIFF'S OFFICE            ","East Feliciana Parish Sheriff's Office"
"4980",1995,"LA0340100","Bastrop",NA,"LA","West South Central","South","MOREHOUSE","City","Cities from 10,000 thru 24,999",14794,30,1,31,11,9,20,41,10,51,3.45,"BASTROP POLICE DEPARTMENT                         ","Bastrop Police Department"
"4981",1995,"LA0170600","Southern University and A&M College:","Baton Rouge","LA","West South Central","South","EAST BATON ROUGE","University or College","Cities under 2,500",0,23,12,35,3,5,8,26,17,43,NA,"SOUTHERN UNIVERSITY AND A & M COLLEGE POLICE      ","Southern University And A & M College Police"
"4982",1995,"LA0290300","Lockport",NA,"LA","West South Central","South","LAFOURCHE","City","Cities from 2,500 thru 9,999",2797,4,0,4,0,0,0,4,0,4,1.43,"LOCKPORT POLICE DEPARTMENT                        ","Lockport Police Department"
"4983",1995,"LA0240200","Plaquemine",NA,"LA","West South Central","South","IBERVILLE","City","Cities from 2,500 thru 9,999",7615,24,0,24,5,3,8,29,3,32,4.2,"PLAQUEMINE POLICE DEPARTMENT                      ","Plaquemine Police Department"
"4984",1995,"LA0500300","Parks",NA,"LA","West South Central","South","ST MARTIN","City","Cities under 2,500",493,2,0,2,1,0,1,3,0,3,6.09,"PARKS POLICE DEPARTMENT                           ","Parks Police Department"
"4985",1995,"LA0570000","Vermilion",NA,"LA","West South Central","South","VERMILION","County","Non-MSA counties from 25,000 thru 99,999",28767,78,1,79,20,0,20,98,1,99,3.44,"VERMILION PARISH SHERIFF'S OFFICE                 ","Vermilion Parish Sheriff's Office"
"4986",1995,"LA0620100","Oak Grove",NA,"LA","West South Central","South","WEST CARROLL","City","Cities under 2,500",2319,5,0,5,1,0,1,6,0,6,2.59,"OAK GROVE POLICE DEPARTMENT                       ","Oak Grove Police Department"
"4987",1995,"LA0050300","Simmesport",NA,"LA","West South Central","South","AVOYELLES","City","Cities under 2,500",2045,4,1,5,0,0,0,4,1,5,2.44,"SIMMESPORT POLICE DEPT.                           ","Simmesport Police Police Department"
"4988",1995,"LA0430100","Many",NA,"LA","West South Central","South","SABINE","City","Cities from 2,500 thru 9,999",3325,10,0,10,1,0,1,11,0,11,3.31,"MANY POLICE DEPARTMENT                            ","Many Police Department"
"4989",1995,"LA0400000","Rapides",NA,"LA","West South Central","South","RAPIDES","County","MSA counties from 25,000 thru 99,999",60343,183,36,219,14,41,55,197,77,274,4.54,"RAPIDES PARISH SHERIFF'S OFFICE                   ","Rapides Parish Sheriff's Office"
"4990",1995,"LA0400700","Woodworth",NA,"LA","West South Central","South","RAPIDES","City","Cities under 2,500",883,3,0,3,0,1,1,3,1,4,4.53,"WOODWORTH POLICE DEPARTMENT                       ","Woodworth Police Department"
"4991",1995,"LA0180100","Lake Providence",NA,"LA","West South Central","South","EAST CARROLL","City","Cities from 2,500 thru 9,999",5456,8,2,10,5,0,5,13,2,15,2.75,"LAKE PROVIDENCE POLICE DEPARTMENT                 ","Lake Providence Police Department"
"4992",1995,"LA0050200","Marksville",NA,"LA","West South Central","South","AVOYELLES","City","Cities from 2,500 thru 9,999",5695,8,0,8,3,0,3,11,0,11,1.93,"MARKSVILLE POLICE DEPARTMENT                      ","Marksville Police Department"
"4993",1995,"LA0220000","Grant",NA,"LA","West South Central","South","GRANT","County","Non-MSA counties from 10,000 thru 24,999",17886,35,0,35,6,0,6,41,0,41,2.29,"GRANT PARISH SHERIFF'S OFFICE                     ","Grant Parish Sheriff's Office"
"4994",1995,"LA0230400","Loreauville",NA,"LA","West South Central","South","IBERIA","City","Cities under 2,500",862,1,0,1,0,0,0,1,0,1,1.16,"LOREAUVILLE PD                                    ","Loreauville Police Department"
"4995",1995,"LA0070200","Gibsland",NA,"LA","West South Central","South","BIENVILLE","City","Cities under 2,500",1252,1,1,2,0,0,0,1,1,2,1.6,"GIBSLAND POLICE DEPT                              ","Gibsland Police Police Department"
"4996",1995,"LA0310100","Dubach",NA,"LA","West South Central","South","LINCOLN","City","Cities under 2,500",957,3,0,3,0,0,0,3,0,3,3.13,"DUBACH POLICE DEPT                                ","Dubach Police Police Department"
"4997",1995,"LA0080100","Bossier City",NA,"LA","West South Central","South","BOSSIER","City","Cities from 50,000 thru 99,999",54759,121,15,136,6,34,40,127,49,176,3.21,"BOSSIER CITY POLICE DEPT                          ","Bossier City Police Police Department"
"4998",1995,"LA0260100","Gretna",NA,"LA","West South Central","South","JEFFERSON","City","Cities from 10,000 thru 24,999",17479,55,2,57,14,8,22,69,10,79,4.52,"GRETNA POLICE DEPARTMENT                          ","Gretna Police Department"
"4999",1995,"LA0210100","Winnsboro",NA,"LA","West South Central","South","FRANKLIN","City","Cities from 2,500 thru 9,999",6197,9,0,9,0,1,1,9,1,10,1.61,"WINNSBORO POLICE DEPARTMENT                       ","Winnsboro Police Department"
"5000",1995,"LA0480000","St. John the Baptist",NA,"LA","West South Central","South","ST JOHN THE BAPTIST","County","MSA counties from 25,000 thru 99,999",42003,108,2,110,30,0,30,138,2,140,3.33,"ST. JOHN THE BAPTIST PARISH SHERIFF'S OFFICE      ","St. John The Baptist Parish Sheriff's Office"
"5001",1995,"LA0560200","Bernice",NA,"LA","West South Central","South","UNION","City","Cities under 2,500",1558,5,0,5,0,0,0,5,0,5,3.21,"BERNICE POLICE DEPARTMENT                         ","Bernice Police Department"
"5002",1995,"LA0260400","Westwego",NA,"LA","West South Central","South","JEFFERSON","City","Cities from 10,000 thru 24,999",10996,15,0,15,4,1,5,19,1,20,1.82,"WESTWEGO POLICE DEPARTMENT                        ","Westwego Police Department"
"5003",1995,"LA0080600","Louisiana State University:","Shreveport","LA","West South Central","South","BOSSIER","University or College","Cities under 2,500",0,7,0,7,0,0,0,7,0,7,NA,"LOUISIANA STATE UNIVERSITY - SHREVEPORT POLICE    ","Louisiana State University - Shreveport Police"
"5004",1995,"LA0170000","East Baton Rouge",NA,"LA","West South Central","South","EAST BATON ROUGE","County","MSA counties 100,000 or over",147196,587,0,587,75,0,75,662,0,662,4.5,"EAST BATON ROUGE PARISH SHERIFF'S OFFICE          ","East Baton Rouge Parish Sheriff's Office"
"5005",1995,"LA0230000","Iberia",NA,"LA","West South Central","South","IBERIA","County","Non-MSA counties from 25,000 thru 99,999",29701,78,0,78,40,0,40,118,0,118,3.97,"IBERIA PARISH SHERIFF'S OFFICE                    ","Iberia Parish Sheriff's Office"
"5006",1995,"LA0180000","East Carroll",NA,"LA","West South Central","South","EAST CARROLL","County","Non-MSA counties under 10,000",4069,18,0,18,5,0,5,23,0,23,5.65,"EAST CARROLL PARISH SHERIFF'S OFFICE              ","East Carroll Parish Sheriff's Office"
"5007",1995,"LA0440000","St. Bernard",NA,"LA","West South Central","South","ST BERNARD","County","MSA counties from 25,000 thru 99,999",67403,138,148,286,5,37,42,143,185,328,4.87,"ST. BERNARD PARISH SHERIFF'S OFFICE               ","St. Bernard Parish Sheriff's Office"
"5008",1995,"LA0420000","Richland",NA,"LA","West South Central","South","RICHLAND","County","Non-MSA counties from 10,000 thru 24,999",12449,31,0,31,7,0,7,38,0,38,3.05,"RICHLAND PARISH SHERIFF'S OFFICE                  ","Richland Parish Sheriff's Office"
"5009",1995,"LA0260200","Harahan",NA,"LA","West South Central","South","JEFFERSON","City","Cities from 2,500 thru 9,999",9690,17,0,17,7,0,7,24,0,24,2.48,"HARAHAN POLICE DEPARTMENT                         ","Harahan Police Department"
"5010",1995,"LA0470100","Lutcher",NA,"LA","West South Central","South","ST JAMES","City","Cities from 2,500 thru 9,999",4020,3,0,3,0,0,0,3,0,3,0.75,"LUTCHER POLICE DEPARTMENT                         ","Lutcher Police Department"
"5011",1995,"LA0140100","Haynesville",NA,"LA","West South Central","South","CLAIBORNE","City","Cities from 2,500 thru 9,999",2729,6,0,6,0,0,0,6,0,6,2.2,"HAYNESVILLE POLICE DEPT                           ","Haynesville Police Police Department"
"5012",1995,"LA0361700","Louisiana State University:","Health Sciences Center, New Orleans","LA","West South Central","South","ORLEANS","University or College","Cities under 2,500",0,54,2,56,6,0,6,60,2,62,NA,"LSU HEALTH SCIENCES CENTER POLICE DEPARTMENT      ","Lsu Health Sciences Center Police Department"
"5013",1995,"LA0290600","Nicholls State University",NA,"LA","West South Central","South","LAFOURCHE","University or College","Cities under 2,500",0,10,0,10,2,2,4,12,2,14,NA,"NICHOLLS STATE UNIVERSITY POLICE                  ","Nicholls State University Police"
"5014",1995,"LA0170200","Baton Rouge",NA,"LA","West South Central","South","EAST BATON ROUGE","City","Cities from 100,000 thru 249,999",229027,555,16,571,117,100,217,672,116,788,3.44,"BATON ROUGE POLICE DEPARTMENT                     ","Baton Rouge Police Department"
"5015",1995,"LA0100100","De Quincy",NA,"LA","West South Central","South","CALCASIEU","City","Cities from 2,500 thru 9,999",3685,10,0,10,2,0,2,12,0,12,3.26,"DEQUINCY POLICE DEPARTMENT                        ","Dequincy Police Department"
"5016",1995,"LA0520000","St. Tammany",NA,"LA","West South Central","South","ST TAMMANY","County","MSA counties 100,000 or over",118960,150,96,246,9,84,93,159,180,339,2.85,"ST. TAMMANY PARISH SHERIFF'S OFFICE               ","St. Tammany Parish Sheriff's Office"
"5017",1995,"LA0030000","Ascension",NA,"LA","West South Central","South","ASCENSION","County","MSA counties from 25,000 thru 99,999",55093,125,1,126,33,0,33,158,1,159,2.89,"ASCENSION PARISH SHERIFF'S OFFICE                 ","Ascension Parish Sheriff's Office"
"5018",1995,"LA0540000","Tensas",NA,"LA","West South Central","South","TENSAS","County","Non-MSA counties under 10,000",2878,6,33,39,2,6,8,8,39,47,16.33,"TENSAS PARISH SHERIFF'S OFFICE                    ","Tensas Parish Sheriff's Office"
"5019",1995,"LA0570300","Delcambre",NA,"LA","West South Central","South","VERMILION","City","Cities under 2,500",2015,6,3,9,0,0,0,6,3,9,4.47,"DELCAMBRE POLICE DEPARTMENT                       ","Delcambre Police Department"
"5020",1995,"LA0620000","West Carroll",NA,"LA","West South Central","South","WEST CARROLL","County","Non-MSA counties under 10,000",9754,16,0,16,4,0,4,20,0,20,2.05,"WEST CARROLL PARISH SHERIFF'S OFFICE              ","West Carroll Parish Sheriff's Office"
"5021",1995,"LA0570400","Erath",NA,"LA","West South Central","South","VERMILION","City","Cities under 2,500",2427,8,0,8,2,0,2,10,0,10,4.12,"ERATH POLICE DEPARTMENT                           ","Erath Police Department"
"5022",1995,"LA0280600","Scott",NA,"LA","West South Central","South","LAFAYETTE","City","Cities from 2,500 thru 9,999",5676,12,0,12,0,1,1,12,1,13,2.29,"SCOTT POLICE DEPARTMENT                           ","Scott Police Department"
"5023",1995,"LA0310000","Lincoln",NA,"LA","West South Central","South","LINCOLN","County","Non-MSA counties from 10,000 thru 24,999",15983,34,0,34,9,2,11,43,2,45,2.82,"LINCOLN PARISH SHERIFF'S OFFICE                   ","Lincoln Parish Sheriff's Office"
"5024",1995,"LA0350100","Natchitoches",NA,"LA","West South Central","South","NATCHITOCHES","City","Cities from 10,000 thru 24,999",16867,37,2,39,2,12,14,39,14,53,3.14,"NATCHITOCHES POLICE DEPARTMENT                    ","Natchitoches Police Department"
"5025",1995,"LA0530100","Hammond",NA,"LA","West South Central","South","TANGIPAHOA","City","Cities from 10,000 thru 24,999",17764,65,0,65,13,0,13,78,0,78,4.39,"HAMMOND POLICE DEPARTMENT                         ","Hammond Police Department"
"5026",1995,"LA0330100","Tallulah",NA,"LA","West South Central","South","MADISON","City","Cities from 2,500 thru 9,999",8687,13,0,13,5,0,5,18,0,18,2.07,"TALLULAH POLICE DEPT.                             ","Tallulah Police Police Department"
"5027",1995,"LA0570100","Abbeville",NA,"LA","West South Central","South","VERMILION","City","Cities from 10,000 thru 24,999",11867,27,0,27,5,0,5,32,0,32,2.7,"ABBEVILLE POLICE DEPARTMENT                       ","Abbeville Police Department"
"5028",1995,"LA0640100","Winnfield",NA,"LA","West South Central","South","WINN","City","Cities from 2,500 thru 9,999",6165,13,4,17,4,0,4,17,4,21,3.41,"WINNFIELD POLICE DEPT                             ","Winnfield Police Police Department"
"5029",1995,"LA0300200","Olla",NA,"LA","West South Central","South","LA SALLE","City","Cities under 2,500",1484,4,0,4,0,0,0,4,0,4,2.7,"OLLA POLICE DEPARTMENT                            ","Olla Police Department"
"5030",1995,"LA0300000","La Salle",NA,"LA","West South Central","South","LA SALLE","County","Non-MSA counties under 10,000",9758,19,10,29,0,7,7,19,17,36,3.69,"LA SALLE PARISH SHERIFF'S OFFICE                  ","La Salle Parish Sheriff's Office"
"5031",1995,"LA0510300","Morgan City",NA,"LA","West South Central","South","ST MARY","City","Cities from 10,000 thru 24,999",14019,31,3,34,10,7,17,41,10,51,3.64,"MORGAN CITY POLICE DEPARTMENT                     ","Morgan City Police Department"
"5032",1995,"LA0590200","Franklinton",NA,"LA","West South Central","South","WASHINGTON","City","Cities from 2,500 thru 9,999",4386,9,0,9,1,0,1,10,0,10,2.28,"FRANKLINTON POLICE DEPARTMENT                     ","Franklinton Police Department"
"5033",1995,"LA0580100","Leesville",NA,"LA","West South Central","South","VERNON","City","Cities from 2,500 thru 9,999",8650,20,0,20,8,0,8,28,0,28,3.24,"LEESVILLE POLICE DEPARTMENT                       ","Leesville Police Department"
"5034",1994,"LA0240200","Plaquemine",NA,"LA","West South Central","South","IBERVILLE","City","Cities from 2,500 thru 9,999",7501,22,0,22,4,3,7,26,3,29,3.87,"PLAQUEMINE POLICE DEPARTMENT                      ","Plaquemine Police Department"
"5035",1994,"LA0190000","East Feliciana",NA,"LA","West South Central","South","EAST FELICIANA","County","Non-MSA counties from 10,000 thru 24,999",13743,14,11,25,0,10,10,14,21,35,2.55,"EAST FELICIANA PARISH SHERIFF'S OFFICE            ","East Feliciana Parish Sheriff's Office"
"5036",1994,"LA0170600","Southern University and A&M College:","Baton Rouge","LA","West South Central","South","EAST BATON ROUGE","University or College","Cities under 2,500",0,27,0,27,7,1,8,34,1,35,NA,"SOUTHERN UNIVERSITY AND A & M COLLEGE POLICE      ","Southern University And A & M College Police"
"5037",1994,"LA0250100","Jonesboro",NA,"LA","West South Central","South","JACKSON","City","Cities from 2,500 thru 9,999",4193,11,1,12,0,3,3,11,4,15,3.58,"JONESBORO POLICE DEPARTMENT                       ","Jonesboro Police Department"
"5038",1994,"LA0290300","Lockport",NA,"LA","West South Central","South","LAFOURCHE","City","Cities from 2,500 thru 9,999",2628,4,0,4,0,0,0,4,0,4,1.52,"LOCKPORT POLICE DEPARTMENT                        ","Lockport Police Department"
"5039",1994,"LA0340100","Bastrop",NA,"LA","West South Central","South","MOREHOUSE","City","Cities from 10,000 thru 24,999",14150,29,0,29,13,6,19,42,6,48,3.39,"BASTROP POLICE DEPARTMENT                         ","Bastrop Police Department"
"5040",1994,"LA0210000","Franklin",NA,"LA","West South Central","South","FRANKLIN","County","Non-MSA counties from 10,000 thru 24,999",16404,64,0,64,17,0,17,81,0,81,4.94,"FRANKLIN PARISH SHERIFF'S OFFICE                  ","Franklin Parish Sheriff's Office"
"5041",1994,"LA0210400","Baskin",NA,"LA","West South Central","South","FRANKLIN","City","Cities under 2,500",249,1,0,1,0,0,0,1,0,1,4.02,"BASKIN POLICE DEPARTMENT                          ","Baskin Police Department"
"5042",1994,"LA0490000","St. Landry",NA,"LA","West South Central","South","ST LANDRY","County","MSA counties from 25,000 thru 99,999",48016,76,2,78,34,2,36,110,4,114,2.37,"ST. LANDRY PARISH SHERIFF'S OFFICE                ","St. Landry Parish Sheriff's Office"
"5043",1994,"LA0290100","Golden Meadow",NA,"LA","West South Central","South","LAFOURCHE","City","Cities under 2,500",2037,5,0,5,0,0,0,5,0,5,2.45,"GOLDEN MEADOW POLICE DEPARTMENT                   ","Golden Meadow Police Department"
"5044",1994,"LA0100000","Calcasieu",NA,"LA","West South Central","South","CALCASIEU","County","MSA counties from 25,000 thru 99,999",65280,349,2,351,100,0,100,449,2,451,6.91,"CALCASIEU PARISH SHERIFF'S OFFICE                 ","Calcasieu Parish Sheriff's Office"
"5045",1994,"LA0480000","St. John the Baptist",NA,"LA","West South Central","South","ST JOHN THE BAPTIST","County","MSA counties from 25,000 thru 99,999",41525,114,1,115,30,0,30,144,1,145,3.49,"ST. JOHN THE BAPTIST PARISH SHERIFF'S OFFICE      ","St. John The Baptist Parish Sheriff's Office"
"5046",1994,"LA0520100","Covington",NA,"LA","West South Central","South","ST TAMMANY","City","Cities from 2,500 thru 9,999",8809,26,0,26,0,7,7,26,7,33,3.75,"COVINGTON POLICE DEPARTMENT                       ","Covington Police Department"
"5047",1994,"LA0210100","Winnsboro",NA,"LA","West South Central","South","FRANKLIN","City","Cities from 2,500 thru 9,999",5699,8,0,8,1,0,1,9,0,9,1.58,"WINNSBORO POLICE DEPARTMENT                       ","Winnsboro Police Department"
"5048",1994,"LA0570000","Vermilion",NA,"LA","West South Central","South","VERMILION","County","Non-MSA counties from 25,000 thru 99,999",28832,77,1,78,19,0,19,96,1,97,3.36,"VERMILION PARISH SHERIFF'S OFFICE                 ","Vermilion Parish Sheriff's Office"
"5049",1994,"LA0080100","Bossier City",NA,"LA","West South Central","South","BOSSIER","City","Cities from 50,000 thru 99,999",53318,126,12,138,20,16,36,146,28,174,3.26,"BOSSIER CITY POLICE DEPT                          ","Bossier City Police Police Department"
"5050",1994,"LA0220000","Grant",NA,"LA","West South Central","South","GRANT","County","Non-MSA counties from 10,000 thru 24,999",17743,33,0,33,5,1,6,38,1,39,2.2,"GRANT PARISH SHERIFF'S OFFICE                     ","Grant Parish Sheriff's Office"
"5051",1994,"LA0620100","Oak Grove",NA,"LA","West South Central","South","WEST CARROLL","City","Cities under 2,500",2098,5,0,5,1,0,1,6,0,6,2.86,"OAK GROVE POLICE DEPARTMENT                       ","Oak Grove Police Department"
"5052",1994,"LA0230400","Loreauville",NA,"LA","West South Central","South","IBERIA","City","Cities under 2,500",840,1,0,1,0,0,0,1,0,1,1.19,"LOREAUVILLE PD                                    ","Loreauville Police Department"
"5053",1994,"LA0050200","Marksville",NA,"LA","West South Central","South","AVOYELLES","City","Cities from 2,500 thru 9,999",5590,10,0,10,3,0,3,13,0,13,2.33,"MARKSVILLE POLICE DEPARTMENT                      ","Marksville Police Department"
"5054",1994,"LA0100200","Lake Charles",NA,"LA","West South Central","South","CALCASIEU","City","Cities from 50,000 thru 99,999",71733,123,1,124,23,0,23,146,1,147,2.05,"LAKE CHARLES POLICE DEPARTMENT                    ","Lake Charles Police Department"
"5055",1994,"LA0270000","Jefferson Davis",NA,"LA","West South Central","South","JEFFERSON DAVIS","County","Non-MSA counties from 10,000 thru 24,999",16567,53,0,53,19,0,19,72,0,72,4.35,"JEFFERSON DAVIS PARISH SHERIFF'S OFFICE           ","Jefferson Davis Parish Sheriff's Office"
"5056",1994,"LA0310300","Grambling",NA,"LA","West South Central","South","LINCOLN","City","Cities from 2,500 thru 9,999",5483,11,0,11,1,1,2,12,1,13,2.37,"GRAMBLING POLICE DEPARTMENT                       ","Grambling Police Department"
"5057",1994,"LA0330000","Madison",NA,"LA","West South Central","South","MADISON","County","Non-MSA counties under 10,000",3772,9,35,44,0,5,5,9,40,49,12.99,"MADISON PARISH SHERIFF'S OFFICE                   ","Madison Parish Sheriff's Office"
"5058",1994,"LA0030200","Gonzales",NA,"LA","West South Central","South","ASCENSION","City","Cities from 2,500 thru 9,999",7433,23,0,23,7,0,7,30,0,30,4.04,"GONZALES POLICE DEPARTMENT                        ","Gonzales Police Department"
"5059",1994,"LANPD0000","New Orleans",NA,"LA","West South Central","South","ORLEANS","City","Cities from 250,000 thru 499,999",493990,1312,115,1427,153,287,440,1465,402,1867,3.78,"NEW ORLEANS POLICE DEPARTMENT                     ","New Orleans Police Department"
"5060",1994,"LA0260100","Gretna",NA,"LA","West South Central","South","JEFFERSON","City","Cities from 10,000 thru 24,999",17647,54,1,55,15,5,20,69,6,75,4.25,"GRETNA POLICE DEPARTMENT                          ","Gretna Police Department"
"5061",1994,"LA0490500","Washington",NA,"LA","West South Central","South","ST LANDRY","City","Cities under 2,500",1281,4,0,4,0,0,0,4,0,4,3.12,"WASHINGTON POLICE DEPARTMENT                      ","Washington Police Department"
"5062",1994,"LA0310100","Dubach",NA,"LA","West South Central","South","LINCOLN","City","Cities under 2,500",912,2,0,2,0,0,0,2,0,2,2.19,"DUBACH POLICE DEPT                                ","Dubach Police Police Department"
"5063",1994,"LA0630000","West Feliciana",NA,"LA","West South Central","South","WEST FELICIANA","County","Non-MSA counties from 10,000 thru 24,999",11417,22,0,22,5,0,5,27,0,27,2.36,"WEST FELICIANA PARISH SHERIFF'S OFFICE            ","West Feliciana Parish Sheriff's Office"
"5064",1994,"LA0530000","Tangipahoa",NA,"LA","West South Central","South","TANGIPAHOA","County","Non-MSA counties from 25,000 thru 99,999",59505,73,12,85,15,54,69,88,66,154,2.59,"TANGIPAHOA PARISH SHERIFF'S OFFICE                ","Tangipahoa Parish Sheriff's Office"
"5065",1994,"LA0050000","Avoyelles",NA,"LA","West South Central","South","AVOYELLES","County","Non-MSA counties from 25,000 thru 99,999",26534,140,0,140,78,0,78,218,0,218,8.22,"AVOYELLES PARISH SHERIFF'S OFFICE                 ","Avoyelles Parish Sheriff's Office"
"5066",1994,"LA0351000","Northwestern State University",NA,"LA","West South Central","South","NATCHITOCHES","University or College","Cities under 2,500",0,13,2,15,1,2,3,14,4,18,NA,"NORTHWESTERN STATE UNIVERSITY OF LOUISIANA POLICE ","Northwestern State University Of Louisiana Police"
"5067",1994,"LA0500100","Breaux Bridge",NA,"LA","West South Central","South","ST MARTIN","City","Cities from 2,500 thru 9,999",7747,13,0,13,5,0,5,18,0,18,2.32,"BREAUX BRIDGE POLICE DEPARTMENT                   ","Breaux Bridge Police Department"
"5068",1994,"LA0010100","Crowley",NA,"LA","West South Central","South","ACADIA","City","Cities from 10,000 thru 24,999",14109,27,0,27,3,2,5,30,2,32,2.27,"CROWLEY POLICE DEPARTMENT                         ","Crowley Police Department"
"5069",1994,"LA0170400","Louisiana State University:","Baton Rouge","LA","West South Central","South","EAST BATON ROUGE","University or College","Cities under 2,500",0,48,0,48,8,2,10,56,2,58,NA,"LOUISIANA STATE UNIVERSITY POLICE DEPARTMENT      ","Louisiana State University Police Department"
"5070",1994,"LA0580100","Leesville",NA,"LA","West South Central","South","VERNON","City","Cities from 2,500 thru 9,999",7940,18,0,18,8,0,8,26,0,26,3.27,"LEESVILLE POLICE DEPARTMENT                       ","Leesville Police Department"
"5071",1994,"LA0590200","Franklinton",NA,"LA","West South Central","South","WASHINGTON","City","Cities from 2,500 thru 9,999",4116,11,0,11,1,0,1,12,0,12,2.92,"FRANKLINTON POLICE DEPARTMENT                     ","Franklinton Police Department"
"5072",1994,"LA0320100","Denham Springs",NA,"LA","West South Central","South","LIVINGSTON","City","Cities from 2,500 thru 9,999",8872,18,3,21,0,10,10,18,13,31,3.49,"DENHAM SPRINGS POLICE DEPARTMENT                  ","Denham Springs Police Department"
"5073",1994,"LA0240100","Maringouin",NA,"LA","West South Central","South","IBERVILLE","City","Cities under 2,500",1183,3,0,3,1,0,1,4,0,4,3.38,"MARINGOUIN POLICE DEPARTMENT                      ","Maringouin Police Department"
"5074",1994,"LA0150000","Concordia",NA,"LA","West South Central","South","CONCORDIA","County","Non-MSA counties from 10,000 thru 24,999",11747,24,0,24,10,0,10,34,0,34,2.89,"CONCORDIA PARISH SHERIFF'S OFFICE                 ","Concordia Parish Sheriff's Office"
"5075",1994,"LA0070100","Arcadia",NA,"LA","West South Central","South","BIENVILLE","City","Cities from 2,500 thru 9,999",3063,6,0,6,0,0,0,6,0,6,1.96,"ARCADIA POLICE DEPARTMENT                         ","Arcadia Police Department"
"5076",1994,"LA0060000","Beauregard",NA,"LA","West South Central","South","BEAUREGARD","County","Non-MSA counties from 10,000 thru 24,999",20915,39,6,45,2,13,15,41,19,60,2.87,"BEAUREGARD PARISH SHERIFF'S OFFICE                ","Beauregard Parish Sheriff's Office"
"5077",1994,"LA0401000","Ball",NA,"LA","West South Central","South","RAPIDES","City","Cities from 2,500 thru 9,999",3372,5,0,5,0,1,1,5,1,6,1.78,"BALL POLICE DEPARTMENT                            ","Ball Police Department"
"5078",1994,"LA0150200","Vidalia",NA,"LA","West South Central","South","CONCORDIA","City","Cities from 2,500 thru 9,999",5104,11,0,11,5,0,5,16,0,16,3.13,"VIDALIA POLICE DEPARTMENT                         ","Vidalia Police Department"
"5079",1994,"LA0200000","Evangeline",NA,"LA","West South Central","South","EVANGELINE","County","Non-MSA counties from 10,000 thru 24,999",21206,35,0,35,11,0,11,46,0,46,2.17,"EVANGELINE PARISH SHERIFF'S OFFICE                ","Evangeline Parish Sheriff's Office"
"5080",1994,"LA0040000","Assumption",NA,"LA","West South Central","South","ASSUMPTION","County","Non-MSA counties from 10,000 thru 24,999",22792,24,13,37,0,9,9,24,22,46,2.02,"ASSUMPTION PARISH SHERIFF'S OFFICE                ","Assumption Parish Sheriff's Office"
"5081",1994,"LA0270400","Welsh",NA,"LA","West South Central","South","JEFFERSON DAVIS","City","Cities from 2,500 thru 9,999",3256,8,0,8,2,0,2,10,0,10,3.07,"WELSH POLICE DEPARTMENT                           ","Welsh Police Department"
"5082",1994,"LA0260300","Kenner",NA,"LA","West South Central","South","JEFFERSON","City","Cities from 50,000 thru 99,999",74356,108,13,121,10,28,38,118,41,159,2.14,"KENNER POLICE DEPARTMENT                          ","Kenner Police Department"
"5083",1994,"LA0400000","Rapides",NA,"LA","West South Central","South","RAPIDES","County","MSA counties from 25,000 thru 99,999",64801,221,0,221,55,0,55,276,0,276,4.26,"RAPIDES PARISH SHERIFF'S OFFICE                   ","Rapides Parish Sheriff's Office"
"5084",1994,"LA0430100","Many",NA,"LA","West South Central","South","SABINE","City","Cities from 2,500 thru 9,999",3260,10,0,10,1,0,1,11,0,11,3.37,"MANY POLICE DEPARTMENT                            ","Many Police Department"
"5085",1994,"LA0050300","Simmesport",NA,"LA","West South Central","South","AVOYELLES","City","Cities under 2,500",2153,4,1,5,0,0,0,4,1,5,2.32,"SIMMESPORT POLICE DEPT.                           ","Simmesport Police Police Department"
"5086",1994,"LA0180100","Lake Providence",NA,"LA","West South Central","South","EAST CARROLL","City","Cities from 2,500 thru 9,999",5577,11,0,11,6,0,6,17,0,17,3.05,"LAKE PROVIDENCE POLICE DEPARTMENT                 ","Lake Providence Police Department"
"5087",1994,"LA0400700","Woodworth",NA,"LA","West South Central","South","RAPIDES","City","Cities under 2,500",840,3,0,3,0,1,1,3,1,4,4.76,"WOODWORTH POLICE DEPARTMENT                       ","Woodworth Police Department"
"5088",1994,"LA0170000","East Baton Rouge",NA,"LA","West South Central","South","EAST BATON ROUGE","County","MSA counties 100,000 or over",144981,616,0,616,81,0,81,697,0,697,4.81,"EAST BATON ROUGE PARISH SHERIFF'S OFFICE          ","East Baton Rouge Parish Sheriff's Office"
"5089",1994,"LA0230000","Iberia",NA,"LA","West South Central","South","IBERIA","County","Non-MSA counties from 25,000 thru 99,999",30145,24,57,81,5,40,45,29,97,126,4.18,"IBERIA PARISH SHERIFF'S OFFICE                    ","Iberia Parish Sheriff's Office"
"5090",1994,"LA0570400","Erath",NA,"LA","West South Central","South","VERMILION","City","Cities under 2,500",2402,7,0,7,1,0,1,8,0,8,3.33,"ERATH POLICE DEPARTMENT                           ","Erath Police Department"
"5091",1994,"LA0180000","East Carroll",NA,"LA","West South Central","South","EAST CARROLL","County","Non-MSA counties under 10,000",4075,13,0,13,6,0,6,19,0,19,4.66,"EAST CARROLL PARISH SHERIFF'S OFFICE              ","East Carroll Parish Sheriff's Office"
"5092",1994,"LA0460000","St. Helena",NA,"LA","West South Central","South","ST HELENA","County","Non-MSA counties from 10,000 thru 24,999",10018,16,11,27,2,2,4,18,13,31,3.09,"ST. HELENA PARISH SHERIFF'S OFFICE                ","St. Helena Parish Sheriff's Office"
"5093",1994,"LA0550000","Terrebonne",NA,"LA","West South Central","South","TERREBONNE","County","MSA counties from 25,000 thru 99,999",69128,185,0,185,62,0,62,247,0,247,3.57,"TERREBONNE PARISH SHERIFF'S OFFICE                ","Terrebonne Parish Sheriff's Office"
"5094",1994,"LA0530300","Ponchatoula",NA,"LA","West South Central","South","TANGIPAHOA","City","Cities from 2,500 thru 9,999",5634,11,0,11,2,1,3,13,1,14,2.48,"PONCHATOULA POLICE DEPARTMENT                     ","Ponchatoula Police Department"
"5095",1994,"LA0010400","Iota",NA,"LA","West South Central","South","ACADIA","City","Cities under 2,500",1241,3,0,3,0,0,0,3,0,3,2.42,"IOTA POLICE DEPARTMENT                            ","Iota Police Department"
"5096",1994,"LA0260400","Westwego",NA,"LA","West South Central","South","JEFFERSON","City","Cities from 10,000 thru 24,999",11827,10,0,10,3,1,4,13,1,14,1.18,"WESTWEGO POLICE DEPARTMENT                        ","Westwego Police Department"
"5097",1994,"LA0010200","Rayne",NA,"LA","West South Central","South","ACADIA","City","Cities from 2,500 thru 9,999",8789,17,0,17,4,0,4,21,0,21,2.39,"RAYNE POLICE DEPARTMENT                           ","Rayne Police Department"
"5098",1994,"LA0440000","St. Bernard",NA,"LA","West South Central","South","ST BERNARD","County","MSA counties from 25,000 thru 99,999",67565,190,4,194,45,16,61,235,20,255,3.77,"ST. BERNARD PARISH SHERIFF'S OFFICE               ","St. Bernard Parish Sheriff's Office"
"5099",1994,"LA0540000","Tensas",NA,"LA","West South Central","South","TENSAS","County","Non-MSA counties under 10,000",4249,15,0,15,5,0,5,20,0,20,4.71,"TENSAS PARISH SHERIFF'S OFFICE                    ","Tensas Parish Sheriff's Office"
"5100",1994,"LA0620000","West Carroll",NA,"LA","West South Central","South","WEST CARROLL","County","Non-MSA counties under 10,000",9986,21,0,21,4,0,4,25,0,25,2.5,"WEST CARROLL PARISH SHERIFF'S OFFICE              ","West Carroll Parish Sheriff's Office"
"5101",1994,"LA0080000","Bossier",NA,"LA","West South Central","South","BOSSIER","County","MSA counties from 25,000 thru 99,999",33088,99,4,103,9,17,26,108,21,129,3.9,"BOSSIER PARISH SHERIFF'S OFFICE                   ","Bossier Parish Sheriff's Office"
"5102",1994,"LA0090100","Shreveport",NA,"LA","West South Central","South","BOSSIER, CADDO","City","Cities from 100,000 thru 249,999",198298,390,25,415,52,105,157,442,130,572,2.88,"SHREVEPORT POLICE DEPARTMENT                      ","Shreveport Police Department"
"5103",1994,"LA0090400","Blanchard",NA,"LA","West South Central","South","CADDO","City","Cities under 2,500",1284,2,0,2,0,0,0,2,0,2,1.56,"BLANCHARD POLICE DEPARTMENT                       ","Blanchard Police Department"
"5104",1994,"LA0030000","Ascension",NA,"LA","West South Central","South","ASCENSION","County","MSA counties from 25,000 thru 99,999",52815,114,1,115,32,0,32,146,1,147,2.78,"ASCENSION PARISH SHERIFF'S OFFICE                 ","Ascension Parish Sheriff's Office"
"5105",1994,"LA0520000","St. Tammany",NA,"LA","West South Central","South","ST TAMMANY","County","MSA counties 100,000 or over",112906,254,0,254,81,0,81,335,0,335,2.97,"ST. TAMMANY PARISH SHERIFF'S OFFICE               ","St. Tammany Parish Sheriff's Office"
"5106",1994,"LA0140000","Claiborne",NA,"LA","West South Central","South","CLAIBORNE","County","Non-MSA counties from 10,000 thru 24,999",10368,10,0,10,3,0,3,13,0,13,1.25,"CLAIBORNE PARISH SHERIFF'S OFFICE                 ","Claiborne Parish Sheriff's Office"
"5107",1994,"LA0590000","Washington",NA,"LA","West South Central","South","WASHINGTON","County","Non-MSA counties from 10,000 thru 24,999",24343,72,0,72,12,0,12,84,0,84,3.45,"WASHINGTON PARISH SHERIFF'S OFFICE                ","Washington Parish Sheriff's Office"
"5108",1994,"LA0590100","Bogalusa",NA,"LA","West South Central","South","WASHINGTON","City","Cities from 10,000 thru 24,999",14851,34,3,37,3,7,10,37,10,47,3.16,"BOGALUSA POLICE DEPARTMENT                        ","Bogalusa Police Department"
"5109",1994,"LA0370400","University of Louisiana:","Monroe","LA","West South Central","South","OUACHITA","University or College","Cities under 2,500",0,18,1,19,1,3,4,19,4,23,NA,"UNIVERSITY OF LOUISIANA - MONROE POLICE           ","University Of Louisiana - Monroe Police"
"5110",1994,"LA0130100","Jonesville",NA,"LA","West South Central","South","CATAHOULA","City","Cities from 2,500 thru 9,999",2852,8,9,17,1,1,2,9,10,19,6.66,"JONESVILLE POLICE DEPARTMENT                      ","Jonesville Police Department"
"5111",1994,"LA0350000","Natchitoches",NA,"LA","West South Central","South","NATCHITOCHES","County","Non-MSA counties from 10,000 thru 24,999",20326,43,9,52,1,9,10,44,18,62,3.05,"NATCHITOCHES PARISH SHERIFF'S OFFICE              ","Natchitoches Parish Sheriff's Office"
"5112",1994,"LA0610000","West Baton Rouge",NA,"LA","West South Central","South","WEST BATON ROUGE","County","MSA counties from 10,000 thru 24,999",13673,43,7,50,1,12,13,44,19,63,4.61,"WEST BATON ROUGE PARISH SHERIFF'S OFFICE          ","West Baton Rouge Parish Sheriff's Office"
"5113",1994,"LA0510400","Patterson",NA,"LA","West South Central","South","ST MARY","City","Cities from 2,500 thru 9,999",5012,9,0,9,4,0,4,13,0,13,2.59,"PATTERSON POLICE DEPARTMENT                       ","Patterson Police Department"
"5114",1994,"LA0010800","Louisiana State University:","Eunice","LA","West South Central","South","ACADIA","University or College","Cities under 2,500",0,4,0,4,0,0,0,4,0,4,NA,"TRI PARISH NARCOTICS TASK FORCE CROWLEY           ","Tri Parish Narcotics Task Force Crowley"
"5115",1994,"LA0280300","Lafayette",NA,"LA","West South Central","South","LAFAYETTE","City","Cities from 50,000 thru 99,999",98181,178,17,195,16,55,71,194,72,266,2.71,"LAFAYETTE POLICE DEPARTMENT                       ","Lafayette Police Department"
"5116",1994,"LA0510300","Morgan City",NA,"LA","West South Central","South","ST MARY","City","Cities from 10,000 thru 24,999",14475,33,6,39,8,5,13,41,11,52,3.59,"MORGAN CITY POLICE DEPARTMENT                     ","Morgan City Police Department"
"5117",1994,"LA0400500","Cheneyville",NA,"LA","West South Central","South","RAPIDES","City","Cities under 2,500",1002,2,1,3,0,2,2,2,3,5,4.99,"CHENEYVILLE POLICE DEPT.                          ","Cheneyville Police Police Department"
"5118",1994,"LA0540200","Waterproof",NA,"LA","West South Central","South","TENSAS","City","Cities under 2,500",1012,1,0,1,0,0,0,1,0,1,0.99,"WATERPROOF POLICE DEPARTMENT                      ","Waterproof Police Department"
"5119",1994,"LA0520200","Slidell",NA,"LA","West South Central","South","ST TAMMANY","City","Cities from 25,000 thru 49,999",26391,60,5,65,3,22,25,63,27,90,3.41,"SLIDELL POLICE DEPARTMENT                         ","Slidell Police Department"
"5120",1994,"LA0560000","Union",NA,"LA","West South Central","South","UNION","County","Non-MSA counties from 10,000 thru 24,999",17612,24,3,27,4,6,10,28,9,37,2.1,"UNION PARISH SHERIFF'S OFFICE                     ","Union Parish Sheriff's Office"
"5121",1994,"LA0500200","St. Martinville",NA,"LA","West South Central","South","ST MARTIN","City","Cities from 2,500 thru 9,999",7768,13,1,14,2,3,5,15,4,19,2.45,"ST. MARTINVILLE POLICE DEPARTMENT                 ","St. Martinville Police Department"
"5122",1994,"LA0020100","Kinder",NA,"LA","West South Central","South","ALLEN","City","Cities under 2,500",2318,6,0,6,0,0,0,6,0,6,2.59,"KINDER POLICE DEPARTMENT                          ","Kinder Police Department"
"5123",1994,"LA0580000","Vernon",NA,"LA","West South Central","South","VERNON","County","Non-MSA counties from 25,000 thru 99,999",56634,83,0,83,28,0,28,111,0,111,1.96,"VERNON PARISH SHERIFF'S OFFICE                    ","Vernon Parish Sheriff's Office"
"5124",1994,"LA0570500","Gueydan",NA,"LA","West South Central","South","VERMILION","City","Cities under 2,500",1591,4,0,4,0,0,0,4,0,4,2.51,"GUEYDAN POLICE DEPT                               ","Gueydan Police Police Department"
"5125",1994,"LA0510100","Berwick",NA,"LA","West South Central","South","ST MARY","City","Cities from 2,500 thru 9,999",4525,10,0,10,0,0,0,10,0,10,2.21,"BERWICK POLICE DEPARTMENT                         ","Berwick Police Department"
"5126",1994,"LA0530900","Southeastern Louisiana University",NA,"LA","West South Central","South","TANGIPAHOA","University or College","Cities under 2,500",0,19,1,20,1,3,4,20,4,24,NA,"SOUTHEASTERN LOUISIANA UNIVERSITY POLICE          ","Southeastern Louisiana University Police"
"5127",1994,"LA0290500","Thibodaux",NA,"LA","West South Central","South","LAFOURCHE","City","Cities from 10,000 thru 24,999",14243,43,3,46,4,2,6,47,5,52,3.65,"THIBODAUX POLICE DEPARTMENT                       ","Thibodaux Police Department"
"5128",1994,"LA0570200","Kaplan",NA,"LA","West South Central","South","VERMILION","City","Cities from 2,500 thru 9,999",4543,14,0,14,1,5,6,15,5,20,4.4,"KAPLAN POLICE DEPARTMENT                          ","Kaplan Police Department"
"5129",1994,"LA0520300","Mandeville",NA,"LA","West South Central","South","ST TAMMANY","City","Cities from 2,500 thru 9,999",7938,20,2,22,3,9,12,23,11,34,4.28,"MANDEVILLE POLICE DEPARTMENT                      ","Mandeville Police Department"
"5130",1994,"LA0390100","New Roads",NA,"LA","West South Central","South","POINTE COUPEE","City","Cities from 2,500 thru 9,999",5368,15,2,17,0,3,3,15,5,20,3.73,"NEW ROADS POLICE DEPARTMENT                       ","New Roads Police Department"
"5131",1994,"LA0200200","Mamou",NA,"LA","West South Central","South","EVANGELINE","City","Cities from 2,500 thru 9,999",3584,9,0,9,4,0,4,13,0,13,3.63,"MAMOU POLICE DEPARTMENT                           ","Mamou Police Department"
"5132",1994,"LA0280000","Lafayette",NA,"LA","West South Central","South","LAFAYETTE","County","MSA counties from 25,000 thru 99,999",69388,331,0,331,97,0,97,428,0,428,6.17,"LAFAYETTE PARISH SHERIFF'S OFFICE                 ","Lafayette Parish Sheriff's Office"
"5133",1994,"LA0490200","Opelousas",NA,"LA","West South Central","South","ST LANDRY","City","Cities from 10,000 thru 24,999",18359,39,1,40,5,8,13,44,9,53,2.89,"OPELOUSAS POLICE DEPARTMENT                       ","Opelousas Police Department"
"5134",1994,"LA0320000","Livingston",NA,"LA","West South Central","South","LIVINGSTON","County","MSA counties from 25,000 thru 99,999",65696,84,0,84,42,0,42,126,0,126,1.92,"LIVINGSTON PARISH SHERIFF'S OFFICE                ","Livingston Parish Sheriff's Office"
"5135",1994,"LA0450000","St. Charles",NA,"LA","West South Central","South","ST CHARLES","County","MSA counties from 25,000 thru 99,999",44744,123,19,142,19,65,84,142,84,226,5.05,"ST. CHARLES PARISH SHERIFF'S OFFICE               ","St. Charles Parish Sheriff's Office"
"5136",1994,"LA0400200","Pineville",NA,"LA","West South Central","South","RAPIDES","City","Cities from 10,000 thru 24,999",12271,36,1,37,0,4,4,36,5,41,3.34,"PINEVILLE POLICE DEPARTMENT                       ","Pineville Police Department"
"5137",1994,"LA0270200","Jennings",NA,"LA","West South Central","South","JEFFERSON DAVIS","City","Cities from 10,000 thru 24,999",11461,21,4,25,8,3,11,29,7,36,3.14,"JENNINGS POLICE DEPARTMENT                        ","Jennings Police Department"
"5138",1994,"LA0640000","Winn",NA,"LA","West South Central","South","WINN","County","Non-MSA counties from 10,000 thru 24,999",10157,30,2,32,1,2,3,31,4,35,3.45,"WINN PARISH SHERIFF'S OFFICE                      ","Winn Parish Sheriff's Office"
"5139",1994,"LA0510500","Baldwin",NA,"LA","West South Central","South","ST MARY","City","Cities under 2,500",2443,5,0,5,1,1,2,6,1,7,2.87,"BALDWIN POLICE DEPARTMENT                         ","Baldwin Police Department"
"5140",1994,"LA0610100","Port Allen",NA,"LA","West South Central","South","WEST BATON ROUGE","City","Cities from 2,500 thru 9,999",6291,18,0,18,4,0,4,22,0,22,3.5,"PORT ALLEN POLICE DEPARTMENT                      ","Port Allen Police Department"
"5141",1994,"LA0540100","Newellton",NA,"LA","West South Central","South","TENSAS","City","Cities under 2,500",1556,2,0,2,0,0,0,2,0,2,1.29,"NEWELLTON POLICE DEPARTMENT                       ","Newellton Police Department"
"5142",1994,"LA0500300","Parks",NA,"LA","West South Central","South","ST MARTIN","City","Cities under 2,500",371,2,0,2,0,0,0,2,0,2,5.39,"PARKS POLICE DEPARTMENT                           ","Parks Police Department"
"5143",1994,"LA0120000","Cameron",NA,"LA","West South Central","South","CAMERON","County","Non-MSA counties under 10,000",9201,51,4,55,1,14,15,52,18,70,7.61,"CAMERON PARISH SHERIFF'S OFFICE                   ","Cameron Parish Sheriff's Office"
"5144",1994,"LA0420300","Mangham",NA,"LA","West South Central","South","RICHLAND","City","Cities under 2,500",593,3,0,3,0,0,0,3,0,3,5.06,"MANGHAM POLICE DEPARTMENT                         ","Mangham Police Department"
"5145",1994,"LA0490100","Eunice",NA,"LA","West South Central","South","ACADIA, ST LANDRY","City","Cities from 10,000 thru 24,999",11315,30,1,31,2,4,6,32,5,37,3.27,"EUNICE POLICE DEPARTMENT                          ","Eunice Police Department"
"5146",1994,"LA0410000","Red River",NA,"LA","West South Central","South","RED RIVER","County","Non-MSA counties under 10,000",9334,31,3,34,6,1,7,37,4,41,4.39,"RED RIVER PARISH SHERIFF'S OFFICE                 ","Red River Parish Sheriff's Office"
"5147",1994,"LA0150100","Ferriday",NA,"LA","West South Central","South","CONCORDIA","City","Cities from 2,500 thru 9,999",4222,11,0,11,5,1,6,16,1,17,4.03,"FERRIDAY POLICE DEPARTMENT                        ","Ferriday Police Department"
"5148",1994,"LA0100800","McNeese State University",NA,"LA","West South Central","South","CALCASIEU","University or College","Cities under 2,500",0,10,0,10,1,2,3,11,2,13,NA,"MCNEESE STATE UNIVERSITY POLICE                   ","Mcneese State University Police"
"5149",1994,"LA0310700","Louisiana Tech University",NA,"LA","West South Central","South","LINCOLN","University or College","Cities under 2,500",0,17,0,17,3,2,5,20,2,22,NA,"LOUISIANA TECH UNIVERSITY POLICE                  ","Louisiana Tech University Police"
"5150",1994,"LA0430000","Sabine",NA,"LA","West South Central","South","SABINE","County","Non-MSA counties from 10,000 thru 24,999",18066,39,0,39,16,0,16,55,0,55,3.04,"SABINE PARISH SHERIFF'S OFFICE                    ","Sabine Parish Sheriff's Office"
"5151",1994,"LA0600400","Cullen",NA,"LA","West South Central","South","WEBSTER","City","Cities under 2,500",1608,3,0,3,1,0,1,4,0,4,2.49,"CULLEN POLICE DEPARTMENT                          ","Cullen Police Department"
"5152",1994,"LA0340000","Morehouse",NA,"LA","West South Central","South","MOREHOUSE","County","Non-MSA counties from 10,000 thru 24,999",17743,28,59,87,3,30,33,31,89,120,6.76,"MOREHOUSE PARISH SHERIFF'S OFFICE                 ","Morehouse Parish Sheriff's Office"
"5153",1994,"LA0290000","Lafourche",NA,"LA","West South Central","South","LAFOURCHE","County","MSA counties from 25,000 thru 99,999",68541,129,11,140,21,33,54,150,44,194,2.83,"LAFOURCHE PARISH SHERIFF'S OFFICE                 ","Lafourche Parish Sheriff's Office"
"5154",1994,"LA0020200","Oakdale",NA,"LA","West South Central","South","ALLEN","City","Cities from 2,500 thru 9,999",7460,15,0,15,4,0,4,19,0,19,2.55,"OAKDALE POLICE DEPARTMENT                         ","Oakdale Police Department"
"5155",1994,"LA0340300","Bonita",NA,"LA","West South Central","South","MOREHOUSE","City","Cities under 2,500",264,1,0,1,0,0,0,1,0,1,3.79,"BONITA POLICE DEPT.                               ","Bonita Police Police Department"
"5156",1994,"LA0260200","Harahan",NA,"LA","West South Central","South","JEFFERSON","City","Cities from 10,000 thru 24,999",10379,19,0,19,7,0,7,26,0,26,2.51,"HARAHAN POLICE DEPARTMENT                         ","Harahan Police Department"
"5157",1994,"LA0140100","Haynesville",NA,"LA","West South Central","South","CLAIBORNE","City","Cities from 2,500 thru 9,999",2793,6,0,6,0,0,0,6,0,6,2.15,"HAYNESVILLE POLICE DEPT                           ","Haynesville Police Police Department"
"5158",1994,"LA0100100","De Quincy",NA,"LA","West South Central","South","CALCASIEU","City","Cities from 2,500 thru 9,999",3650,10,0,10,2,0,2,12,0,12,3.29,"DEQUINCY POLICE DEPARTMENT                        ","Dequincy Police Department"
"5159",1994,"LA0290600","Nicholls State University",NA,"LA","West South Central","South","LAFOURCHE","University or College","Cities under 2,500",0,10,0,10,2,2,4,12,2,14,NA,"NICHOLLS STATE UNIVERSITY POLICE                  ","Nicholls State University Police"
"5160",1994,"LA0420000","Richland",NA,"LA","West South Central","South","RICHLAND","County","Non-MSA counties from 10,000 thru 24,999",12357,28,0,28,7,0,7,35,0,35,2.83,"RICHLAND PARISH SHERIFF'S OFFICE                  ","Richland Parish Sheriff's Office"
"5161",1994,"LA0361700","Louisiana State University:","Health Sciences Center, New Orleans","LA","West South Central","South","ORLEANS","University or College","Cities under 2,500",0,55,0,55,5,0,5,60,0,60,NA,"LSU HEALTH SCIENCES CENTER POLICE DEPARTMENT      ","Lsu Health Sciences Center Police Department"
"5162",1994,"LA0170200","Baton Rouge",NA,"LA","West South Central","South","EAST BATON ROUGE","City","Cities from 100,000 thru 249,999",226595,527,26,553,82,112,194,609,138,747,3.3,"BATON ROUGE POLICE DEPARTMENT                     ","Baton Rouge Police Department"
"5163",1994,"LA0380000","Plaquemines",NA,"LA","West South Central","South","PLAQUEMINES","County","MSA counties from 25,000 thru 99,999",26094,106,11,117,11,25,36,117,36,153,5.86,"PLAQUEMINES PARISH SHERIFF'S OFFICE               ","Plaquemines Parish Sheriff's Office"
"5164",1994,"LA0310600","Grambling State University",NA,"LA","West South Central","South","LINCOLN","University or College","Cities under 2,500",0,15,0,15,7,1,8,22,1,23,NA,"GRAMBLING STATE UNIVERSITY POLICE DEPT.           ","Grambling State University Police Police Department"
"5165",1994,"LA0420100","Delhi",NA,"LA","West South Central","South","RICHLAND","City","Cities from 2,500 thru 9,999",3154,5,0,5,0,1,1,5,1,6,1.9,"DELHI POLICE DEPARTMENT                           ","Delhi Police Department"
"5166",1994,"LA0200300","Ville Platte",NA,"LA","West South Central","South","EVANGELINE","City","Cities from 2,500 thru 9,999",9246,31,0,31,1,0,1,32,0,32,3.46,"VILLE PLATTE POLICE DEPARTMENT                    ","Ville Platte Police Department"
"5167",1994,"LA0190200","Jackson",NA,"LA","West South Central","South","EAST FELICIANA","City","Cities from 2,500 thru 9,999",4327,3,0,3,0,0,0,3,0,3,0.69,"JACKSON POLICE DEPARTMENT                         ","Jackson Police Department"
"5168",1994,"LA0160100","Mansfield",NA,"LA","West South Central","South","DE SOTO","City","Cities from 2,500 thru 9,999",5225,10,0,10,6,0,6,16,0,16,3.06,"MANSFIELD POLICE DEPARTMENT                       ","Mansfield Police Department"
"5169",1994,"LA0100500","Westlake",NA,"LA","West South Central","South","CALCASIEU","City","Cities from 2,500 thru 9,999",5208,9,0,9,7,0,7,16,0,16,3.07,"WESTLAKE POLICE DEPARTMENT                        ","Westlake Police Department"
"5170",1994,"LA0090200","Vivian",NA,"LA","West South Central","South","CADDO","City","Cities from 2,500 thru 9,999",4064,12,0,12,4,0,4,16,0,16,3.94,"VIVIAN POLICE DEPARTMENT                          ","Vivian Police Department"
"5171",1994,"LA0560100","Farmerville",NA,"LA","West South Central","South","UNION","City","Cities from 2,500 thru 9,999",3375,9,0,9,2,0,2,11,0,11,3.26,"FARMERVILLE POLICE DEPARTMENT                     ","Farmerville Police Department"
"5172",1994,"LA0230200","Jeanerette",NA,"LA","West South Central","South","IBERIA","City","Cities from 2,500 thru 9,999",6386,12,0,12,3,5,8,15,5,20,3.13,"JEANERETTE POLICE DEPARTMENT                      ","Jeanerette Police Department"
"5173",1994,"LA0600100","Minden",NA,"LA","West South Central","South","WEBSTER","City","Cities from 10,000 thru 24,999",13549,27,0,27,3,1,4,30,1,31,2.29,"MINDEN POLICE DEPARTMENT                          ","Minden Police Department"
"5174",1994,"LA0600200","Springhill",NA,"LA","West South Central","South","WEBSTER","City","Cities from 2,500 thru 9,999",5611,11,0,11,1,0,1,12,0,12,2.14,"SPRINGHILL POLICE DEPARTMENT                      ","Springhill Police Department"
"5175",1994,"LA0530200","Kentwood",NA,"LA","West South Central","South","TANGIPAHOA","City","Cities under 2,500",2485,9,0,9,1,0,1,10,0,10,4.02,"KENTWOOD POLICE DEPARTMENT                        ","Kentwood Police Department"
"5176",1994,"LA0190100","Clinton",NA,"LA","West South Central","South","EAST FELICIANA","City","Cities under 2,500",1950,4,0,4,0,0,0,4,0,4,2.05,"CLINTON POLICE DEPT.                              ","Clinton Police Police Department"
"5177",1994,"LA0520600","Abita Springs",NA,"LA","West South Central","South","ST TAMMANY","City","Cities under 2,500",1446,4,0,4,0,0,0,4,0,4,2.77,"ABITA SPRINGS PD                                  ","Abita Springs Police Department"
"5178",1994,"LA0510000","St. Mary",NA,"LA","West South Central","South","ST MARY","County","Non-MSA counties from 10,000 thru 24,999",22799,71,0,71,31,0,31,102,0,102,4.47,"ST. MARY PARISH SHERIFF'S OFFICE                  ","St. Mary Parish Sheriff's Office"
"5179",1994,"LA0020000","Allen",NA,"LA","West South Central","South","ALLEN","County","Non-MSA counties from 10,000 thru 24,999",13065,26,0,26,0,7,7,26,7,33,2.53,"ALLEN PARISH SHERIFF'S OFFICE                     ","Allen Parish Sheriff's Office"
"5180",1994,"LA0500000","St. Martin",NA,"LA","West South Central","South","ST MARTIN","County","MSA counties from 25,000 thru 99,999",29036,93,6,99,26,25,51,119,31,150,5.17,"ST. MARTIN PARISH SHERIFF'S OFFICE                ","St. Martin Parish Sheriff's Office"
"5181",1994,"LA0260000","Jefferson",NA,"LA","West South Central","South","JEFFERSON","County","MSA counties 100,000 or over",347376,722,196,918,87,284,371,809,480,1289,3.71,"JEFFERSON PARISH SHERIFF'S OFFICE                 ","Jefferson Parish Sheriff's Office"
"5182",1994,"LA0170100","Baker",NA,"LA","West South Central","South","EAST BATON ROUGE","City","Cities from 10,000 thru 24,999",13567,26,0,26,5,0,5,31,0,31,2.28,"BAKER POLICE DEPARTMENT                           ","Baker Police Department"
"5183",1994,"LA0110000","Caldwell",NA,"LA","West South Central","South","CALDWELL","County","Non-MSA counties under 10,000",9868,27,0,27,6,0,6,33,0,33,3.34,"CALDWELL PARISH SHERIFF'S OFFICE                  ","Caldwell Parish Sheriff's Office"
"5184",1994,"LA0050100","Bunkie",NA,"LA","West South Central","South","AVOYELLES","City","Cities from 2,500 thru 9,999",5146,9,2,11,2,0,2,11,2,13,2.53,"BUNKIE POLICE DEPARTMENT                          ","Bunkie Police Department"
"5185",1994,"LA0010000","Acadia",NA,"LA","West South Central","South","ACADIA","County","MSA counties from 25,000 thru 99,999",27851,60,10,70,2,24,26,62,34,96,3.45,"ACADIA PARISH SHERIFF'S OFFICE                    ","Acadia Parish Sheriff's Office"
"5186",1994,"LA0310200","Ruston",NA,"LA","West South Central","South","LINCOLN","City","Cities from 10,000 thru 24,999",20523,37,1,38,1,7,8,38,8,46,2.24,"RUSTON POLICE DEPARTMENT                          ","Ruston Police Department"
"5187",1994,"LA0400100","Alexandria",NA,"LA","West South Central","South","RAPIDES","City","Cities from 25,000 thru 49,999",49361,126,3,129,5,28,33,131,31,162,3.28,"ALEXANDRIA POLICE DEPARTMENT                      ","Alexandria Police Department"
"5188",1994,"LA0070000","Bienville",NA,"LA","West South Central","South","BIENVILLE","County","Non-MSA counties from 10,000 thru 24,999",12818,26,5,31,3,3,6,29,8,37,2.89,"BIENVILLE PARISH SHERIFF'S OFFICE                 ","Bienville Parish Sheriff's Office"
"5189",1994,"LA0390000","Pointe Coupee",NA,"LA","West South Central","South","POINTE COUPEE","County","Non-MSA counties from 10,000 thru 24,999",17503,28,26,54,2,21,23,30,47,77,4.4,"POINTE COUPEE PARISH SHERIFF'S OFFICE             ","Pointe Coupee Parish Sheriff's Office"
"5190",1994,"LA0140200","Homer",NA,"LA","West South Central","South","CLAIBORNE","City","Cities from 2,500 thru 9,999",4215,8,0,8,1,0,1,9,0,9,2.14,"HOMER POLICE DEPARTMENT                           ","Homer Police Department"
"5191",1994,"LA0010300","Church Point",NA,"LA","West South Central","South","ACADIA","City","Cities from 2,500 thru 9,999",4645,10,0,10,2,0,2,12,0,12,2.58,"CHURCH POINT POLICE DEPARTMENT                    ","Church Point Police Department"
"5192",1994,"LA0490800","Krotz Springs",NA,"LA","West South Central","South","ST LANDRY","City","Cities under 2,500",1326,3,3,6,2,0,2,5,3,8,6.03,"KROTZ SPRINGS POLICE DEPARTMENT                   ","Krotz Springs Police Department"
"5193",1994,"LA0530400","Amite",NA,"LA","West South Central","South","TANGIPAHOA","City","Cities from 2,500 thru 9,999",4410,14,0,14,3,0,3,17,0,17,3.85,"AMITE POLICE DEPARTMENT                           ","Amite Police Department"
"5194",1994,"LA0130000","Catahoula",NA,"LA","West South Central","South","CATAHOULA","County","Non-MSA counties under 10,000",7891,27,0,27,6,3,9,33,3,36,4.56,"CATAHOULA PARISH SHERIFF'S OFFICE                 ","Catahoula Parish Sheriff's Office"
"5195",1994,"LA0420200","Rayville",NA,"LA","West South Central","South","RICHLAND","City","Cities from 2,500 thru 9,999",4403,7,0,7,1,1,2,8,1,9,2.04,"RAYVILLE POLICE DEPARTMENT                        ","Rayville Police Department"
"5196",1994,"LA0370100","Monroe",NA,"LA","West South Central","South","OUACHITA","City","Cities from 50,000 thru 99,999",56646,145,16,161,15,46,61,160,62,222,3.92,"MONROE POLICE DEPARTMENT                          ","Monroe Police Department"
"5197",1994,"LA0170300","Zachary",NA,"LA","West South Central","South","EAST BATON ROUGE","City","Cities from 2,500 thru 9,999",9782,18,1,19,5,1,6,23,2,25,2.56,"ZACHARY POLICE DEPARTMENT                         ","Zachary Police Department"
"5198",1994,"LA0100700","Iowa",NA,"LA","West South Central","South","CALCASIEU","City","Cities from 2,500 thru 9,999",2813,8,0,8,0,0,0,8,0,8,2.84,"IOWA POLICE DEPARTMENT                            ","Iowa Police Department"
"5199",1994,"LA0230300","New Iberia",NA,"LA","West South Central","South","IBERIA","City","Cities from 25,000 thru 49,999",32841,46,4,50,8,14,22,54,18,72,2.19,"NEW IBERIA PD                                     ","New Iberia Police Department"
"5200",1994,"LALSP0000","State Police",NA,"LA","West South Central","South","UNMAPPED COUNTY","State Police","Non-MSA counties under 10,000",0,713,181,894,10,316,326,723,497,1220,NA,"LOUISIANA STATE POLICE                            ","Louisiana State Police"
"5201",1994,"LA0510200","Franklin",NA,"LA","West South Central","South","ST MARY","City","Cities from 2,500 thru 9,999",9246,11,0,11,5,0,5,16,0,16,1.73,"FRANKLIN POLICE DEPARTMENT                        ","Franklin Police Department"
"5202",1994,"LA0370000","Ouachita",NA,"LA","West South Central","South","OUACHITA","County","MSA counties from 25,000 thru 99,999",74483,179,3,182,61,2,63,240,5,245,3.29,"OUACHITA PARISH SHERIFF'S OFFICE                  ","Ouachita Parish Sheriff's Office"
"5203",1994,"LA0630100","St. Francisville",NA,"LA","West South Central","South","WEST FELICIANA","City","Cities under 2,500",1772,5,1,6,0,0,0,5,1,6,3.39,"ST. FRANCISVILLE POLICE DEPARTMENT                ","St. Francisville Police Department"
"5204",1994,"LA0300100","Jena",NA,"LA","West South Central","South","LA SALLE","City","Cities from 2,500 thru 9,999",2617,5,0,5,0,0,0,5,0,5,1.91,"JENA POLICE DEPARTMENT                            ","Jena Police Department"
"5205",1994,"LA0470000","St. James",NA,"LA","West South Central","South","ST JAMES","County","MSA counties from 10,000 thru 24,999",18501,62,3,65,12,21,33,74,24,98,5.3,"ST. JAMES PARISH SHERIFF'S OFFICE                 ","St. James Parish Sheriff's Office"
"5206",1994,"LA0530100","Hammond",NA,"LA","West South Central","South","TANGIPAHOA","City","Cities from 10,000 thru 24,999",16684,53,10,63,8,7,15,61,17,78,4.68,"HAMMOND POLICE DEPARTMENT                         ","Hammond Police Department"
"5207",1994,"LA0350100","Natchitoches",NA,"LA","West South Central","South","NATCHITOCHES","City","Cities from 10,000 thru 24,999",16643,37,2,39,10,4,14,47,6,53,3.18,"NATCHITOCHES POLICE DEPARTMENT                    ","Natchitoches Police Department"
"5208",1994,"LA0640100","Winnfield",NA,"LA","West South Central","South","WINN","City","Cities from 2,500 thru 9,999",6190,16,0,16,4,0,4,20,0,20,3.23,"WINNFIELD POLICE DEPT                             ","Winnfield Police Police Department"
"5209",1994,"LA0300000","La Salle",NA,"LA","West South Central","South","LA SALLE","County","Non-MSA counties from 10,000 thru 24,999",11211,30,0,30,6,1,7,36,1,37,3.3,"LA SALLE PARISH SHERIFF'S OFFICE                  ","La Salle Parish Sheriff's Office"
"5210",1994,"LA0280600","Scott",NA,"LA","West South Central","South","LAFAYETTE","City","Cities from 2,500 thru 9,999",5184,11,0,11,1,1,2,12,1,13,2.51,"SCOTT POLICE DEPARTMENT                           ","Scott Police Department"
"5211",1994,"LA0310000","Lincoln",NA,"LA","West South Central","South","LINCOLN","County","Non-MSA counties from 10,000 thru 24,999",15927,34,0,34,9,2,11,43,2,45,2.83,"LINCOLN PARISH SHERIFF'S OFFICE                   ","Lincoln Parish Sheriff's Office"
"5212",1994,"LA0330100","Tallulah",NA,"LA","West South Central","South","MADISON","City","Cities from 2,500 thru 9,999",8484,12,0,12,5,0,5,17,0,17,2,"TALLULAH POLICE DEPT.                             ","Tallulah Police Police Department"
"5213",1994,"LA0570100","Abbeville",NA,"LA","West South Central","South","VERMILION","City","Cities from 10,000 thru 24,999",11338,25,1,26,5,1,6,30,2,32,2.82,"ABBEVILLE POLICE DEPARTMENT                       ","Abbeville Police Department"
"5214",1994,"LA0430200","Zwolle",NA,"LA","West South Central","South","SABINE","City","Cities under 2,500",1813,4,6,10,0,3,3,4,9,13,7.17,"ZWOLLE POLICE DEPARTMENT                          ","Zwolle Police Department"
"5215",1994,"LA0100400","Vinton",NA,"LA","West South Central","South","CALCASIEU","City","Cities from 2,500 thru 9,999",3332,11,0,11,2,0,2,13,0,13,3.9,"VINTON POLICE DEPARTMENT                          ","Vinton Police Department"
"5216",1994,"LA0370200","West Monroe",NA,"LA","West South Central","South","OUACHITA","City","Cities from 10,000 thru 24,999",14998,44,3,47,14,1,15,58,4,62,4.13,"WEST MONROE POLICE DEPARTMENT                     ","West Monroe Police Department"
"5217",1994,"LA0160000","De Soto",NA,"LA","West South Central","South","DE SOTO","County","Non-MSA counties from 10,000 thru 24,999",20026,41,0,41,11,0,11,52,0,52,2.6,"DE SOTO PARISH SHERIFF'S OFFICE                   ","De Soto Parish Sheriff's Office"
"5218",1994,"LA0240300","White Castle",NA,"LA","West South Central","South","JEFFERSON DAVIS","City","Cities under 2,500",2344,5,1,6,0,3,3,5,4,9,3.84,"WHITE CASTLE POLICE DEPARTMENT                    ","White Castle Police Department"
"5219",1994,"LA0100300","Sulphur",NA,"LA","West South Central","South","CALCASIEU","City","Cities from 10,000 thru 24,999",20929,38,4,42,4,2,6,42,6,48,2.29,"SULPHUR POLICE DEPARTMENT                         ","Sulphur Police Department"
"5220",1994,"LA0060100","De Ridder",NA,"LA","West South Central","South","BEAUREGARD","City","Cities from 10,000 thru 24,999",10439,15,0,15,7,0,7,22,0,22,2.11,"DERIDDER POLICE DEPARTMENT                        ","Deridder Police Department"
"5221",1994,"LA0600000","Webster",NA,"LA","West South Central","South","WEBSTER","County","MSA counties from 10,000 thru 24,999",21014,53,0,53,10,0,10,63,0,63,3,"WEBSTER PARISH SHERIFF'S OFFICE                   ","Webster Parish Sheriff's Office"
"5222",1994,"LA0250000","Jackson",NA,"LA","West South Central","South","JACKSON","County","Non-MSA counties from 10,000 thru 24,999",11474,31,0,31,2,0,2,33,0,33,2.88,"JACKSON PARISH SHERIFF'S OFFICE                   ","Jackson Parish Sheriff's Office"
"5223",1994,"LA0090000","Caddo",NA,"LA","West South Central","South","CADDO","County","MSA counties from 25,000 thru 99,999",45541,299,30,329,60,105,165,359,135,494,10.85,"CADDO PARISH SHERIFF'S OFFICE                     ","Caddo Parish Sheriff's Office"
"5224",1994,"LA0490300","Arnaudville",NA,"LA","West South Central","South","ST LANDRY","City","Cities under 2,500",1639,5,0,5,0,2,2,5,2,7,4.27,"ARNAUDVILLE POLICE DEPARTMENT                     ","Arnaudville Police Department"
"5225",1994,"LA0240000","Iberville",NA,"LA","West South Central","South","IBERVILLE","County","Non-MSA counties from 10,000 thru 24,999",20303,51,30,81,2,40,42,53,70,123,6.06,"IBERVILLE PARISH SHERIFF'S OFFICE                 ","Iberville Parish Sheriff's Office"
"5226",1994,"LA0550100","Houma",NA,"LA","West South Central","South","TERREBONNE","City","Cities from 25,000 thru 49,999",31506,50,2,52,5,14,19,55,16,71,2.25,"HOUMA POLICE DEPARTMENT                           ","Houma Police Department"
"5227",1994,"LA0130300","Harrisonburg",NA,"LA","West South Central","South","CATAHOULA","City","Cities under 2,500",449,1,0,1,0,0,0,1,0,1,2.23,"HARRISONBURG POLICE DEPARTMENT                    ","Harrisonburg Police Department"
"5228",1993,"LA0480000","St. John the Baptist",NA,"LA","West South Central","South","ST JOHN THE BAPTIST","County","MSA counties from 25,000 thru 99,999",41333,109,2,111,32,0,32,141,2,143,3.46,"ST. JOHN THE BAPTIST PARISH SHERIFF'S OFFICE      ","St. John The Baptist Parish Sheriff's Office"
"5229",1993,"LA0230000","Iberia",NA,"LA","West South Central","South","IBERIA","County","Non-MSA counties from 25,000 thru 99,999",30006,25,57,82,2,39,41,27,96,123,4.1,"IBERIA PARISH SHERIFF'S OFFICE                    ","Iberia Parish Sheriff's Office"
"5230",1993,"LA0170000","East Baton Rouge",NA,"LA","West South Central","South","EAST BATON ROUGE","County","MSA counties 100,000 or over",144309,456,0,456,134,0,134,590,0,590,4.09,"EAST BATON ROUGE PARISH SHERIFF'S OFFICE          ","East Baton Rouge Parish Sheriff's Office"
"5231",1993,"LA0180000","East Carroll",NA,"LA","West South Central","South","EAST CARROLL","County","Non-MSA counties under 10,000",4057,17,0,17,5,0,5,22,0,22,5.42,"EAST CARROLL PARISH SHERIFF'S OFFICE              ","East Carroll Parish Sheriff's Office"
"5232",1993,"LA0100000","Calcasieu",NA,"LA","West South Central","South","CALCASIEU","County","MSA counties from 25,000 thru 99,999",64978,313,2,315,94,0,94,407,2,409,6.29,"CALCASIEU PARISH SHERIFF'S OFFICE                 ","Calcasieu Parish Sheriff's Office"
"5233",1993,"LA0210000","Franklin",NA,"LA","West South Central","South","FRANKLIN","County","Non-MSA counties from 10,000 thru 24,999",16328,55,0,55,22,0,22,77,0,77,4.72,"FRANKLIN PARISH SHERIFF'S OFFICE                  ","Franklin Parish Sheriff's Office"
"5234",1993,"LA0290100","Golden Meadow",NA,"LA","West South Central","South","LAFOURCHE","City","Cities under 2,500",2028,4,1,5,0,1,1,4,2,6,2.96,"GOLDEN MEADOW POLICE DEPARTMENT                   ","Golden Meadow Police Department"
"5235",1993,"LA0490000","St. Landry",NA,"LA","West South Central","South","ST LANDRY","County","MSA counties from 25,000 thru 99,999",52022,64,0,64,33,0,33,97,0,97,1.86,"ST. LANDRY PARISH SHERIFF'S OFFICE                ","St. Landry Parish Sheriff's Office"
"5236",1993,"LA0290300","Lockport",NA,"LA","West South Central","South","LAFOURCHE","City","Cities from 2,500 thru 9,999",2616,4,0,4,0,0,0,4,0,4,1.53,"LOCKPORT POLICE DEPARTMENT                        ","Lockport Police Department"
"5237",1993,"LA0340100","Bastrop",NA,"LA","West South Central","South","MOREHOUSE","City","Cities from 10,000 thru 24,999",14085,29,0,29,14,6,20,43,6,49,3.48,"BASTROP POLICE DEPARTMENT                         ","Bastrop Police Department"
"5238",1993,"LA0430000","Sabine",NA,"LA","West South Central","South","SABINE","County","Non-MSA counties from 10,000 thru 24,999",17983,30,0,30,10,2,12,40,2,42,2.34,"SABINE PARISH SHERIFF'S OFFICE                    ","Sabine Parish Sheriff's Office"
"5239",1993,"LA0310700","Louisiana Tech University",NA,"LA","West South Central","South","LINCOLN","University or College","Cities under 2,500",0,17,0,17,3,2,5,20,2,22,NA,"LOUISIANA TECH UNIVERSITY POLICE                  ","Louisiana Tech University Police"
"5240",1993,"LA0420300","Mangham",NA,"LA","West South Central","South","RICHLAND","City","Cities under 2,500",591,3,0,3,0,0,0,3,0,3,5.08,"MANGHAM POLICE DEPARTMENT                         ","Mangham Police Department"
"5241",1993,"LA0150100","Ferriday",NA,"LA","West South Central","South","CONCORDIA","City","Cities from 2,500 thru 9,999",4203,14,0,14,4,1,5,18,1,19,4.52,"FERRIDAY POLICE DEPARTMENT                        ","Ferriday Police Department"
"5242",1993,"LA0100800","McNeese State University",NA,"LA","West South Central","South","CALCASIEU","University or College","Cities under 2,500",0,10,0,10,2,1,3,12,1,13,NA,"MCNEESE STATE UNIVERSITY POLICE                   ","Mcneese State University Police"
"5243",1993,"LA0410000","Red River",NA,"LA","West South Central","South","RED RIVER","County","Non-MSA counties under 10,000",9291,32,1,33,6,1,7,38,2,40,4.31,"RED RIVER PARISH SHERIFF'S OFFICE                 ","Red River Parish Sheriff's Office"
"5244",1993,"LA0490100","Eunice",NA,"LA","West South Central","South","ACADIA, ST LANDRY","City","Cities from 10,000 thru 24,999",11264,30,0,30,4,1,5,34,1,35,3.11,"EUNICE POLICE DEPARTMENT                          ","Eunice Police Department"
"5245",1993,"LA0580100","Leesville",NA,"LA","West South Central","South","VERNON","City","Cities from 2,500 thru 9,999",7904,17,0,17,9,0,9,26,0,26,3.29,"LEESVILLE POLICE DEPARTMENT                       ","Leesville Police Department"
"5246",1993,"LA0170400","Louisiana State University:","Baton Rouge","LA","West South Central","South","EAST BATON ROUGE","University or College","Cities under 2,500",0,48,0,48,9,2,11,57,2,59,NA,"LOUISIANA STATE UNIVERSITY POLICE DEPARTMENT      ","Louisiana State University Police Department"
"5247",1993,"LA0590200","Franklinton",NA,"LA","West South Central","South","WASHINGTON","City","Cities from 2,500 thru 9,999",4097,11,0,11,1,0,1,12,0,12,2.93,"FRANKLINTON POLICE DEPARTMENT                     ","Franklinton Police Department"
"5248",1993,"LA0100700","Iowa",NA,"LA","West South Central","South","CALCASIEU","City","Cities from 2,500 thru 9,999",2800,8,0,8,0,0,0,8,0,8,2.86,"IOWA POLICE DEPARTMENT                            ","Iowa Police Department"
"5249",1993,"LA0170300","Zachary",NA,"LA","West South Central","South","EAST BATON ROUGE","City","Cities from 2,500 thru 9,999",9737,18,1,19,4,1,5,22,2,24,2.46,"ZACHARY POLICE DEPARTMENT                         ","Zachary Police Department"
"5250",1993,"LA0350100","Natchitoches",NA,"LA","West South Central","South","NATCHITOCHES","City","Cities from 10,000 thru 24,999",16566,38,1,39,10,0,10,48,1,49,2.96,"NATCHITOCHES POLICE DEPARTMENT                    ","Natchitoches Police Department"
"5251",1993,"LA0330100","Tallulah",NA,"LA","West South Central","South","MADISON","City","Cities from 2,500 thru 9,999",8445,11,0,11,4,0,4,15,0,15,1.78,"TALLULAH POLICE DEPT.                             ","Tallulah Police Police Department"
"5252",1993,"LA0230300","New Iberia",NA,"LA","West South Central","South","IBERIA","City","Cities from 25,000 thru 49,999",32689,44,4,48,8,14,22,52,18,70,2.14,"NEW IBERIA PD                                     ","New Iberia Police Department"
"5253",1993,"LA0310000","Lincoln",NA,"LA","West South Central","South","LINCOLN","County","Non-MSA counties from 10,000 thru 24,999",15854,35,0,35,11,0,11,46,0,46,2.9,"LINCOLN PARISH SHERIFF'S OFFICE                   ","Lincoln Parish Sheriff's Office"
"5254",1993,"LA0300000","La Salle",NA,"LA","West South Central","South","LA SALLE","County","Non-MSA counties from 10,000 thru 24,999",11159,36,0,36,5,1,6,41,1,42,3.76,"LA SALLE PARISH SHERIFF'S OFFICE                  ","La Salle Parish Sheriff's Office"
"5255",1993,"LA0190000","East Feliciana",NA,"LA","West South Central","South","EAST FELICIANA","County","Non-MSA counties from 10,000 thru 24,999",15621,25,0,25,10,0,10,35,0,35,2.24,"EAST FELICIANA PARISH SHERIFF'S OFFICE            ","East Feliciana Parish Sheriff's Office"
"5256",1993,"LA0250100","Jonesboro",NA,"LA","West South Central","South","JACKSON","City","Cities from 2,500 thru 9,999",4174,14,2,16,1,0,1,15,2,17,4.07,"JONESBORO POLICE DEPARTMENT                       ","Jonesboro Police Department"
"5257",1993,"LA0240200","Plaquemine",NA,"LA","West South Central","South","IBERVILLE","City","Cities from 2,500 thru 9,999",7467,20,0,20,6,1,7,26,1,27,3.62,"PLAQUEMINE POLICE DEPARTMENT                      ","Plaquemine Police Department"
"5258",1993,"LA0170600","Southern University and A&M College:","Baton Rouge","LA","West South Central","South","EAST BATON ROUGE","University or College","Cities under 2,500",0,26,0,26,8,2,10,34,2,36,NA,"SOUTHERN UNIVERSITY AND A & M COLLEGE POLICE      ","Southern University And A & M College Police"
"5259",1993,"LA0570100","Abbeville",NA,"LA","West South Central","South","VERMILION","City","Cities from 10,000 thru 24,999",11286,28,0,28,5,0,5,33,0,33,2.92,"ABBEVILLE POLICE DEPARTMENT                       ","Abbeville Police Department"
"5260",1993,"LA0640100","Winnfield",NA,"LA","West South Central","South","WINN","City","Cities from 2,500 thru 9,999",6162,16,0,16,4,0,4,20,0,20,3.25,"WINNFIELD POLICE DEPT                             ","Winnfield Police Police Department"
"5261",1993,"LA0530100","Hammond",NA,"LA","West South Central","South","TANGIPAHOA","City","Cities from 10,000 thru 24,999",16607,53,0,53,13,0,13,66,0,66,3.97,"HAMMOND POLICE DEPARTMENT                         ","Hammond Police Department"
"5262",1993,"LA0010100","Crowley",NA,"LA","West South Central","South","ACADIA","City","Cities from 10,000 thru 24,999",14044,27,0,27,3,2,5,30,2,32,2.28,"CROWLEY POLICE DEPARTMENT                         ","Crowley Police Department"
"5263",1993,"LA0500100","Breaux Bridge",NA,"LA","West South Central","South","ST MARTIN","City","Cities from 2,500 thru 9,999",7712,12,0,12,1,0,1,13,0,13,1.69,"BREAUX BRIDGE POLICE DEPARTMENT                   ","Breaux Bridge Police Department"
"5264",1993,"LA0460000","St. Helena",NA,"LA","West South Central","South","ST HELENA","County","Non-MSA counties under 10,000",9972,25,1,26,3,3,6,28,4,32,3.21,"ST. HELENA PARISH SHERIFF'S OFFICE                ","St. Helena Parish Sheriff's Office"
"5265",1993,"LA0150200","Vidalia",NA,"LA","West South Central","South","CONCORDIA","City","Cities from 2,500 thru 9,999",5081,12,0,12,5,0,5,17,0,17,3.35,"VIDALIA POLICE DEPARTMENT                         ","Vidalia Police Department"
"5266",1993,"LA0200000","Evangeline",NA,"LA","West South Central","South","EVANGELINE","County","Non-MSA counties from 10,000 thru 24,999",21108,34,0,34,15,0,15,49,0,49,2.32,"EVANGELINE PARISH SHERIFF'S OFFICE                ","Evangeline Parish Sheriff's Office"
"5267",1993,"LA0040000","Assumption",NA,"LA","West South Central","South","ASSUMPTION","County","Non-MSA counties from 10,000 thru 24,999",22687,39,0,39,8,1,9,47,1,48,2.12,"ASSUMPTION PARISH SHERIFF'S OFFICE                ","Assumption Parish Sheriff's Office"
"5268",1993,"LA0270400","Welsh",NA,"LA","West South Central","South","JEFFERSON DAVIS","City","Cities from 2,500 thru 9,999",3241,7,0,7,4,0,4,11,0,11,3.39,"WELSH POLICE DEPARTMENT                           ","Welsh Police Department"
"5269",1993,"LA0260300","Kenner",NA,"LA","West South Central","South","JEFFERSON","City","Cities from 50,000 thru 99,999",74012,103,13,116,9,32,41,112,45,157,2.12,"KENNER POLICE DEPARTMENT                          ","Kenner Police Department"
"5270",1993,"LA0500300","Parks",NA,"LA","West South Central","South","ST MARTIN","City","Cities under 2,500",370,3,0,3,0,0,0,3,0,3,8.11,"PARKS POLICE DEPARTMENT                           ","Parks Police Department"
"5271",1993,"LA0570000","Vermilion",NA,"LA","West South Central","South","VERMILION","County","Non-MSA counties from 25,000 thru 99,999",34705,72,0,72,19,0,19,91,0,91,2.62,"VERMILION PARISH SHERIFF'S OFFICE                 ","Vermilion Parish Sheriff's Office"
"5272",1993,"LA0050200","Marksville",NA,"LA","West South Central","South","AVOYELLES","City","Cities from 2,500 thru 9,999",5565,9,0,9,2,0,2,11,0,11,1.98,"MARKSVILLE POLICE DEPARTMENT                      ","Marksville Police Department"
"5273",1993,"LA0620100","Oak Grove",NA,"LA","West South Central","South","WEST CARROLL","City","Cities under 2,500",2089,5,0,5,1,0,1,6,0,6,2.87,"OAK GROVE POLICE DEPARTMENT                       ","Oak Grove Police Department"
"5274",1993,"LA0230400","Loreauville",NA,"LA","West South Central","South","IBERIA","City","Cities under 2,500",837,4,0,4,0,0,0,4,0,4,4.78,"LOREAUVILLE PD                                    ","Loreauville Police Department"
"5275",1993,"LA0220000","Grant",NA,"LA","West South Central","South","GRANT","County","Non-MSA counties from 10,000 thru 24,999",17661,30,0,30,4,0,4,34,0,34,1.93,"GRANT PARISH SHERIFF'S OFFICE                     ","Grant Parish Sheriff's Office"
"5276",1993,"LA0210100","Winnsboro",NA,"LA","West South Central","South","FRANKLIN","City","Cities from 2,500 thru 9,999",5673,8,0,8,0,1,1,8,1,9,1.59,"WINNSBORO POLICE DEPARTMENT                       ","Winnsboro Police Department"
"5277",1993,"LA0080100","Bossier City",NA,"LA","West South Central","South","BOSSIER","City","Cities from 50,000 thru 99,999",53071,121,2,123,5,23,28,126,25,151,2.85,"BOSSIER CITY POLICE DEPT                          ","Bossier City Police Police Department"
"5278",1993,"LA0630000","West Feliciana",NA,"LA","West South Central","South","WEST FELICIANA","County","Non-MSA counties from 10,000 thru 24,999",13129,22,0,22,5,0,5,27,0,27,2.06,"WEST FELICIANA PARISH SHERIFF'S OFFICE            ","West Feliciana Parish Sheriff's Office"
"5279",1993,"LA0530000","Tangipahoa",NA,"LA","West South Central","South","TANGIPAHOA","County","Non-MSA counties from 25,000 thru 99,999",59229,113,21,134,10,40,50,123,61,184,3.11,"TANGIPAHOA PARISH SHERIFF'S OFFICE                ","Tangipahoa Parish Sheriff's Office"
"5280",1993,"LA0310100","Dubach",NA,"LA","West South Central","South","LINCOLN","City","Cities under 2,500",908,3,0,3,0,0,0,3,0,3,3.3,"DUBACH POLICE DEPT                                ","Dubach Police Police Department"
"5281",1993,"LA0260100","Gretna",NA,"LA","West South Central","South","JEFFERSON","City","Cities from 10,000 thru 24,999",17566,53,2,55,14,6,20,67,8,75,4.27,"GRETNA POLICE DEPARTMENT                          ","Gretna Police Department"
"5282",1993,"LA0400100","Alexandria",NA,"LA","West South Central","South","RAPIDES","City","Cities from 25,000 thru 49,999",49133,124,3,127,7,28,35,131,31,162,3.3,"ALEXANDRIA POLICE DEPARTMENT                      ","Alexandria Police Department"
"5283",1993,"LA0130000","Catahoula",NA,"LA","West South Central","South","CATAHOULA","County","Non-MSA counties under 10,000",8302,24,0,24,7,0,7,31,0,31,3.73,"CATAHOULA PARISH SHERIFF'S OFFICE                 ","Catahoula Parish Sheriff's Office"
"5284",1993,"LA0310200","Ruston",NA,"LA","West South Central","South","LINCOLN","City","Cities from 10,000 thru 24,999",20428,33,3,36,0,4,4,33,7,40,1.96,"RUSTON POLICE DEPARTMENT                          ","Ruston Police Department"
"5285",1993,"LA0320000","Livingston",NA,"LA","West South Central","South","LIVINGSTON","County","MSA counties from 25,000 thru 99,999",65392,74,0,74,42,0,42,116,0,116,1.77,"LIVINGSTON PARISH SHERIFF'S OFFICE                ","Livingston Parish Sheriff's Office"
"5286",1993,"LA0280000","Lafayette",NA,"LA","West South Central","South","LAFAYETTE","County","MSA counties from 25,000 thru 99,999",74227,318,0,318,94,0,94,412,0,412,5.55,"LAFAYETTE PARISH SHERIFF'S OFFICE                 ","Lafayette Parish Sheriff's Office"
"5287",1993,"LA0390100","New Roads",NA,"LA","West South Central","South","POINTE COUPEE","City","Cities from 2,500 thru 9,999",5344,13,4,17,0,0,0,13,4,17,3.18,"NEW ROADS POLICE DEPARTMENT                       ","New Roads Police Department"
"5288",1993,"LA0200200","Mamou",NA,"LA","West South Central","South","EVANGELINE","City","Cities from 2,500 thru 9,999",3568,9,0,9,1,3,4,10,3,13,3.64,"MAMOU POLICE DEPARTMENT                           ","Mamou Police Department"
"5289",1993,"LA0490200","Opelousas",NA,"LA","West South Central","South","ST LANDRY","City","Cities from 10,000 thru 24,999",18274,37,1,38,4,8,12,41,9,50,2.74,"OPELOUSAS POLICE DEPARTMENT                       ","Opelousas Police Department"
"5290",1993,"LA0260400","Westwego",NA,"LA","West South Central","South","JEFFERSON","City","Cities from 10,000 thru 24,999",11773,13,1,14,0,0,0,13,1,14,1.19,"WESTWEGO POLICE DEPARTMENT                        ","Westwego Police Department"
"5291",1993,"LA0440000","St. Bernard",NA,"LA","West South Central","South","ST BERNARD","County","MSA counties from 25,000 thru 99,999",67252,174,5,179,44,15,59,218,20,238,3.54,"ST. BERNARD PARISH SHERIFF'S OFFICE               ","St. Bernard Parish Sheriff's Office"
"5292",1993,"LA0520300","Mandeville",NA,"LA","West South Central","South","ST TAMMANY","City","Cities from 2,500 thru 9,999",7902,21,0,21,9,0,9,30,0,30,3.8,"MANDEVILLE POLICE DEPARTMENT                      ","Mandeville Police Department"
"5293",1993,"LA0290500","Thibodaux",NA,"LA","West South Central","South","LAFOURCHE","City","Cities from 10,000 thru 24,999",14177,40,4,44,5,5,10,45,9,54,3.81,"THIBODAUX POLICE DEPARTMENT                       ","Thibodaux Police Department"
"5294",1993,"LA0570200","Kaplan",NA,"LA","West South Central","South","VERMILION","City","Cities from 2,500 thru 9,999",4522,12,0,12,4,0,4,16,0,16,3.54,"KAPLAN POLICE DEPARTMENT                          ","Kaplan Police Department"
"5295",1993,"LA0590000","Washington",NA,"LA","West South Central","South","WASHINGTON","County","Non-MSA counties from 10,000 thru 24,999",24231,70,0,70,7,8,15,77,8,85,3.51,"WASHINGTON PARISH SHERIFF'S OFFICE                ","Washington Parish Sheriff's Office"
"5296",1993,"LA0590100","Bogalusa",NA,"LA","West South Central","South","WASHINGTON","City","Cities from 10,000 thru 24,999",14783,34,0,34,3,7,10,37,7,44,2.98,"BOGALUSA POLICE DEPARTMENT                        ","Bogalusa Police Department"
"5297",1993,"LA0140100","Haynesville",NA,"LA","West South Central","South","CLAIBORNE","City","Cities from 2,500 thru 9,999",2781,6,0,6,1,0,1,7,0,7,2.52,"HAYNESVILLE POLICE DEPT                           ","Haynesville Police Police Department"
"5298",1993,"LA0420000","Richland",NA,"LA","West South Central","South","RICHLAND","County","Non-MSA counties from 10,000 thru 24,999",12300,30,0,30,6,1,7,36,1,37,3.01,"RICHLAND PARISH SHERIFF'S OFFICE                  ","Richland Parish Sheriff's Office"
"5299",1993,"LA0100100","De Quincy",NA,"LA","West South Central","South","CALCASIEU","City","Cities from 2,500 thru 9,999",3634,8,0,8,2,0,2,10,0,10,2.75,"DEQUINCY POLICE DEPARTMENT                        ","Dequincy Police Department"
"5300",1993,"LA0170200","Baton Rouge",NA,"LA","West South Central","South","EAST BATON ROUGE","City","Cities from 100,000 thru 249,999",225544,536,31,567,113,98,211,649,129,778,3.45,"BATON ROUGE POLICE DEPARTMENT                     ","Baton Rouge Police Department"
"5301",1993,"LA0260200","Harahan",NA,"LA","West South Central","South","JEFFERSON","City","Cities from 10,000 thru 24,999",10331,18,0,18,7,0,7,25,0,25,2.42,"HARAHAN POLICE DEPARTMENT                         ","Harahan Police Department"
"5302",1993,"LA0290600","Nicholls State University",NA,"LA","West South Central","South","LAFOURCHE","University or College","Cities under 2,500",0,10,2,12,2,1,3,12,3,15,NA,"NICHOLLS STATE UNIVERSITY POLICE                  ","Nicholls State University Police"
"5303",1993,"LA0020200","Oakdale",NA,"LA","West South Central","South","ALLEN","City","Cities from 2,500 thru 9,999",7426,14,0,14,4,0,4,18,0,18,2.42,"OAKDALE POLICE DEPARTMENT                         ","Oakdale Police Department"
"5304",1993,"LA0090000","Caddo",NA,"LA","West South Central","South","CADDO","County","MSA counties from 25,000 thru 99,999",46609,327,0,327,160,0,160,487,0,487,10.45,"CADDO PARISH SHERIFF'S OFFICE                     ","Caddo Parish Sheriff's Office"
"5305",1993,"LA0540000","Tensas",NA,"LA","West South Central","South","TENSAS","County","Non-MSA counties under 10,000",5779,17,0,17,6,0,6,23,0,23,3.98,"TENSAS PARISH SHERIFF'S OFFICE                    ","Tensas Parish Sheriff's Office"
"5306",1993,"LA0030000","Ascension",NA,"LA","West South Central","South","ASCENSION","County","MSA counties from 25,000 thru 99,999",53772,111,1,112,35,0,35,146,1,147,2.73,"ASCENSION PARISH SHERIFF'S OFFICE                 ","Ascension Parish Sheriff's Office"
"5307",1993,"LA0250000","Jackson",NA,"LA","West South Central","South","JACKSON","County","Non-MSA counties from 10,000 thru 24,999",11421,28,0,28,3,0,3,31,0,31,2.71,"JACKSON PARISH SHERIFF'S OFFICE                   ","Jackson Parish Sheriff's Office"
"5308",1993,"LA0520000","St. Tammany",NA,"LA","West South Central","South","ST TAMMANY","County","MSA counties 100,000 or over",113823,228,0,228,87,0,87,315,0,315,2.77,"ST. TAMMANY PARISH SHERIFF'S OFFICE               ","St. Tammany Parish Sheriff's Office"
"5309",1993,"LA0620000","West Carroll",NA,"LA","West South Central","South","WEST CARROLL","County","Non-MSA counties under 10,000",9940,21,0,21,4,0,4,25,0,25,2.52,"WEST CARROLL PARISH SHERIFF'S OFFICE              ","West Carroll Parish Sheriff's Office"
"5310",1993,"LA0060100","De Ridder",NA,"LA","West South Central","South","BEAUREGARD","City","Cities from 10,000 thru 24,999",10391,14,0,14,7,0,7,21,0,21,2.02,"DERIDDER POLICE DEPARTMENT                        ","Deridder Police Department"
"5311",1993,"LA0610100","Port Allen",NA,"LA","West South Central","South","WEST BATON ROUGE","City","Cities from 2,500 thru 9,999",6262,17,0,17,4,0,4,21,0,21,3.35,"PORT ALLEN POLICE DEPARTMENT                      ","Port Allen Police Department"
"5312",1993,"LA0510500","Baldwin",NA,"LA","West South Central","South","ST MARY","City","Cities under 2,500",2432,3,0,3,1,1,2,4,1,5,2.06,"BALDWIN POLICE DEPARTMENT                         ","Baldwin Police Department"
"5313",1993,"LA0640000","Winn",NA,"LA","West South Central","South","WINN","County","Non-MSA counties from 10,000 thru 24,999",10110,23,0,23,5,0,5,28,0,28,2.77,"WINN PARISH SHERIFF'S OFFICE                      ","Winn Parish Sheriff's Office"
"5314",1993,"LA0510300","Morgan City",NA,"LA","West South Central","South","ST MARY","City","Cities from 10,000 thru 24,999",14408,30,7,37,4,11,15,34,18,52,3.61,"MORGAN CITY POLICE DEPARTMENT                     ","Morgan City Police Department"
"5315",1993,"LA0340300","Bonita",NA,"LA","West South Central","South","MOREHOUSE","City","Cities under 2,500",263,2,0,2,0,0,0,2,0,2,7.6,"BONITA POLICE DEPT.                               ","Bonita Police Police Department"
"5316",1993,"LA0110000","Caldwell",NA,"LA","West South Central","South","CALDWELL","County","Non-MSA counties under 10,000",9823,24,0,24,6,0,6,30,0,30,3.05,"CALDWELL PARISH SHERIFF'S OFFICE                  ","Caldwell Parish Sheriff's Office"
"5317",1993,"LA0260000","Jefferson",NA,"LA","West South Central","South","JEFFERSON","County","MSA counties 100,000 or over",345765,727,151,878,96,269,365,823,420,1243,3.59,"JEFFERSON PARISH SHERIFF'S OFFICE                 ","Jefferson Parish Sheriff's Office"
"5318",1993,"LA0170100","Baker",NA,"LA","West South Central","South","EAST BATON ROUGE","City","Cities from 10,000 thru 24,999",13505,25,0,25,6,0,6,31,0,31,2.3,"BAKER POLICE DEPARTMENT                           ","Baker Police Department"
"5319",1993,"LA0050100","Bunkie",NA,"LA","West South Central","South","AVOYELLES","City","Cities from 2,500 thru 9,999",5123,11,0,11,2,0,2,13,0,13,2.54,"BUNKIE POLICE DEPARTMENT                          ","Bunkie Police Department"
"5320",1993,"LA0010000","Acadia",NA,"LA","West South Central","South","ACADIA","County","MSA counties from 25,000 thru 99,999",28958,73,6,79,0,20,20,73,26,99,3.42,"ACADIA PARISH SHERIFF'S OFFICE                    ","Acadia Parish Sheriff's Office"
"5321",1993,"LA0020000","Allen",NA,"LA","West South Central","South","ALLEN","County","Non-MSA counties from 10,000 thru 24,999",13005,39,1,40,1,6,7,40,7,47,3.61,"ALLEN PARISH SHERIFF'S OFFICE                     ","Allen Parish Sheriff's Office"
"5322",1993,"LA0500000","St. Martin",NA,"LA","West South Central","South","ST MARTIN","County","MSA counties from 25,000 thru 99,999",28902,81,1,82,50,0,50,131,1,132,4.57,"ST. MARTIN PARISH SHERIFF'S OFFICE                ","St. Martin Parish Sheriff's Office"
"5323",1993,"LA0390000","Pointe Coupee",NA,"LA","West South Central","South","POINTE COUPEE","County","Non-MSA counties from 10,000 thru 24,999",17422,55,1,56,25,0,25,80,1,81,4.65,"POINTE COUPEE PARISH SHERIFF'S OFFICE             ","Pointe Coupee Parish Sheriff's Office"
"5324",1993,"LA0130100","Jonesville",NA,"LA","West South Central","South","CATAHOULA","City","Cities from 2,500 thru 9,999",2839,5,0,5,1,0,1,6,0,6,2.11,"JONESVILLE POLICE DEPARTMENT                      ","Jonesville Police Department"
"5325",1993,"LA0350000","Natchitoches",NA,"LA","West South Central","South","NATCHITOCHES","County","Non-MSA counties from 10,000 thru 24,999",20232,45,0,45,10,0,10,55,0,55,2.72,"NATCHITOCHES PARISH SHERIFF'S OFFICE              ","Natchitoches Parish Sheriff's Office"
"5326",1993,"LA0370400","University of Louisiana:","Monroe","LA","West South Central","South","OUACHITA","University or College","Cities under 2,500",0,16,0,16,2,4,6,18,4,22,NA,"UNIVERSITY OF LOUISIANA - MONROE POLICE           ","University Of Louisiana - Monroe Police"
"5327",1993,"LA0510200","Franklin",NA,"LA","West South Central","South","ST MARY","City","Cities from 2,500 thru 9,999",9204,12,2,14,3,5,8,15,7,22,2.39,"FRANKLIN POLICE DEPARTMENT                        ","Franklin Police Department"
"5328",1993,"LALSP0000","State Police",NA,"LA","West South Central","South","UNMAPPED COUNTY","State Police","Non-MSA counties under 10,000",0,711,88,799,8,215,223,719,303,1022,NA,"LOUISIANA STATE POLICE                            ","Louisiana State Police"
"5329",1993,"LA0300100","Jena",NA,"LA","West South Central","South","LA SALLE","City","Cities from 2,500 thru 9,999",2605,5,0,5,0,0,0,5,0,5,1.92,"JENA POLICE DEPARTMENT                            ","Jena Police Department"
"5330",1993,"LA0370000","Ouachita",NA,"LA","West South Central","South","OUACHITA","County","MSA counties from 25,000 thru 99,999",74138,178,0,178,58,0,58,236,0,236,3.18,"OUACHITA PARISH SHERIFF'S OFFICE                  ","Ouachita Parish Sheriff's Office"
"5331",1993,"LA0470000","St. James",NA,"LA","West South Central","South","ST JAMES","County","MSA counties from 10,000 thru 24,999",20830,56,1,57,14,18,32,70,19,89,4.27,"ST. JAMES PARISH SHERIFF'S OFFICE                 ","St. James Parish Sheriff's Office"
"5332",1993,"LA0050300","Simmesport",NA,"LA","West South Central","South","AVOYELLES","City","Cities under 2,500",2144,2,1,3,0,0,0,2,1,3,1.4,"SIMMESPORT POLICE DEPT.                           ","Simmesport Police Police Department"
"5333",1993,"LA0400700","Woodworth",NA,"LA","West South Central","South","RAPIDES","City","Cities under 2,500",837,3,0,3,0,1,1,3,1,4,4.78,"WOODWORTH POLICE DEPARTMENT                       ","Woodworth Police Department"
"5334",1993,"LA0400000","Rapides",NA,"LA","West South Central","South","RAPIDES","County","MSA counties from 25,000 thru 99,999",65499,213,0,213,57,0,57,270,0,270,4.12,"RAPIDES PARISH SHERIFF'S OFFICE                   ","Rapides Parish Sheriff's Office"
"5335",1993,"LA0180100","Lake Providence",NA,"LA","West South Central","South","EAST CARROLL","City","Cities from 2,500 thru 9,999",5552,9,0,9,7,0,7,16,0,16,2.88,"LAKE PROVIDENCE POLICE DEPARTMENT                 ","Lake Providence Police Department"
"5336",1993,"LA0430100","Many",NA,"LA","West South Central","South","SABINE","City","Cities from 2,500 thru 9,999",3245,11,0,11,1,0,1,12,0,12,3.7,"MANY POLICE DEPARTMENT                            ","Many Police Department"
"5337",1993,"LA0510000","St. Mary",NA,"LA","West South Central","South","ST MARY","County","Non-MSA counties from 10,000 thru 24,999",22694,65,11,76,14,13,27,79,24,103,4.54,"ST. MARY PARISH SHERIFF'S OFFICE                  ","St. Mary Parish Sheriff's Office"
"5338",1993,"LA0351000","Northwestern State University",NA,"LA","West South Central","South","NATCHITOCHES","University or College","Cities under 2,500",0,13,1,14,1,2,3,14,3,17,NA,"NORTHWESTERN STATE UNIVERSITY OF LOUISIANA POLICE ","Northwestern State University Of Louisiana Police"
"5339",1993,"LA0050000","Avoyelles",NA,"LA","West South Central","South","AVOYELLES","County","Non-MSA counties from 25,000 thru 99,999",26411,120,0,120,68,0,68,188,0,188,7.12,"AVOYELLES PARISH SHERIFF'S OFFICE                 ","Avoyelles Parish Sheriff's Office"
"5340",1993,"LA0100400","Vinton",NA,"LA","West South Central","South","CALCASIEU","City","Cities from 2,500 thru 9,999",3317,11,0,11,2,0,2,13,0,13,3.92,"VINTON POLICE DEPARTMENT                          ","Vinton Police Department"
"5341",1993,"LA0520100","Covington",NA,"LA","West South Central","South","ST TAMMANY","City","Cities from 2,500 thru 9,999",8769,26,0,26,0,7,7,26,7,33,3.76,"COVINGTON POLICE DEPARTMENT                       ","Covington Police Department"
"5342",1993,"LA0070000","Bienville",NA,"LA","West South Central","South","BIENVILLE","County","Non-MSA counties from 10,000 thru 24,999",12759,25,5,30,3,3,6,28,8,36,2.82,"BIENVILLE PARISH SHERIFF'S OFFICE                 ","Bienville Parish Sheriff's Office"
"5343",1993,"LA0420200","Rayville",NA,"LA","West South Central","South","RICHLAND","City","Cities from 2,500 thru 9,999",4383,7,0,7,0,0,0,7,0,7,1.6,"RAYVILLE POLICE DEPARTMENT                        ","Rayville Police Department"
"5344",1993,"LA0370100","Monroe",NA,"LA","West South Central","South","OUACHITA","City","Cities from 50,000 thru 99,999",56384,139,15,154,15,45,60,154,60,214,3.8,"MONROE POLICE DEPARTMENT                          ","Monroe Police Department"
"5345",1993,"LA0140200","Homer",NA,"LA","West South Central","South","CLAIBORNE","City","Cities from 2,500 thru 9,999",4196,9,0,9,1,0,1,10,0,10,2.38,"HOMER POLICE DEPARTMENT                           ","Homer Police Department"
"5346",1993,"LA0450000","St. Charles",NA,"LA","West South Central","South","ST CHARLES","County","MSA counties from 25,000 thru 99,999",44537,117,19,136,18,64,82,135,83,218,4.89,"ST. CHARLES PARISH SHERIFF'S OFFICE               ","St. Charles Parish Sheriff's Office"
"5347",1993,"LA0400200","Pineville",NA,"LA","West South Central","South","RAPIDES","City","Cities from 10,000 thru 24,999",12215,35,0,35,0,4,4,35,4,39,3.19,"PINEVILLE POLICE DEPARTMENT                       ","Pineville Police Department"
"5348",1993,"LA0270200","Jennings",NA,"LA","West South Central","South","JEFFERSON DAVIS","City","Cities from 10,000 thru 24,999",11408,28,0,28,10,2,12,38,2,40,3.51,"JENNINGS POLICE DEPARTMENT                        ","Jennings Police Department"
"5349",1993,"LA0370200","West Monroe",NA,"LA","West South Central","South","OUACHITA","City","Cities from 10,000 thru 24,999",14929,46,4,50,10,2,12,56,6,62,4.15,"WEST MONROE POLICE DEPARTMENT                     ","West Monroe Police Department"
"5350",1993,"LA0600000","Webster",NA,"LA","West South Central","South","WEBSTER","County","MSA counties from 10,000 thru 24,999",22518,49,0,49,9,0,9,58,0,58,2.58,"WEBSTER PARISH SHERIFF'S OFFICE                   ","Webster Parish Sheriff's Office"
"5351",1993,"LA0430200","Zwolle",NA,"LA","West South Central","South","SABINE","City","Cities under 2,500",1805,3,0,3,1,0,1,4,0,4,2.22,"ZWOLLE POLICE DEPARTMENT                          ","Zwolle Police Department"
"5352",1993,"LA0530900","Southeastern Louisiana University",NA,"LA","West South Central","South","TANGIPAHOA","University or College","Cities under 2,500",0,17,1,18,3,3,6,20,4,24,NA,"SOUTHEASTERN LOUISIANA UNIVERSITY POLICE          ","Southeastern Louisiana University Police"
"5353",1993,"LA0510100","Berwick",NA,"LA","West South Central","South","ST MARY","City","Cities from 2,500 thru 9,999",4505,10,0,10,0,0,0,10,0,10,2.22,"BERWICK POLICE DEPARTMENT                         ","Berwick Police Department"
"5354",1993,"LA0580000","Vernon",NA,"LA","West South Central","South","VERNON","County","Non-MSA counties from 25,000 thru 99,999",56372,50,19,69,2,13,15,52,32,84,1.49,"VERNON PARISH SHERIFF'S OFFICE                    ","Vernon Parish Sheriff's Office"
"5355",1993,"LA0150000","Concordia",NA,"LA","West South Central","South","CONCORDIA","County","Non-MSA counties from 10,000 thru 24,999",11693,26,0,26,10,1,11,36,1,37,3.16,"CONCORDIA PARISH SHERIFF'S OFFICE                 ","Concordia Parish Sheriff's Office"
"5356",1993,"LA0070100","Arcadia",NA,"LA","West South Central","South","BIENVILLE","City","Cities from 2,500 thru 9,999",3049,5,0,5,0,0,0,5,0,5,1.64,"ARCADIA POLICE DEPARTMENT                         ","Arcadia Police Department"
"5357",1993,"LA0060000","Beauregard",NA,"LA","West South Central","South","BEAUREGARD","County","Non-MSA counties from 10,000 thru 24,999",20818,41,6,47,2,13,15,43,19,62,2.98,"BEAUREGARD PARISH SHERIFF'S OFFICE                ","Beauregard Parish Sheriff's Office"
"5358",1993,"LA0290000","Lafourche",NA,"LA","West South Central","South","LAFOURCHE","County","MSA counties from 25,000 thru 99,999",68224,135,12,147,17,41,58,152,53,205,3,"LAFOURCHE PARISH SHERIFF'S OFFICE                 ","Lafourche Parish Sheriff's Office"
"5359",1993,"LA0340000","Morehouse",NA,"LA","West South Central","South","MOREHOUSE","County","Non-MSA counties from 10,000 thru 24,999",17294,34,18,52,2,17,19,36,35,71,4.11,"MOREHOUSE PARISH SHERIFF'S OFFICE                 ","Morehouse Parish Sheriff's Office"
"5360",1993,"LA0530400","Amite",NA,"LA","West South Central","South","TANGIPAHOA","City","Cities from 2,500 thru 9,999",4390,12,0,12,3,0,3,15,0,15,3.42,"AMITE POLICE DEPARTMENT                           ","Amite Police Department"
"5361",1993,"LA0160000","De Soto",NA,"LA","West South Central","South","DE SOTO","County","Non-MSA counties from 10,000 thru 24,999",19934,41,0,41,12,0,12,53,0,53,2.66,"DE SOTO PARISH SHERIFF'S OFFICE                   ","De Soto Parish Sheriff's Office"
"5362",1993,"LA0010300","Church Point",NA,"LA","West South Central","South","ACADIA","City","Cities from 2,500 thru 9,999",4624,12,0,12,0,0,0,12,0,12,2.6,"CHURCH POINT POLICE DEPARTMENT                    ","Church Point Police Department"
"5363",1993,"LA0100300","Sulphur",NA,"LA","West South Central","South","CALCASIEU","City","Cities from 10,000 thru 24,999",20832,36,2,38,1,5,6,37,7,44,2.11,"SULPHUR POLICE DEPARTMENT                         ","Sulphur Police Department"
"5364",1993,"LA0240000","Iberville",NA,"LA","West South Central","South","IBERVILLE","County","Non-MSA counties from 10,000 thru 24,999",23721,48,14,62,4,33,37,52,47,99,4.17,"IBERVILLE PARISH SHERIFF'S OFFICE                 ","Iberville Parish Sheriff's Office"
"5365",1993,"LA0610000","West Baton Rouge",NA,"LA","West South Central","South","WEST BATON ROUGE","County","MSA counties from 10,000 thru 24,999",13610,44,6,50,1,11,12,45,17,62,4.56,"WEST BATON ROUGE PARISH SHERIFF'S OFFICE          ","West Baton Rouge Parish Sheriff's Office"
"5366",1993,"LA0510400","Patterson",NA,"LA","West South Central","South","ST MARY","City","Cities from 2,500 thru 9,999",4989,10,0,10,4,0,4,14,0,14,2.81,"PATTERSON POLICE DEPARTMENT                       ","Patterson Police Department"
"5367",1993,"LA0420100","Delhi",NA,"LA","West South Central","South","RICHLAND","City","Cities from 2,500 thru 9,999",3140,5,0,5,1,0,1,6,0,6,1.91,"DELHI POLICE DEPARTMENT                           ","Delhi Police Department"
"5368",1993,"LA0030200","Gonzales",NA,"LA","West South Central","South","ASCENSION","City","Cities from 2,500 thru 9,999",7399,21,0,21,7,0,7,28,0,28,3.78,"GONZALES POLICE DEPARTMENT                        ","Gonzales Police Department"
"5369",1993,"LA0310600","Grambling State University",NA,"LA","West South Central","South","LINCOLN","University or College","Cities under 2,500",0,23,0,23,10,1,11,33,1,34,NA,"GRAMBLING STATE UNIVERSITY POLICE DEPT.           ","Grambling State University Police Police Department"
"5370",1993,"LA0100200","Lake Charles",NA,"LA","West South Central","South","CALCASIEU","City","Cities from 50,000 thru 99,999",71401,120,1,121,22,0,22,142,1,143,2,"LAKE CHARLES POLICE DEPARTMENT                    ","Lake Charles Police Department"
"5371",1993,"LA0380000","Plaquemines",NA,"LA","West South Central","South","PLAQUEMINES","County","MSA counties from 25,000 thru 99,999",25973,107,0,107,34,0,34,141,0,141,5.43,"PLAQUEMINES PARISH SHERIFF'S OFFICE               ","Plaquemines Parish Sheriff's Office"
"5372",1993,"LA0140000","Claiborne",NA,"LA","West South Central","South","CLAIBORNE","County","Non-MSA counties from 10,000 thru 24,999",10320,17,0,17,5,1,6,22,1,23,2.23,"CLAIBORNE PARISH SHERIFF'S OFFICE                 ","Claiborne Parish Sheriff's Office"
"5373",1993,"LA0080000","Bossier",NA,"LA","West South Central","South","BOSSIER","County","MSA counties from 25,000 thru 99,999",32935,76,0,76,23,0,23,99,0,99,3.01,"BOSSIER PARISH SHERIFF'S OFFICE                   ","Bossier Parish Sheriff's Office"
"5374",1993,"LA0090100","Shreveport",NA,"LA","West South Central","South","BOSSIER, CADDO","City","Cities from 100,000 thru 249,999",197379,391,34,425,61,98,159,452,132,584,2.96,"SHREVEPORT POLICE DEPARTMENT                      ","Shreveport Police Department"
"5375",1993,"LA0600200","Springhill",NA,"LA","West South Central","South","WEBSTER","City","Cities from 2,500 thru 9,999",5585,11,0,11,1,0,1,12,0,12,2.15,"SPRINGHILL POLICE DEPARTMENT                      ","Springhill Police Department"
"5376",1993,"LA0530200","Kentwood",NA,"LA","West South Central","South","TANGIPAHOA","City","Cities under 2,500",2474,9,0,9,1,0,1,10,0,10,4.04,"KENTWOOD POLICE DEPARTMENT                        ","Kentwood Police Department"
"5377",1993,"LA0560100","Farmerville",NA,"LA","West South Central","South","UNION","City","Cities from 2,500 thru 9,999",3360,10,0,10,2,0,2,12,0,12,3.57,"FARMERVILLE POLICE DEPARTMENT                     ","Farmerville Police Department"
"5378",1993,"LA0600100","Minden",NA,"LA","West South Central","South","WEBSTER","City","Cities from 10,000 thru 24,999",13487,23,0,23,3,1,4,26,1,27,2,"MINDEN POLICE DEPARTMENT                          ","Minden Police Department"
"5379",1993,"LA0500200","St. Martinville",NA,"LA","West South Central","South","ST MARTIN","City","Cities from 2,500 thru 9,999",7732,14,1,15,2,4,6,16,5,21,2.72,"ST. MARTINVILLE POLICE DEPARTMENT                 ","St. Martinville Police Department"
"5380",1993,"LA0560000","Union",NA,"LA","West South Central","South","UNION","County","Non-MSA counties from 10,000 thru 24,999",17531,21,6,27,3,8,11,24,14,38,2.17,"UNION PARISH SHERIFF'S OFFICE                     ","Union Parish Sheriff's Office"
"5381",1993,"LA0230200","Jeanerette",NA,"LA","West South Central","South","IBERIA","City","Cities from 2,500 thru 9,999",6357,11,0,11,6,0,6,17,0,17,2.67,"JEANERETTE POLICE DEPARTMENT                      ","Jeanerette Police Department"
"5382",1993,"LA0520200","Slidell",NA,"LA","West South Central","South","ST TAMMANY","City","Cities from 25,000 thru 49,999",26269,57,7,64,2,20,22,59,27,86,3.27,"SLIDELL POLICE DEPARTMENT                         ","Slidell Police Department"
"5383",1993,"LA0020100","Kinder",NA,"LA","West South Central","South","ALLEN","City","Cities under 2,500",2308,6,0,6,0,0,0,6,0,6,2.6,"KINDER POLICE DEPARTMENT                          ","Kinder Police Department"
"5384",1993,"LA0550000","Terrebonne",NA,"LA","West South Central","South","TERREBONNE","County","MSA counties from 25,000 thru 99,999",68808,168,0,168,70,0,70,238,0,238,3.46,"TERREBONNE PARISH SHERIFF'S OFFICE                ","Terrebonne Parish Sheriff's Office"
"5385",1993,"LA0401000","Ball",NA,"LA","West South Central","South","RAPIDES","City","Cities from 2,500 thru 9,999",3357,5,1,6,0,0,0,5,1,6,1.79,"BALL POLICE DEPARTMENT                            ","Ball Police Department"
"5386",1993,"LA0320100","Denham Springs",NA,"LA","West South Central","South","LIVINGSTON","City","Cities from 2,500 thru 9,999",8831,16,1,17,0,7,7,16,8,24,2.72,"DENHAM SPRINGS POLICE DEPARTMENT                  ","Denham Springs Police Department"
"5387",1993,"LA0010200","Rayne",NA,"LA","West South Central","South","ACADIA","City","Cities from 2,500 thru 9,999",8749,16,0,16,4,0,4,20,0,20,2.29,"RAYNE POLICE DEPARTMENT                           ","Rayne Police Department"
"5388",1993,"LA0530300","Ponchatoula",NA,"LA","West South Central","South","TANGIPAHOA","City","Cities from 2,500 thru 9,999",5608,13,0,13,2,1,3,15,1,16,2.85,"PONCHATOULA POLICE DEPARTMENT                     ","Ponchatoula Police Department"
"5389",1993,"LA0330000","Madison",NA,"LA","West South Central","South","MADISON","County","Non-MSA counties under 10,000",3755,18,0,18,5,0,5,23,0,23,6.13,"MADISON PARISH SHERIFF'S OFFICE                   ","Madison Parish Sheriff's Office"
"5390",1993,"LANPD0000","New Orleans",NA,"LA","West South Central","South","ORLEANS","City","Cities from 250,000 thru 499,999",491619,1360,129,1489,153,227,380,1513,356,1869,3.8,"NEW ORLEANS POLICE DEPARTMENT                     ","New Orleans Police Department"
"5391",1993,"LA0310300","Grambling",NA,"LA","West South Central","South","LINCOLN","City","Cities from 2,500 thru 9,999",5458,9,1,10,1,1,2,10,2,12,2.2,"GRAMBLING POLICE DEPARTMENT                       ","Grambling Police Department"
"5392",1993,"LA0270000","Jefferson Davis",NA,"LA","West South Central","South","JEFFERSON DAVIS","County","Non-MSA counties from 10,000 thru 24,999",16491,35,9,44,0,15,15,35,24,59,3.58,"JEFFERSON DAVIS PARISH SHERIFF'S OFFICE           ","Jefferson Davis Parish Sheriff's Office"
"5393",1993,"LA0120000","Cameron",NA,"LA","West South Central","South","CAMERON","County","Non-MSA counties under 10,000",9159,62,1,63,17,0,17,79,1,80,8.73,"CAMERON PARISH SHERIFF'S OFFICE                   ","Cameron Parish Sheriff's Office"
"5394",1993,"LA0280300","Lafayette",NA,"LA","West South Central","South","LAFAYETTE","City","Cities from 50,000 thru 99,999",97726,168,8,176,19,48,67,187,56,243,2.49,"LAFAYETTE POLICE DEPARTMENT                       ","Lafayette Police Department"
"5395",1993,"LA0550100","Houma",NA,"LA","West South Central","South","TERREBONNE","City","Cities from 25,000 thru 49,999",31360,48,2,50,4,11,15,52,13,65,2.07,"HOUMA POLICE DEPARTMENT                           ","Houma Police Department"
"5396",1993,"LA0090200","Vivian",NA,"LA","West South Central","South","CADDO","City","Cities from 2,500 thru 9,999",4046,10,0,10,4,0,4,14,0,14,3.46,"VIVIAN POLICE DEPARTMENT                          ","Vivian Police Department"
"5397",1993,"LA0100500","Westlake",NA,"LA","West South Central","South","CALCASIEU","City","Cities from 2,500 thru 9,999",5184,9,0,9,6,0,6,15,0,15,2.89,"WESTLAKE POLICE DEPARTMENT                        ","Westlake Police Department"
"5398",1993,"LA0160100","Mansfield",NA,"LA","West South Central","South","DE SOTO","City","Cities from 2,500 thru 9,999",5201,11,0,11,6,0,6,17,0,17,3.27,"MANSFIELD POLICE DEPARTMENT                       ","Mansfield Police Department"
"5399",1993,"LA0190200","Jackson",NA,"LA","West South Central","South","EAST FELICIANA","City","Cities from 2,500 thru 9,999",4307,4,0,4,0,0,0,4,0,4,0.93,"JACKSON POLICE DEPARTMENT                         ","Jackson Police Department"
"5400",1993,"LA0200300","Ville Platte",NA,"LA","West South Central","South","EVANGELINE","City","Cities from 2,500 thru 9,999",9204,26,0,26,1,0,1,27,0,27,2.93,"VILLE PLATTE POLICE DEPARTMENT                    ","Ville Platte Police Department"
"5401",1992,"LA0150000","Concordia",NA,"LA","West South Central","South","CONCORDIA","County","Non-MSA counties from 10,000 thru 24,999",11950,24,0,24,10,0,10,34,0,34,2.85,"CONCORDIA PARISH SHERIFF'S OFFICE                 ","Concordia Parish Sheriff's Office"
"5402",1992,"LA0060000","Beauregard",NA,"LA","West South Central","South","BEAUREGARD","County","Non-MSA counties from 10,000 thru 24,999",20535,41,9,50,2,14,16,43,23,66,3.21,"BEAUREGARD PARISH SHERIFF'S OFFICE                ","Beauregard Parish Sheriff's Office"
"5403",1992,"LA0550100","Houma",NA,"LA","West South Central","South","TERREBONNE","City","Cities from 25,000 thru 49,999",37853,46,1,47,4,13,17,50,14,64,1.69,"HOUMA POLICE DEPARTMENT                           ","Houma Police Department"
"5404",1992,"LA0070100","Arcadia",NA,"LA","West South Central","South","BIENVILLE","City","Cities from 2,500 thru 9,999",3127,6,0,6,0,0,0,6,0,6,1.92,"ARCADIA POLICE DEPARTMENT                         ","Arcadia Police Department"
"5405",1992,"LA0310700","Louisiana Tech University",NA,"LA","West South Central","South","LINCOLN","University or College","Cities under 2,500",0,15,0,15,3,2,5,18,2,20,NA,"LOUISIANA TECH UNIVERSITY POLICE                  ","Louisiana Tech University Police"
"5406",1992,"LA0430000","Sabine",NA,"LA","West South Central","South","SABINE","County","Non-MSA counties from 10,000 thru 24,999",18036,25,0,25,8,0,8,33,0,33,1.83,"SABINE PARISH SHERIFF'S OFFICE                    ","Sabine Parish Sheriff's Office"
"5407",1992,"LA0420300","Mangham",NA,"LA","West South Central","South","RICHLAND","City","Cities under 2,500",606,3,0,3,0,0,0,3,0,3,4.95,"MANGHAM POLICE DEPARTMENT                         ","Mangham Police Department"
"5408",1992,"LA0100800","McNeese State University",NA,"LA","West South Central","South","CALCASIEU","University or College","Cities under 2,500",0,9,0,9,1,1,2,10,1,11,NA,"MCNEESE STATE UNIVERSITY POLICE                   ","Mcneese State University Police"
"5409",1992,"LA0490100","Eunice",NA,"LA","West South Central","South","ACADIA, ST LANDRY","City","Cities from 10,000 thru 24,999",11337,31,0,31,5,2,7,36,2,38,3.35,"EUNICE POLICE DEPARTMENT                          ","Eunice Police Department"
"5410",1992,"LA0010200","Rayne",NA,"LA","West South Central","South","ACADIA","City","Cities from 2,500 thru 9,999",8636,15,0,15,4,0,4,19,0,19,2.2,"RAYNE POLICE DEPARTMENT                           ","Rayne Police Department"
"5411",1992,"LA0550000","Terrebonne",NA,"LA","West South Central","South","TERREBONNE","County","MSA counties from 25,000 thru 99,999",60667,155,0,155,55,0,55,210,0,210,3.46,"TERREBONNE PARISH SHERIFF'S OFFICE                ","Terrebonne Parish Sheriff's Office"
"5412",1992,"LA0401000","Ball",NA,"LA","West South Central","South","RAPIDES","City","Cities from 2,500 thru 9,999",3357,6,1,7,0,0,0,6,1,7,2.09,"BALL POLICE DEPARTMENT                            ","Ball Police Department"
"5413",1992,"LA0320100","Denham Springs",NA,"LA","West South Central","South","LIVINGSTON","City","Cities from 2,500 thru 9,999",8513,18,0,18,5,2,7,23,2,25,2.94,"DENHAM SPRINGS POLICE DEPARTMENT                  ","Denham Springs Police Department"
"5414",1992,"LA0600000","Webster",NA,"LA","West South Central","South","WEBSTER","County","MSA counties from 10,000 thru 24,999",23018,48,0,48,6,0,6,54,0,54,2.35,"WEBSTER PARISH SHERIFF'S OFFICE                   ","Webster Parish Sheriff's Office"
"5415",1992,"LA0370200","West Monroe",NA,"LA","West South Central","South","OUACHITA","City","Cities from 10,000 thru 24,999",14318,46,4,50,10,1,11,56,5,61,4.26,"WEST MONROE POLICE DEPARTMENT                     ","West Monroe Police Department"
"5416",1992,"LA0430200","Zwolle",NA,"LA","West South Central","South","SABINE","City","Cities under 2,500",1806,3,0,3,0,0,0,3,0,3,1.66,"ZWOLLE POLICE DEPARTMENT                          ","Zwolle Police Department"
"5417",1992,"LA0570000","Vermilion",NA,"LA","West South Central","South","VERMILION","County","Non-MSA counties from 25,000 thru 99,999",34877,63,7,70,5,14,19,68,21,89,2.55,"VERMILION PARISH SHERIFF'S OFFICE                 ","Vermilion Parish Sheriff's Office"
"5418",1992,"LA0080100","Bossier City",NA,"LA","West South Central","South","BOSSIER","City","Cities from 50,000 thru 99,999",53558,117,0,117,14,13,27,131,13,144,2.69,"BOSSIER CITY POLICE DEPT                          ","Bossier City Police Police Department"
"5419",1992,"LA0260100","Gretna",NA,"LA","West South Central","South","JEFFERSON","City","Cities from 10,000 thru 24,999",17480,52,2,54,13,7,20,65,9,74,4.23,"GRETNA POLICE DEPARTMENT                          ","Gretna Police Department"
"5420",1992,"LA0310100","Dubach",NA,"LA","West South Central","South","LINCOLN","City","Cities under 2,500",855,3,0,3,0,0,0,3,0,3,3.51,"DUBACH POLICE DEPT                                ","Dubach Police Police Department"
"5421",1992,"LA0210100","Winnsboro",NA,"LA","West South Central","South","FRANKLIN","City","Cities from 2,500 thru 9,999",5845,11,0,11,4,0,4,15,0,15,2.57,"WINNSBORO POLICE DEPARTMENT                       ","Winnsboro Police Department"
"5422",1992,"LA0220000","Grant",NA,"LA","West South Central","South","GRANT","County","Non-MSA counties from 10,000 thru 24,999",17804,31,0,31,4,0,4,35,0,35,1.97,"GRANT PARISH SHERIFF'S OFFICE                     ","Grant Parish Sheriff's Office"
"5423",1992,"LA0510400","Patterson",NA,"LA","West South Central","South","ST MARY","City","Cities from 2,500 thru 9,999",4810,10,0,10,2,0,2,12,0,12,2.49,"PATTERSON POLICE DEPARTMENT                       ","Patterson Police Department"
"5424",1992,"LA0610000","West Baton Rouge",NA,"LA","West South Central","South","WEST BATON ROUGE","County","MSA counties from 10,000 thru 24,999",13349,44,4,48,3,9,12,47,13,60,4.49,"WEST BATON ROUGE PARISH SHERIFF'S OFFICE          ","West Baton Rouge Parish Sheriff's Office"
"5425",1992,"LA0280300","Lafayette",NA,"LA","West South Central","South","LAFAYETTE","City","Cities from 50,000 thru 99,999",95939,162,16,178,16,50,66,178,66,244,2.54,"LAFAYETTE POLICE DEPARTMENT                       ","Lafayette Police Department"
"5426",1992,"LA0240000","Iberville",NA,"LA","West South Central","South","IBERVILLE","County","Non-MSA counties from 10,000 thru 24,999",24241,65,0,65,36,0,36,101,0,101,4.17,"IBERVILLE PARISH SHERIFF'S OFFICE                 ","Iberville Parish Sheriff's Office"
"5427",1992,"LA0580100","Leesville",NA,"LA","West South Central","South","VERNON","City","Cities from 2,500 thru 9,999",7758,18,0,18,8,0,8,26,0,26,3.35,"LEESVILLE POLICE DEPARTMENT                       ","Leesville Police Department"
"5428",1992,"LA0590200","Franklinton",NA,"LA","West South Central","South","WASHINGTON","City","Cities from 2,500 thru 9,999",4070,12,0,12,1,0,1,13,0,13,3.19,"FRANKLINTON POLICE DEPARTMENT                     ","Franklinton Police Department"
"5429",1992,"LA0170400","Louisiana State University:","Baton Rouge","LA","West South Central","South","EAST BATON ROUGE","University or College","Cities under 2,500",0,49,0,49,10,2,12,59,2,61,NA,"LOUISIANA STATE UNIVERSITY POLICE DEPARTMENT      ","Louisiana State University Police Department"
"5430",1992,"LA0250100","Jonesboro",NA,"LA","West South Central","South","JACKSON","City","Cities from 2,500 thru 9,999",4372,14,0,14,2,0,2,16,0,16,3.66,"JONESBORO POLICE DEPARTMENT                       ","Jonesboro Police Department"
"5431",1992,"LA0340100","Bastrop",NA,"LA","West South Central","South","MOREHOUSE","City","Cities from 10,000 thru 24,999",14136,30,0,30,13,6,19,43,6,49,3.47,"BASTROP POLICE DEPARTMENT                         ","Bastrop Police Department"
"5432",1992,"LA0190000","East Feliciana",NA,"LA","West South Central","South","EAST FELICIANA","County","Non-MSA counties from 10,000 thru 24,999",15563,40,0,40,14,0,14,54,0,54,3.47,"EAST FELICIANA PARISH SHERIFF'S OFFICE            ","East Feliciana Parish Sheriff's Office"
"5433",1992,"LA0290300","Lockport",NA,"LA","West South Central","South","LAFOURCHE","City","Cities from 2,500 thru 9,999",2541,5,0,5,0,0,0,5,0,5,1.97,"LOCKPORT POLICE DEPARTMENT                        ","Lockport Police Department"
"5434",1992,"LA0240200","Plaquemine",NA,"LA","West South Central","South","IBERVILLE","City","Cities from 2,500 thru 9,999",7299,21,0,21,6,1,7,27,1,28,3.84,"PLAQUEMINE POLICE DEPARTMENT                      ","Plaquemine Police Department"
"5435",1992,"LA0170600","Southern University and A&M College:","Baton Rouge","LA","West South Central","South","EAST BATON ROUGE","University or College","Cities under 2,500",0,29,0,29,7,2,9,36,2,38,NA,"SOUTHERN UNIVERSITY AND A & M COLLEGE POLICE      ","Southern University And A & M College Police"
"5436",1992,"LA0020200","Oakdale",NA,"LA","West South Central","South","ALLEN","City","Cities from 2,500 thru 9,999",6939,14,0,14,4,0,4,18,0,18,2.59,"OAKDALE POLICE DEPARTMENT                         ","Oakdale Police Department"
"5437",1992,"LA0500100","Breaux Bridge",NA,"LA","West South Central","South","ST MARTIN","City","Cities from 2,500 thru 9,999",6618,11,1,12,2,3,5,13,4,17,2.57,"BREAUX BRIDGE POLICE DEPARTMENT                   ","Breaux Bridge Police Department"
"5438",1992,"LA0400000","Rapides",NA,"LA","West South Central","South","RAPIDES","County","MSA counties from 25,000 thru 99,999",67106,185,0,185,45,0,45,230,0,230,3.43,"RAPIDES PARISH SHERIFF'S OFFICE                   ","Rapides Parish Sheriff's Office"
"5439",1992,"LA0050300","Simmesport",NA,"LA","West South Central","South","AVOYELLES","City","Cities under 2,500",2124,2,1,3,0,0,0,2,1,3,1.41,"SIMMESPORT POLICE DEPT.                           ","Simmesport Police Police Department"
"5440",1992,"LA0180100","Lake Providence",NA,"LA","West South Central","South","EAST CARROLL","City","Cities from 2,500 thru 9,999",5464,1,7,8,1,6,7,2,13,15,2.75,"LAKE PROVIDENCE POLICE DEPARTMENT                 ","Lake Providence Police Department"
"5441",1992,"LA0430100","Many",NA,"LA","West South Central","South","SABINE","City","Cities from 2,500 thru 9,999",3160,12,0,12,1,0,1,13,0,13,4.11,"MANY POLICE DEPARTMENT                            ","Many Police Department"
"5442",1992,"LA0400700","Woodworth",NA,"LA","West South Central","South","RAPIDES","City","Cities under 2,500",765,2,0,2,0,1,1,2,1,3,3.92,"WOODWORTH POLICE DEPARTMENT                       ","Woodworth Police Department"
"5443",1992,"LA0250000","Jackson",NA,"LA","West South Central","South","JACKSON","County","Non-MSA counties from 10,000 thru 24,999",11580,29,0,29,3,0,3,32,0,32,2.76,"JACKSON PARISH SHERIFF'S OFFICE                   ","Jackson Parish Sheriff's Office"
"5444",1992,"LA0520100","Covington",NA,"LA","West South Central","South","ST TAMMANY","City","Cities from 2,500 thru 9,999",7812,25,1,26,8,0,8,33,1,34,4.35,"COVINGTON POLICE DEPARTMENT                       ","Covington Police Department"
"5445",1992,"LA0060100","De Ridder",NA,"LA","West South Central","South","BEAUREGARD","City","Cities from 10,000 thru 24,999",10023,15,0,15,7,0,7,22,0,22,2.19,"DERIDDER POLICE DEPARTMENT                        ","Deridder Police Department"
"5446",1992,"LA0090000","Caddo",NA,"LA","West South Central","South","CADDO","County","MSA counties from 25,000 thru 99,999",47101,321,0,321,148,0,148,469,0,469,9.96,"CADDO PARISH SHERIFF'S OFFICE                     ","Caddo Parish Sheriff's Office"
"5447",1992,"LA0520300","Mandeville",NA,"LA","West South Central","South","ST TAMMANY","City","Cities from 2,500 thru 9,999",7194,19,0,19,11,0,11,30,0,30,4.17,"MANDEVILLE POLICE DEPARTMENT                      ","Mandeville Police Department"
"5448",1992,"LA0570200","Kaplan",NA,"LA","West South Central","South","VERMILION","City","Cities from 2,500 thru 9,999",4606,11,0,11,5,0,5,16,0,16,3.47,"KAPLAN POLICE DEPARTMENT                          ","Kaplan Police Department"
"5449",1992,"LA0510000","St. Mary",NA,"LA","West South Central","South","ST MARY","County","Non-MSA counties from 10,000 thru 24,999",23427,82,0,82,26,0,26,108,0,108,4.61,"ST. MARY PARISH SHERIFF'S OFFICE                  ","St. Mary Parish Sheriff's Office"
"5450",1992,"LA0520200","Slidell",NA,"LA","West South Central","South","ST TAMMANY","City","Cities from 10,000 thru 24,999",24507,58,6,64,4,20,24,62,26,88,3.59,"SLIDELL POLICE DEPARTMENT                         ","Slidell Police Department"
"5451",1992,"LA0560000","Union",NA,"LA","West South Central","South","UNION","County","Non-MSA counties from 10,000 thru 24,999",17630,21,0,21,10,1,11,31,1,32,1.82,"UNION PARISH SHERIFF'S OFFICE                     ","Union Parish Sheriff's Office"
"5452",1992,"LA0351000","Northwestern State University",NA,"LA","West South Central","South","NATCHITOCHES","University or College","Cities under 2,500",0,12,0,12,2,2,4,14,2,16,NA,"NORTHWESTERN STATE UNIVERSITY OF LOUISIANA POLICE ","Northwestern State University Of Louisiana Police"
"5453",1992,"LA0020100","Kinder",NA,"LA","West South Central","South","ALLEN","City","Cities under 2,500",2281,6,0,6,0,0,0,6,0,6,2.63,"KINDER POLICE DEPARTMENT                          ","Kinder Police Department"
"5454",1992,"LA0500200","St. Martinville",NA,"LA","West South Central","South","ST MARTIN","City","Cities from 2,500 thru 9,999",7250,14,1,15,2,4,6,16,5,21,2.9,"ST. MARTINVILLE POLICE DEPARTMENT                 ","St. Martinville Police Department"
"5455",1992,"LA0370400","University of Louisiana:","Monroe","LA","West South Central","South","OUACHITA","University or College","Cities under 2,500",0,16,0,16,1,4,5,17,4,21,NA,"UNIVERSITY OF LOUISIANA - MONROE POLICE           ","University Of Louisiana - Monroe Police"
"5456",1992,"LA0350000","Natchitoches",NA,"LA","West South Central","South","NATCHITOCHES","County","Non-MSA counties from 10,000 thru 24,999",20398,44,8,52,2,7,9,46,15,61,2.99,"NATCHITOCHES PARISH SHERIFF'S OFFICE              ","Natchitoches Parish Sheriff's Office"
"5457",1992,"LA0290100","Golden Meadow",NA,"LA","West South Central","South","LAFOURCHE","City","Cities under 2,500",2080,5,0,5,0,0,0,5,0,5,2.4,"GOLDEN MEADOW POLICE DEPARTMENT                   ","Golden Meadow Police Department"
"5458",1992,"LA0210000","Franklin",NA,"LA","West South Central","South","FRANKLIN","County","Non-MSA counties from 10,000 thru 24,999",16648,53,0,53,17,0,17,70,0,70,4.2,"FRANKLIN PARISH SHERIFF'S OFFICE                  ","Franklin Parish Sheriff's Office"
"5459",1992,"LA0490000","St. Landry",NA,"LA","West South Central","South","ST LANDRY","County","MSA counties from 25,000 thru 99,999",52020,69,0,69,19,0,19,88,0,88,1.69,"ST. LANDRY PARISH SHERIFF'S OFFICE                ","St. Landry Parish Sheriff's Office"
"5460",1992,"LA0230200","Jeanerette",NA,"LA","West South Central","South","IBERIA","City","Cities from 2,500 thru 9,999",6303,12,0,12,8,0,8,20,0,20,3.17,"JEANERETTE POLICE DEPARTMENT                      ","Jeanerette Police Department"
"5461",1992,"LA0590100","Bogalusa",NA,"LA","West South Central","South","WASHINGTON","City","Cities from 10,000 thru 24,999",14506,34,1,35,2,7,9,36,8,44,3.03,"BOGALUSA POLICE DEPARTMENT                        ","Bogalusa Police Department"
"5462",1992,"LA0130100","Jonesville",NA,"LA","West South Central","South","CATAHOULA","City","Cities from 2,500 thru 9,999",2762,5,0,5,1,1,2,6,1,7,2.53,"JONESVILLE POLICE DEPARTMENT                      ","Jonesville Police Department"
"5463",1992,"LALSP0000","State Police",NA,"LA","West South Central","South","UNMAPPED COUNTY","State Police","Non-MSA counties under 10,000",0,675,115,790,8,235,243,683,350,1033,NA,"LOUISIANA STATE POLICE                            ","Louisiana State Police"
"5464",1992,"LA0510200","Franklin",NA,"LA","West South Central","South","ST MARY","City","Cities from 2,500 thru 9,999",9146,11,3,14,8,1,9,19,4,23,2.51,"FRANKLIN POLICE DEPARTMENT                        ","Franklin Police Department"
"5465",1992,"LA0100200","Lake Charles",NA,"LA","West South Central","South","CALCASIEU","City","Cities from 50,000 thru 99,999",71700,109,1,110,23,0,23,132,1,133,1.85,"LAKE CHARLES POLICE DEPARTMENT                    ","Lake Charles Police Department"
"5466",1992,"LA0030200","Gonzales",NA,"LA","West South Central","South","ASCENSION","City","Cities from 2,500 thru 9,999",7114,21,0,21,6,0,6,27,0,27,3.8,"GONZALES POLICE DEPARTMENT                        ","Gonzales Police Department"
"5467",1992,"LA0310300","Grambling",NA,"LA","West South Central","South","LINCOLN","City","Cities from 2,500 thru 9,999",5570,6,0,6,1,2,3,7,2,9,1.62,"GRAMBLING POLICE DEPARTMENT                       ","Grambling Police Department"
"5468",1992,"LA0450000","St. Charles",NA,"LA","West South Central","South","ST CHARLES","County","MSA counties from 25,000 thru 99,999",43110,102,13,115,14,59,73,116,72,188,4.36,"ST. CHARLES PARISH SHERIFF'S OFFICE               ","St. Charles Parish Sheriff's Office"
"5469",1992,"LA0400200","Pineville",NA,"LA","West South Central","South","RAPIDES","City","Cities from 10,000 thru 24,999",12444,39,0,39,5,0,5,44,0,44,3.54,"PINEVILLE POLICE DEPARTMENT                       ","Pineville Police Department"
"5470",1992,"LA0270200","Jennings",NA,"LA","West South Central","South","JEFFERSON DAVIS","City","Cities from 10,000 thru 24,999",11483,21,5,26,8,2,10,29,7,36,3.14,"JENNINGS POLICE DEPARTMENT                        ","Jennings Police Department"
"5471",1992,"LA0510100","Berwick",NA,"LA","West South Central","South","ST MARY","City","Cities from 2,500 thru 9,999",4444,10,0,10,0,0,0,10,0,10,2.25,"BERWICK POLICE DEPARTMENT                         ","Berwick Police Department"
"5472",1992,"LA0530900","Southeastern Louisiana University",NA,"LA","West South Central","South","TANGIPAHOA","University or College","Cities under 2,500",0,14,0,14,4,3,7,18,3,21,NA,"SOUTHEASTERN LOUISIANA UNIVERSITY POLICE          ","Southeastern Louisiana University Police"
"5473",1992,"LA0370000","Ouachita",NA,"LA","West South Central","South","OUACHITA","County","MSA counties from 25,000 thru 99,999",74347,175,0,175,57,2,59,232,2,234,3.15,"OUACHITA PARISH SHERIFF'S OFFICE                  ","Ouachita Parish Sheriff's Office"
"5474",1992,"LA0470000","St. James",NA,"LA","West South Central","South","ST JAMES","County","Non-MSA counties from 10,000 thru 24,999",21210,53,0,53,13,20,33,66,20,86,4.05,"ST. JAMES PARISH SHERIFF'S OFFICE                 ","St. James Parish Sheriff's Office"
"5475",1992,"LA0300100","Jena",NA,"LA","West South Central","South","LA SALLE","City","Cities from 2,500 thru 9,999",2666,5,0,5,0,0,0,5,0,5,1.88,"JENA POLICE DEPARTMENT                            ","Jena Police Department"
"5476",1992,"LA0520000","St. Tammany",NA,"LA","West South Central","South","ST TAMMANY","County","MSA counties 100,000 or over",107286,236,0,236,80,0,80,316,0,316,2.95,"ST. TAMMANY PARISH SHERIFF'S OFFICE               ","St. Tammany Parish Sheriff's Office"
"5477",1992,"LA0620000","West Carroll",NA,"LA","West South Central","South","WEST CARROLL","County","Non-MSA counties from 10,000 thru 24,999",10124,15,0,15,4,0,4,19,0,19,1.88,"WEST CARROLL PARISH SHERIFF'S OFFICE              ","West Carroll Parish Sheriff's Office"
"5478",1992,"LA0030000","Ascension",NA,"LA","West South Central","South","ASCENSION","County","Non-MSA counties from 25,000 thru 99,999",52023,121,1,122,33,0,33,154,1,155,2.98,"ASCENSION PARISH SHERIFF'S OFFICE                 ","Ascension Parish Sheriff's Office"
"5479",1992,"LA0540000","Tensas",NA,"LA","West South Central","South","TENSAS","County","Non-MSA counties under 10,000",6117,14,0,14,4,3,7,18,3,21,3.43,"TENSAS PARISH SHERIFF'S OFFICE                    ","Tensas Parish Sheriff's Office"
"5480",1992,"LA0310200","Ruston",NA,"LA","West South Central","South","LINCOLN","City","Cities from 10,000 thru 24,999",20345,35,3,38,0,4,4,35,7,42,2.06,"RUSTON POLICE DEPARTMENT                          ","Ruston Police Department"
"5481",1992,"LA0130000","Catahoula",NA,"LA","West South Central","South","CATAHOULA","County","Non-MSA counties under 10,000",8477,21,0,21,5,0,5,26,0,26,3.07,"CATAHOULA PARISH SHERIFF'S OFFICE                 ","Catahoula Parish Sheriff's Office"
"5482",1992,"LA0400100","Alexandria",NA,"LA","West South Central","South","RAPIDES","City","Cities from 25,000 thru 49,999",49968,123,4,127,7,26,33,130,30,160,3.2,"ALEXANDRIA POLICE DEPARTMENT                      ","Alexandria Police Department"
"5483",1992,"LA0290600","Nicholls State University",NA,"LA","West South Central","South","LAFOURCHE","University or College","Cities under 2,500",0,10,2,12,2,2,4,12,4,16,NA,"NICHOLLS STATE UNIVERSITY POLICE                  ","Nicholls State University Police"
"5484",1992,"LA0420000","Richland",NA,"LA","West South Central","South","RICHLAND","County","Non-MSA counties from 10,000 thru 24,999",12648,28,0,28,6,1,7,34,1,35,2.77,"RICHLAND PARISH SHERIFF'S OFFICE                  ","Richland Parish Sheriff's Office"
"5485",1992,"LA0260200","Harahan",NA,"LA","West South Central","South","JEFFERSON","City","Cities from 10,000 thru 24,999",10084,17,0,17,6,0,6,23,0,23,2.28,"HARAHAN POLICE DEPARTMENT                         ","Harahan Police Department"
"5486",1992,"LA0100100","De Quincy",NA,"LA","West South Central","South","CALCASIEU","City","Cities from 2,500 thru 9,999",3528,12,0,12,2,0,2,14,0,14,3.97,"DEQUINCY POLICE DEPARTMENT                        ","Dequincy Police Department"
"5487",1992,"LA0140100","Haynesville",NA,"LA","West South Central","South","CLAIBORNE","City","Cities from 2,500 thru 9,999",2898,6,0,6,1,0,1,7,0,7,2.42,"HAYNESVILLE POLICE DEPT                           ","Haynesville Police Police Department"
"5488",1992,"LA0230000","Iberia",NA,"LA","West South Central","South","IBERIA","County","Non-MSA counties from 25,000 thru 99,999",29870,55,1,56,34,3,37,89,4,93,3.11,"IBERIA PARISH SHERIFF'S OFFICE                    ","Iberia Parish Sheriff's Office"
"5489",1992,"LA0260400","Westwego",NA,"LA","West South Central","South","JEFFERSON","City","Cities from 10,000 thru 24,999",11396,13,0,13,1,0,1,14,0,14,1.23,"WESTWEGO POLICE DEPARTMENT                        ","Westwego Police Department"
"5490",1992,"LA0640000","Winn",NA,"LA","West South Central","South","WINN","County","Non-MSA counties from 10,000 thru 24,999",10291,30,0,30,6,0,6,36,0,36,3.5,"WINN PARISH SHERIFF'S OFFICE                      ","Winn Parish Sheriff's Office"
"5491",1992,"LA0200200","Mamou",NA,"LA","West South Central","South","EVANGELINE","City","Cities from 2,500 thru 9,999",3537,8,0,8,4,0,4,12,0,12,3.39,"MAMOU POLICE DEPARTMENT                           ","Mamou Police Department"
"5492",1992,"LA0610100","Port Allen",NA,"LA","West South Central","South","WEST BATON ROUGE","City","Cities from 2,500 thru 9,999",6376,18,0,18,4,0,4,22,0,22,3.45,"PORT ALLEN POLICE DEPARTMENT                      ","Port Allen Police Department"
"5493",1992,"LA0510500","Baldwin",NA,"LA","West South Central","South","ST MARY","City","Cities under 2,500",2416,5,0,5,1,0,1,6,0,6,2.48,"BALDWIN POLICE DEPARTMENT                         ","Baldwin Police Department"
"5494",1992,"LA0340000","Morehouse",NA,"LA","West South Central","South","MOREHOUSE","County","Non-MSA counties from 10,000 thru 24,999",17657,40,10,50,5,11,16,45,21,66,3.74,"MOREHOUSE PARISH SHERIFF'S OFFICE                 ","Morehouse Parish Sheriff's Office"
"5495",1992,"LA0120000","Cameron",NA,"LA","West South Central","South","CAMERON","County","Non-MSA counties under 10,000",9406,54,1,55,18,0,18,72,1,73,7.76,"CAMERON PARISH SHERIFF'S OFFICE                   ","Cameron Parish Sheriff's Office"
"5496",1992,"LA0390100","New Roads",NA,"LA","West South Central","South","POINTE COUPEE","City","Cities from 2,500 thru 9,999",5386,13,2,15,0,2,2,13,4,17,3.16,"NEW ROADS POLICE DEPARTMENT                       ","New Roads Police Department"
"5497",1992,"LA0490200","Opelousas",NA,"LA","West South Central","South","ST LANDRY","City","Cities from 10,000 thru 24,999",18438,37,1,38,3,7,10,40,8,48,2.6,"OPELOUSAS POLICE DEPARTMENT                       ","Opelousas Police Department"
"5498",1992,"LA0320000","Livingston",NA,"LA","West South Central","South","LIVINGSTON","County","MSA counties from 25,000 thru 99,999",63131,80,0,80,39,0,39,119,0,119,1.88,"LIVINGSTON PARISH SHERIFF'S OFFICE                ","Livingston Parish Sheriff's Office"
"5499",1992,"LA0280000","Lafayette",NA,"LA","West South Central","South","LAFAYETTE","County","MSA counties from 25,000 thru 99,999",71438,317,0,317,94,0,94,411,0,411,5.75,"LAFAYETTE PARISH SHERIFF'S OFFICE                 ","Lafayette Parish Sheriff's Office"
"5500",1992,"LA0070000","Bienville",NA,"LA","West South Central","South","BIENVILLE","County","Non-MSA counties from 10,000 thru 24,999",13103,24,6,30,3,3,6,27,9,36,2.75,"BIENVILLE PARISH SHERIFF'S OFFICE                 ","Bienville Parish Sheriff's Office"
"5501",1992,"LA0020000","Allen",NA,"LA","West South Central","South","ALLEN","County","Non-MSA counties from 10,000 thru 24,999",12340,30,0,30,7,0,7,37,0,37,3,"ALLEN PARISH SHERIFF'S OFFICE                     ","Allen Parish Sheriff's Office"
"5502",1992,"LA0500000","St. Martin",NA,"LA","West South Central","South","ST MARTIN","County","MSA counties from 25,000 thru 99,999",30401,83,1,84,40,0,40,123,1,124,4.08,"ST. MARTIN PARISH SHERIFF'S OFFICE                ","St. Martin Parish Sheriff's Office"
"5503",1992,"LA0010000","Acadia",NA,"LA","West South Central","South","ACADIA","County","MSA counties from 25,000 thru 99,999",28982,70,0,70,5,15,20,75,15,90,3.11,"ACADIA PARISH SHERIFF'S OFFICE                    ","Acadia Parish Sheriff's Office"
"5504",1992,"LA0570100","Abbeville",NA,"LA","West South Central","South","VERMILION","City","Cities from 10,000 thru 24,999",11363,27,5,32,6,0,6,33,5,38,3.34,"ABBEVILLE POLICE DEPARTMENT                       ","Abbeville Police Department"
"5505",1992,"LA0640100","Winnfield",NA,"LA","West South Central","South","WINN","City","Cities from 2,500 thru 9,999",6234,13,0,13,3,1,4,16,1,17,2.73,"WINNFIELD POLICE DEPT                             ","Winnfield Police Police Department"
"5506",1992,"LA0170300","Zachary",NA,"LA","West South Central","South","EAST BATON ROUGE","City","Cities from 2,500 thru 9,999",9178,18,1,19,4,1,5,22,2,24,2.61,"ZACHARY POLICE DEPARTMENT                         ","Zachary Police Department"
"5507",1992,"LA0530100","Hammond",NA,"LA","West South Central","South","TANGIPAHOA","City","Cities from 10,000 thru 24,999",16122,43,12,55,5,7,12,48,19,67,4.16,"HAMMOND POLICE DEPARTMENT                         ","Hammond Police Department"
"5508",1992,"LA0050100","Bunkie",NA,"LA","West South Central","South","AVOYELLES","City","Cities from 2,500 thru 9,999",5123,12,0,12,3,0,3,15,0,15,2.93,"BUNKIE POLICE DEPARTMENT                          ","Bunkie Police Department"
"5509",1992,"LA0380000","Plaquemines",NA,"LA","West South Central","South","PLAQUEMINES","County","Non-MSA counties from 25,000 thru 99,999",25981,99,0,99,28,4,32,127,4,131,5.04,"PLAQUEMINES PARISH SHERIFF'S OFFICE               ","Plaquemines Parish Sheriff's Office"
"5510",1992,"LA0110000","Caldwell",NA,"LA","West South Central","South","CALDWELL","County","Non-MSA counties under 10,000",9965,22,0,22,5,0,5,27,0,27,2.71,"CALDWELL PARISH SHERIFF'S OFFICE                  ","Caldwell Parish Sheriff's Office"
"5511",1992,"LA0170100","Baker",NA,"LA","West South Central","South","EAST BATON ROUGE","City","Cities from 10,000 thru 24,999",13442,25,0,25,7,0,7,32,0,32,2.38,"BAKER POLICE DEPARTMENT                           ","Baker Police Department"
"5512",1992,"LA0260000","Jefferson",NA,"LA","West South Central","South","JEFFERSON","County","MSA counties 100,000 or over",343286,690,194,884,88,273,361,778,467,1245,3.63,"JEFFERSON PARISH SHERIFF'S OFFICE                 ","Jefferson Parish Sheriff's Office"
"5513",1992,"LA0040000","Assumption",NA,"LA","West South Central","South","ASSUMPTION","County","Non-MSA counties from 10,000 thru 24,999",23113,38,2,40,1,6,7,39,8,47,2.03,"ASSUMPTION PARISH SHERIFF'S OFFICE                ","Assumption Parish Sheriff's Office"
"5514",1992,"LA0150200","Vidalia",NA,"LA","West South Central","South","CONCORDIA","City","Cities from 2,500 thru 9,999",5031,12,0,12,5,0,5,17,0,17,3.38,"VIDALIA POLICE DEPARTMENT                         ","Vidalia Police Department"
"5515",1992,"LA0200000","Evangeline",NA,"LA","West South Central","South","EVANGELINE","County","Non-MSA counties from 10,000 thru 24,999",21083,31,0,31,13,0,13,44,0,44,2.09,"EVANGELINE PARISH SHERIFF'S OFFICE                ","Evangeline Parish Sheriff's Office"
"5516",1992,"LA0420200","Rayville",NA,"LA","West South Central","South","RICHLAND","City","Cities from 2,500 thru 9,999",4480,7,0,7,0,0,0,7,0,7,1.56,"RAYVILLE POLICE DEPARTMENT                        ","Rayville Police Department"
"5517",1992,"LA0080000","Bossier",NA,"LA","West South Central","South","BOSSIER","County","MSA counties from 25,000 thru 99,999",33090,67,0,67,23,0,23,90,0,90,2.72,"BOSSIER PARISH SHERIFF'S OFFICE                   ","Bossier Parish Sheriff's Office"
"5518",1992,"LA0140000","Claiborne",NA,"LA","West South Central","South","CLAIBORNE","County","Non-MSA counties from 10,000 thru 24,999",10563,17,0,17,5,1,6,22,1,23,2.18,"CLAIBORNE PARISH SHERIFF'S OFFICE                 ","Claiborne Parish Sheriff's Office"
"5519",1992,"LA0510300","Morgan City",NA,"LA","West South Central","South","ST MARY","City","Cities from 10,000 thru 24,999",14761,24,9,33,6,12,18,30,21,51,3.46,"MORGAN CITY POLICE DEPARTMENT                     ","Morgan City Police Department"
"5520",1992,"LA0090100","Shreveport",NA,"LA","West South Central","South","BOSSIER, CADDO","City","Cities from 100,000 thru 249,999",201676,374,25,399,51,101,152,425,126,551,2.73,"SHREVEPORT POLICE DEPARTMENT                      ","Shreveport Police Department"
"5521",1992,"LA0160100","Mansfield",NA,"LA","West South Central","South","DE SOTO","City","Cities from 2,500 thru 9,999",5473,12,0,12,5,0,5,17,0,17,3.11,"MANSFIELD POLICE DEPARTMENT                       ","Mansfield Police Department"
"5522",1992,"LA0530200","Kentwood",NA,"LA","West South Central","South","TANGIPAHOA","City","Cities from 2,500 thru 9,999",2506,9,0,9,1,0,1,10,0,10,3.99,"KENTWOOD POLICE DEPARTMENT                        ","Kentwood Police Department"
"5523",1992,"LA0600100","Minden",NA,"LA","West South Central","South","WEBSTER","City","Cities from 10,000 thru 24,999",13877,21,0,21,3,1,4,24,1,25,1.8,"MINDEN POLICE DEPARTMENT                          ","Minden Police Department"
"5524",1992,"LA0200300","Ville Platte",NA,"LA","West South Central","South","EVANGELINE","City","Cities from 2,500 thru 9,999",9179,26,0,26,2,0,2,28,0,28,3.05,"VILLE PLATTE POLICE DEPARTMENT                    ","Ville Platte Police Department"
"5525",1992,"LA0090200","Vivian",NA,"LA","West South Central","South","CADDO","City","Cities from 2,500 thru 9,999",4221,9,0,9,4,0,4,13,0,13,3.08,"VIVIAN POLICE DEPARTMENT                          ","Vivian Police Department"
"5526",1992,"LA0100500","Westlake",NA,"LA","West South Central","South","CALCASIEU","City","Cities from 2,500 thru 9,999",5086,9,0,9,6,0,6,15,0,15,2.95,"WESTLAKE POLICE DEPARTMENT                        ","Westlake Police Department"
"5527",1992,"LA0100300","Sulphur",NA,"LA","West South Central","South","CALCASIEU","City","Cities from 10,000 thru 24,999",20443,33,2,35,1,6,7,34,8,42,2.05,"SULPHUR POLICE DEPARTMENT                         ","Sulphur Police Department"
"5528",1992,"LA0350100","Natchitoches",NA,"LA","West South Central","South","NATCHITOCHES","City","Cities from 10,000 thru 24,999",16872,34,1,35,8,1,9,42,2,44,2.61,"NATCHITOCHES POLICE DEPARTMENT                    ","Natchitoches Police Department"
"5529",1992,"LA0330100","Tallulah",NA,"LA","West South Central","South","MADISON","City","Cities from 2,500 thru 9,999",8660,9,0,9,4,0,4,13,0,13,1.5,"TALLULAH POLICE DEPT.                             ","Tallulah Police Police Department"
"5530",1992,"LA0530000","Tangipahoa",NA,"LA","West South Central","South","TANGIPAHOA","County","Non-MSA counties from 25,000 thru 99,999",58625,141,2,143,53,0,53,194,2,196,3.34,"TANGIPAHOA PARISH SHERIFF'S OFFICE                ","Tangipahoa Parish Sheriff's Office"
"5531",1992,"LA0260300","Kenner",NA,"LA","West South Central","South","JEFFERSON","City","Cities from 50,000 thru 99,999",73176,101,9,110,9,26,35,110,35,145,1.98,"KENNER POLICE DEPARTMENT                          ","Kenner Police Department"
"5532",1992,"LA0630000","West Feliciana",NA,"LA","West South Central","South","WEST FELICIANA","County","Non-MSA counties from 10,000 thru 24,999",13120,25,0,25,5,0,5,30,0,30,2.29,"WEST FELICIANA PARISH SHERIFF'S OFFICE            ","West Feliciana Parish Sheriff's Office"
"5533",1992,"LA0270400","Welsh",NA,"LA","West South Central","South","JEFFERSON DAVIS","City","Cities from 2,500 thru 9,999",3351,8,0,8,4,4,8,12,4,16,4.77,"WELSH POLICE DEPARTMENT                           ","Welsh Police Department"
"5534",1992,"LA0530400","Amite",NA,"LA","West South Central","South","TANGIPAHOA","City","Cities from 2,500 thru 9,999",4303,13,0,13,3,0,3,16,0,16,3.72,"AMITE POLICE DEPARTMENT                           ","Amite Police Department"
"5535",1991,"LA0170000","East Baton Rouge",NA,"LA","West South Central","South","EAST BATON ROUGE","County","MSA counties 100,000 or over",125098,548,0,548,120,0,120,668,0,668,5.34,"EAST BATON ROUGE PARISH SHERIFF'S OFFICE          ","East Baton Rouge Parish Sheriff's Office"
"5536",1991,"LA0180000","East Carroll",NA,"LA","West South Central","South","EAST CARROLL","County","Non-MSA counties under 10,000",4361,53,0,53,10,0,10,63,0,63,14.45,"EAST CARROLL PARISH SHERIFF'S OFFICE              ","East Carroll Parish Sheriff's Office"
"5537",1991,"LA0230000","Iberia",NA,"LA","West South Central","South","IBERIA","County","Non-MSA counties from 25,000 thru 99,999",29627,28,63,91,2,51,53,30,114,144,4.86,"IBERIA PARISH SHERIFF'S OFFICE                    ","Iberia Parish Sheriff's Office"
"5538",1991,"LA0490200","Opelousas",NA,"LA","West South Central","South","ST LANDRY","City","Cities from 10,000 thru 24,999",18288,37,1,38,3,3,6,40,4,44,2.41,"OPELOUSAS POLICE DEPARTMENT                       ","Opelousas Police Department"
"5539",1991,"LA0320000","Livingston",NA,"LA","West South Central","South","LIVINGSTON","County","MSA counties from 25,000 thru 99,999",62616,78,1,79,40,0,40,118,1,119,1.9,"LIVINGSTON PARISH SHERIFF'S OFFICE                ","Livingston Parish Sheriff's Office"
"5540",1991,"LA0200200","Mamou",NA,"LA","West South Central","South","EVANGELINE","City","Cities from 2,500 thru 9,999",3509,8,0,8,4,0,4,12,0,12,3.42,"MAMOU POLICE DEPARTMENT                           ","Mamou Police Department"
"5541",1991,"LA0390100","New Roads",NA,"LA","West South Central","South","POINTE COUPEE","City","Cities from 2,500 thru 9,999",5343,13,3,16,0,2,2,13,5,18,3.37,"NEW ROADS POLICE DEPARTMENT                       ","New Roads Police Department"
"5542",1991,"LA0210000","Franklin",NA,"LA","West South Central","South","FRANKLIN","County","Non-MSA counties from 10,000 thru 24,999",16513,33,1,34,9,0,9,42,1,43,2.6,"FRANKLIN PARISH SHERIFF'S OFFICE                  ","Franklin Parish Sheriff's Office"
"5543",1991,"LA0490000","St. Landry",NA,"LA","West South Central","South","ST LANDRY","County","Non-MSA counties from 25,000 thru 99,999",51596,83,0,83,28,0,28,111,0,111,2.15,"ST. LANDRY PARISH SHERIFF'S OFFICE                ","St. Landry Parish Sheriff's Office"
"5544",1991,"LA0100000","Calcasieu",NA,"LA","West South Central","South","CALCASIEU","County","MSA counties from 25,000 thru 99,999",66293,355,0,355,105,0,105,460,0,460,6.94,"CALCASIEU PARISH SHERIFF'S OFFICE                 ","Calcasieu Parish Sheriff's Office"
"5545",1991,"LA0300000","La Salle",NA,"LA","West South Central","South","LA SALLE","County","Non-MSA counties from 10,000 thru 24,999",11119,27,0,27,5,0,5,32,0,32,2.88,"LA SALLE PARISH SHERIFF'S OFFICE                  ","La Salle Parish Sheriff's Office"
"5546",1991,"LA0310000","Lincoln",NA,"LA","West South Central","South","LINCOLN","County","Non-MSA counties from 10,000 thru 24,999",15507,28,0,28,7,0,7,35,0,35,2.26,"LINCOLN PARISH SHERIFF'S OFFICE                   ","Lincoln Parish Sheriff's Office"
"5547",1991,"LA0170300","Zachary",NA,"LA","West South Central","South","EAST BATON ROUGE","City","Cities from 2,500 thru 9,999",9104,17,1,18,5,1,6,22,2,24,2.64,"ZACHARY POLICE DEPARTMENT                         ","Zachary Police Department"
"5548",1991,"LA0330100","Tallulah",NA,"LA","West South Central","South","MADISON","City","Cities from 2,500 thru 9,999",8590,13,0,13,5,0,5,18,0,18,2.1,"TALLULAH POLICE DEPT.                             ","Tallulah Police Police Department"
"5549",1991,"LA0350100","Natchitoches",NA,"LA","West South Central","South","NATCHITOCHES","City","Cities from 10,000 thru 24,999",16735,37,1,38,9,0,9,46,1,47,2.81,"NATCHITOCHES POLICE DEPARTMENT                    ","Natchitoches Police Department"
"5550",1991,"LA0230300","New Iberia",NA,"LA","West South Central","South","IBERIA","City","Cities from 25,000 thru 49,999",32069,46,7,53,10,15,25,56,22,78,2.43,"NEW IBERIA PD                                     ","New Iberia Police Department"
"5551",1991,"LA0580100","Leesville",NA,"LA","West South Central","South","VERNON","City","Cities from 2,500 thru 9,999",7695,18,1,19,9,0,9,27,1,28,3.64,"LEESVILLE POLICE DEPARTMENT                       ","Leesville Police Department"
"5552",1991,"LA0590200","Franklinton",NA,"LA","West South Central","South","WASHINGTON","City","Cities from 2,500 thru 9,999",4037,12,0,12,2,0,2,14,0,14,3.47,"FRANKLINTON POLICE DEPARTMENT                     ","Franklinton Police Department"
"5553",1991,"LA0170400","Louisiana State University:","Baton Rouge","LA","West South Central","South","EAST BATON ROUGE","University or College","Cities under 2,500",0,48,0,48,4,2,6,52,2,54,NA,"LOUISIANA STATE UNIVERSITY POLICE DEPARTMENT      ","Louisiana State University Police Department"
"5554",1991,"LA0480000","St. John the Baptist",NA,"LA","West South Central","South","ST JOHN THE BAPTIST","County","MSA counties from 25,000 thru 99,999",40299,120,4,124,33,3,36,153,7,160,3.97,"ST. JOHN THE BAPTIST PARISH SHERIFF'S OFFICE      ","St. John The Baptist Parish Sheriff's Office"
"5555",1991,"LA0250100","Jonesboro",NA,"LA","West South Central","South","JACKSON","City","Cities from 2,500 thru 9,999",4337,10,0,10,3,0,3,13,0,13,3,"JONESBORO POLICE DEPARTMENT                       ","Jonesboro Police Department"
"5556",1991,"LA0190000","East Feliciana",NA,"LA","West South Central","South","EAST FELICIANA","County","Non-MSA counties from 10,000 thru 24,999",15436,41,0,41,13,0,13,54,0,54,3.5,"EAST FELICIANA PARISH SHERIFF'S OFFICE            ","East Feliciana Parish Sheriff's Office"
"5557",1991,"LA0170600","Southern University and A&M College:","Baton Rouge","LA","West South Central","South","EAST BATON ROUGE","University or College","Cities under 2,500",0,28,5,33,6,2,8,34,7,41,NA,"SOUTHERN UNIVERSITY AND A & M COLLEGE POLICE      ","Southern University And A & M College Police"
"5558",1991,"LA0240200","Plaquemine",NA,"LA","West South Central","South","IBERVILLE","City","Cities from 2,500 thru 9,999",7240,22,0,22,5,1,6,27,1,28,3.87,"PLAQUEMINE POLICE DEPARTMENT                      ","Plaquemine Police Department"
"5559",1991,"LA0310200","Ruston",NA,"LA","West South Central","South","LINCOLN","City","Cities from 10,000 thru 24,999",20179,33,2,35,0,5,5,33,7,40,1.98,"RUSTON POLICE DEPARTMENT                          ","Ruston Police Department"
"5560",1991,"LA0400100","Alexandria",NA,"LA","West South Central","South","RAPIDES","City","Cities from 25,000 thru 49,999",49561,120,5,125,6,22,28,126,27,153,3.09,"ALEXANDRIA POLICE DEPARTMENT                      ","Alexandria Police Department"
"5561",1991,"LA0130000","Catahoula",NA,"LA","West South Central","South","CATAHOULA","County","Non-MSA counties under 10,000",8408,23,0,23,2,0,2,25,0,25,2.97,"CATAHOULA PARISH SHERIFF'S OFFICE                 ","Catahoula Parish Sheriff's Office"
"5562",1991,"LA0420300","Mangham",NA,"LA","West South Central","South","RICHLAND","City","Cities under 2,500",602,3,0,3,0,0,0,3,0,3,4.98,"MANGHAM POLICE DEPARTMENT                         ","Mangham Police Department"
"5563",1991,"LA0310700","Louisiana Tech University",NA,"LA","West South Central","South","LINCOLN","University or College","Cities under 2,500",0,15,0,15,3,2,5,18,2,20,NA,"LOUISIANA TECH UNIVERSITY POLICE                  ","Louisiana Tech University Police"
"5564",1991,"LA0430000","Sabine",NA,"LA","West South Central","South","SABINE","County","Non-MSA counties from 10,000 thru 24,999",17889,22,0,22,6,1,7,28,1,29,1.62,"SABINE PARISH SHERIFF'S OFFICE                    ","Sabine Parish Sheriff's Office"
"5565",1991,"LA0410000","Red River",NA,"LA","West South Central","South","RED RIVER","County","Non-MSA counties under 10,000",9458,32,1,33,6,1,7,38,2,40,4.23,"RED RIVER PARISH SHERIFF'S OFFICE                 ","Red River Parish Sheriff's Office"
"5566",1991,"LA0490100","Eunice",NA,"LA","West South Central","South","ACADIA, ST LANDRY","City","Cities from 10,000 thru 24,999",11246,30,1,31,2,4,6,32,5,37,3.29,"EUNICE POLICE DEPARTMENT                          ","Eunice Police Department"
"5567",1991,"LA0150100","Ferriday",NA,"LA","West South Central","South","CONCORDIA","City","Cities from 2,500 thru 9,999",4142,14,0,14,4,1,5,18,1,19,4.59,"FERRIDAY POLICE DEPARTMENT                        ","Ferriday Police Department"
"5568",1991,"LA0100800","McNeese State University",NA,"LA","West South Central","South","CALCASIEU","University or College","Cities under 2,500",0,10,0,10,2,1,3,12,1,13,NA,"MCNEESE STATE UNIVERSITY POLICE                   ","Mcneese State University Police"
"5569",1991,"LA0440000","St. Bernard",NA,"LA","West South Central","South","ST BERNARD","County","MSA counties from 25,000 thru 99,999",67136,81,32,113,15,23,38,96,55,151,2.25,"ST. BERNARD PARISH SHERIFF'S OFFICE               ","St. Bernard Parish Sheriff's Office"
"5570",1991,"LA0260400","Westwego",NA,"LA","West South Central","South","JEFFERSON","City","Cities from 10,000 thru 24,999",11303,12,0,12,2,0,2,14,0,14,1.24,"WESTWEGO POLICE DEPARTMENT                        ","Westwego Police Department"
"5571",1991,"LA0460000","St. Helena",NA,"LA","West South Central","South","ST HELENA","County","Non-MSA counties under 10,000",9948,15,7,22,2,3,5,17,10,27,2.71,"ST. HELENA PARISH SHERIFF'S OFFICE                ","St. Helena Parish Sheriff's Office"
"5572",1991,"LA0630000","West Feliciana",NA,"LA","West South Central","South","WEST FELICIANA","County","Non-MSA counties from 10,000 thru 24,999",13013,23,0,23,5,0,5,28,0,28,2.15,"WEST FELICIANA PARISH SHERIFF'S OFFICE            ","West Feliciana Parish Sheriff's Office"
"5573",1991,"LA0530000","Tangipahoa",NA,"LA","West South Central","South","TANGIPAHOA","County","Non-MSA counties from 25,000 thru 99,999",58147,158,0,158,52,0,52,210,0,210,3.61,"TANGIPAHOA PARISH SHERIFF'S OFFICE                ","Tangipahoa Parish Sheriff's Office"
"5574",1991,"LA0310100","Dubach",NA,"LA","West South Central","South","LINCOLN","City","Cities under 2,500",849,3,0,3,0,0,0,3,0,3,3.53,"DUBACH POLICE DEPT                                ","Dubach Police Police Department"
"5575",1991,"LA0260100","Gretna",NA,"LA","West South Central","South","JEFFERSON","City","Cities from 10,000 thru 24,999",17338,52,1,53,14,7,21,66,8,74,4.27,"GRETNA POLICE DEPARTMENT                          ","Gretna Police Department"
"5576",1991,"LA0150200","Vidalia",NA,"LA","West South Central","South","CONCORDIA","City","Cities from 2,500 thru 9,999",4990,12,4,16,0,0,0,12,4,16,3.21,"VIDALIA POLICE DEPARTMENT                         ","Vidalia Police Department"
"5577",1991,"LA0260300","Kenner",NA,"LA","West South Central","South","JEFFERSON","City","Cities from 50,000 thru 99,999",72579,102,13,115,6,27,33,108,40,148,2.04,"KENNER POLICE DEPARTMENT                          ","Kenner Police Department"
"5578",1991,"LA0040000","Assumption",NA,"LA","West South Central","South","ASSUMPTION","County","Non-MSA counties from 10,000 thru 24,999",22925,36,4,40,0,7,7,36,11,47,2.05,"ASSUMPTION PARISH SHERIFF'S OFFICE                ","Assumption Parish Sheriff's Office"
"5579",1991,"LA0270400","Welsh",NA,"LA","West South Central","South","JEFFERSON DAVIS","City","Cities from 2,500 thru 9,999",3324,6,0,6,4,0,4,10,0,10,3.01,"WELSH POLICE DEPARTMENT                           ","Welsh Police Department"
"5580",1991,"LA0200000","Evangeline",NA,"LA","West South Central","South","EVANGELINE","County","Non-MSA counties from 10,000 thru 24,999",20911,31,0,31,12,0,12,43,0,43,2.06,"EVANGELINE PARISH SHERIFF'S OFFICE                ","Evangeline Parish Sheriff's Office"
"5581",1991,"LA0080100","Bossier City",NA,"LA","West South Central","South","BOSSIER","City","Cities from 50,000 thru 99,999",53121,111,1,112,15,13,28,126,14,140,2.64,"BOSSIER CITY POLICE DEPT                          ","Bossier City Police Police Department"
"5582",1991,"LA0220000","Grant",NA,"LA","West South Central","South","GRANT","County","Non-MSA counties from 10,000 thru 24,999",17659,35,0,35,5,0,5,40,0,40,2.27,"GRANT PARISH SHERIFF'S OFFICE                     ","Grant Parish Sheriff's Office"
"5583",1991,"LA0570000","Vermilion",NA,"LA","West South Central","South","VERMILION","County","Non-MSA counties from 25,000 thru 99,999",34593,68,0,68,19,0,19,87,0,87,2.51,"VERMILION PARISH SHERIFF'S OFFICE                 ","Vermilion Parish Sheriff's Office"
"5584",1991,"LA0050200","Marksville",NA,"LA","West South Central","South","AVOYELLES","City","Cities from 2,500 thru 9,999",5567,11,0,11,1,0,1,12,0,12,2.16,"MARKSVILLE POLICE DEPARTMENT                      ","Marksville Police Department"
"5585",1991,"LA0620100","Oak Grove",NA,"LA","West South Central","South","WEST CARROLL","City","Cities under 2,500",2142,5,0,5,1,0,1,6,0,6,2.8,"OAK GROVE POLICE DEPARTMENT                       ","Oak Grove Police Department"
"5586",1991,"LA0210100","Winnsboro",NA,"LA","West South Central","South","FRANKLIN","City","Cities from 2,500 thru 9,999",5798,8,0,8,2,0,2,10,0,10,1.72,"WINNSBORO POLICE DEPARTMENT                       ","Winnsboro Police Department"
"5587",1991,"LA0500300","Parks",NA,"LA","West South Central","South","ST MARTIN","City","Cities under 2,500",403,1,0,1,0,0,0,1,0,1,2.48,"PARKS POLICE DEPARTMENT                           ","Parks Police Department"
"5588",1991,"LA0010100","Crowley",NA,"LA","West South Central","South","ACADIA","City","Cities from 10,000 thru 24,999",14089,26,0,26,3,2,5,29,2,31,2.2,"CROWLEY POLICE DEPARTMENT                         ","Crowley Police Department"
"5589",1991,"LA0500100","Breaux Bridge",NA,"LA","West South Central","South","ST MARTIN","City","Cities from 2,500 thru 9,999",6564,10,1,11,1,4,5,11,5,16,2.44,"BREAUX BRIDGE POLICE DEPARTMENT                   ","Breaux Bridge Police Department"
"5590",1991,"LA0530100","Hammond",NA,"LA","West South Central","South","TANGIPAHOA","City","Cities from 10,000 thru 24,999",15991,44,0,44,11,0,11,55,0,55,3.44,"HAMMOND POLICE DEPARTMENT                         ","Hammond Police Department"
"5591",1991,"LA0640100","Winnfield",NA,"LA","West South Central","South","WINN","City","Cities from 2,500 thru 9,999",6184,11,0,11,3,1,4,14,1,15,2.43,"WINNFIELD POLICE DEPT                             ","Winnfield Police Police Department"
"5592",1991,"LA0570100","Abbeville",NA,"LA","West South Central","South","VERMILION","City","Cities from 10,000 thru 24,999",11271,29,1,30,8,0,8,37,1,38,3.37,"ABBEVILLE POLICE DEPARTMENT                       ","Abbeville Police Department"
"5593",1991,"LA0340100","Bastrop",NA,"LA","West South Central","South","MOREHOUSE","City","Cities from 10,000 thru 24,999",14021,30,0,30,8,6,14,38,6,44,3.14,"BASTROP POLICE DEPARTMENT                         ","Bastrop Police Department"
"5594",1991,"LA0290300","Lockport",NA,"LA","West South Central","South","LAFOURCHE","City","Cities from 2,500 thru 9,999",2521,4,0,4,0,0,0,4,0,4,1.59,"LOCKPORT POLICE DEPARTMENT                        ","Lockport Police Department"
"5595",1991,"LA0020200","Oakdale",NA,"LA","West South Central","South","ALLEN","City","Cities from 2,500 thru 9,999",6883,14,0,14,4,0,4,18,0,18,2.62,"OAKDALE POLICE DEPARTMENT                         ","Oakdale Police Department"
"5596",1991,"LA0590100","Bogalusa",NA,"LA","West South Central","South","WASHINGTON","City","Cities from 10,000 thru 24,999",14388,32,3,35,2,7,9,34,10,44,3.06,"BOGALUSA POLICE DEPARTMENT                        ","Bogalusa Police Department"
"5597",1991,"LA0260200","Harahan",NA,"LA","West South Central","South","JEFFERSON","City","Cities from 10,000 thru 24,999",10002,18,0,18,7,0,7,25,0,25,2.5,"HARAHAN POLICE DEPARTMENT                         ","Harahan Police Department"
"5598",1991,"LA0140100","Haynesville",NA,"LA","West South Central","South","CLAIBORNE","City","Cities from 2,500 thru 9,999",2875,7,0,7,1,0,1,8,0,8,2.78,"HAYNESVILLE POLICE DEPT                           ","Haynesville Police Police Department"
"5599",1991,"LA0170200","Baton Rouge",NA,"LA","West South Central","South","EAST BATON ROUGE","City","Cities from 100,000 thru 249,999",235453,516,32,548,101,93,194,617,125,742,3.15,"BATON ROUGE POLICE DEPARTMENT                     ","Baton Rouge Police Department"
"5600",1991,"LA0100100","De Quincy",NA,"LA","West South Central","South","CALCASIEU","City","Cities from 2,500 thru 9,999",3500,10,0,10,2,0,2,12,0,12,3.43,"DEQUINCY POLICE DEPARTMENT                        ","Dequincy Police Department"
"5601",1991,"LA0420000","Richland",NA,"LA","West South Central","South","RICHLAND","County","Non-MSA counties from 10,000 thru 24,999",12545,24,0,24,6,1,7,30,1,31,2.47,"RICHLAND PARISH SHERIFF'S OFFICE                  ","Richland Parish Sheriff's Office"
"5602",1991,"LA0290600","Nicholls State University",NA,"LA","West South Central","South","LAFOURCHE","University or College","Cities under 2,500",0,11,0,11,2,0,2,13,0,13,NA,"NICHOLLS STATE UNIVERSITY POLICE                  ","Nicholls State University Police"
"5603",1991,"LA0510300","Morgan City",NA,"LA","West South Central","South","ST MARY","City","Cities from 10,000 thru 24,999",14641,27,3,30,15,1,16,42,4,46,3.14,"MORGAN CITY POLICE DEPARTMENT                     ","Morgan City Police Department"
"5604",1991,"LA0060100","De Ridder",NA,"LA","West South Central","South","BEAUREGARD","City","Cities from 2,500 thru 9,999",9942,15,0,15,4,2,6,19,2,21,2.11,"DERIDDER POLICE DEPARTMENT                        ","Deridder Police Department"
"5605",1991,"LA0090000","Caddo",NA,"LA","West South Central","South","CADDO","County","MSA counties from 25,000 thru 99,999",46717,309,1,310,148,0,148,457,1,458,9.8,"CADDO PARISH SHERIFF'S OFFICE                     ","Caddo Parish Sheriff's Office"
"5606",1991,"LA0540000","Tensas",NA,"LA","West South Central","South","TENSAS","County","Non-MSA counties under 10,000",6068,12,0,12,4,0,4,16,0,16,2.64,"TENSAS PARISH SHERIFF'S OFFICE                    ","Tensas Parish Sheriff's Office"
"5607",1991,"LA0620000","West Carroll",NA,"LA","West South Central","South","WEST CARROLL","County","Non-MSA counties from 10,000 thru 24,999",10042,16,0,16,4,0,4,20,0,20,1.99,"WEST CARROLL PARISH SHERIFF'S OFFICE              ","West Carroll Parish Sheriff's Office"
"5608",1991,"LA0250000","Jackson",NA,"LA","West South Central","South","JACKSON","County","Non-MSA counties from 10,000 thru 24,999",11486,31,0,31,3,0,3,34,0,34,2.96,"JACKSON PARISH SHERIFF'S OFFICE                   ","Jackson Parish Sheriff's Office"
"5609",1991,"LA0030000","Ascension",NA,"LA","West South Central","South","ASCENSION","County","MSA counties from 25,000 thru 99,999",51599,108,1,109,32,0,32,140,1,141,2.73,"ASCENSION PARISH SHERIFF'S OFFICE                 ","Ascension Parish Sheriff's Office"
"5610",1991,"LA0520000","St. Tammany",NA,"LA","West South Central","South","ST TAMMANY","County","MSA counties 100,000 or over",106411,218,0,218,84,0,84,302,0,302,2.84,"ST. TAMMANY PARISH SHERIFF'S OFFICE               ","St. Tammany Parish Sheriff's Office"
"5611",1991,"LA0020000","Allen",NA,"LA","West South Central","South","ALLEN","County","Non-MSA counties from 10,000 thru 24,999",12240,30,0,30,7,0,7,37,0,37,3.02,"ALLEN PARISH SHERIFF'S OFFICE                     ","Allen Parish Sheriff's Office"
"5612",1991,"LA0500000","St. Martin",NA,"LA","West South Central","South","ST MARTIN","County","MSA counties from 25,000 thru 99,999",30153,86,0,86,40,0,40,126,0,126,4.18,"ST. MARTIN PARISH SHERIFF'S OFFICE                ","St. Martin Parish Sheriff's Office"
"5613",1991,"LA0010000","Acadia",NA,"LA","West South Central","South","ACADIA","County","Non-MSA counties from 25,000 thru 99,999",28746,80,0,80,20,0,20,100,0,100,3.48,"ACADIA PARISH SHERIFF'S OFFICE                    ","Acadia Parish Sheriff's Office"
"5614",1991,"LA0390000","Pointe Coupee",NA,"LA","West South Central","South","POINTE COUPEE","County","Non-MSA counties from 10,000 thru 24,999",17367,50,1,51,17,0,17,67,1,68,3.92,"POINTE COUPEE PARISH SHERIFF'S OFFICE             ","Pointe Coupee Parish Sheriff's Office"
"5615",1991,"LA0420200","Rayville",NA,"LA","West South Central","South","RICHLAND","City","Cities from 2,500 thru 9,999",4444,7,0,7,0,0,0,7,0,7,1.58,"RAYVILLE POLICE DEPARTMENT                        ","Rayville Police Department"
"5616",1991,"LA0070000","Bienville",NA,"LA","West South Central","South","BIENVILLE","County","Non-MSA counties from 10,000 thru 24,999",12997,25,6,31,2,3,5,27,9,36,2.77,"BIENVILLE PARISH SHERIFF'S OFFICE                 ","Bienville Parish Sheriff's Office"
"5617",1991,"LA0140200","Homer",NA,"LA","West South Central","South","CLAIBORNE","City","Cities from 2,500 thru 9,999",4183,8,0,8,1,0,1,9,0,9,2.15,"HOMER POLICE DEPARTMENT                           ","Homer Police Department"
"5618",1991,"LA0370100","Monroe",NA,"LA","West South Central","South","OUACHITA","City","Cities from 50,000 thru 99,999",55325,126,15,141,15,40,55,141,55,196,3.54,"MONROE POLICE DEPARTMENT                          ","Monroe Police Department"
"5619",1991,"LA0400200","Pineville",NA,"LA","West South Central","South","RAPIDES","City","Cities from 10,000 thru 24,999",12343,38,0,38,3,2,5,41,2,43,3.48,"PINEVILLE POLICE DEPARTMENT                       ","Pineville Police Department"
"5620",1991,"LA0450000","St. Charles",NA,"LA","West South Central","South","ST CHARLES","County","MSA counties from 25,000 thru 99,999",42759,107,17,124,16,52,68,123,69,192,4.49,"ST. CHARLES PARISH SHERIFF'S OFFICE               ","St. Charles Parish Sheriff's Office"
"5621",1991,"LA0270200","Jennings",NA,"LA","West South Central","South","JEFFERSON DAVIS","City","Cities from 10,000 thru 24,999",11390,18,5,23,8,2,10,26,7,33,2.9,"JENNINGS POLICE DEPARTMENT                        ","Jennings Police Department"
"5622",1991,"LA0530900","Southeastern Louisiana University",NA,"LA","West South Central","South","TANGIPAHOA","University or College","Cities under 2,500",0,14,1,15,4,3,7,18,4,22,NA,"SOUTHEASTERN LOUISIANA UNIVERSITY POLICE          ","Southeastern Louisiana University Police"
"5623",1991,"LA0580000","Vernon",NA,"LA","West South Central","South","VERNON","County","Non-MSA counties from 25,000 thru 99,999",54735,47,0,47,13,0,13,60,0,60,1.1,"VERNON PARISH SHERIFF'S OFFICE                    ","Vernon Parish Sheriff's Office"
"5624",1991,"LA0510100","Berwick",NA,"LA","West South Central","South","ST MARY","City","Cities from 2,500 thru 9,999",4408,10,0,10,0,0,0,10,0,10,2.27,"BERWICK POLICE DEPARTMENT                         ","Berwick Police Department"
"5625",1991,"LA0520100","Covington",NA,"LA","West South Central","South","ST TAMMANY","City","Cities from 2,500 thru 9,999",7749,24,1,25,6,0,6,30,1,31,4,"COVINGTON POLICE DEPARTMENT                       ","Covington Police Department"
"5626",1991,"LA0100400","Vinton",NA,"LA","West South Central","South","CALCASIEU","City","Cities from 2,500 thru 9,999",3177,10,0,10,2,0,2,12,0,12,3.78,"VINTON POLICE DEPARTMENT                          ","Vinton Police Department"
"5627",1991,"LA0130100","Jonesville",NA,"LA","West South Central","South","CATAHOULA","City","Cities from 2,500 thru 9,999",2740,8,4,12,1,1,2,9,5,14,5.11,"JONESVILLE POLICE DEPARTMENT                      ","Jonesville Police Department"
"5628",1991,"LA0350000","Natchitoches",NA,"LA","West South Central","South","NATCHITOCHES","County","Non-MSA counties from 10,000 thru 24,999",20232,49,0,49,9,0,9,58,0,58,2.87,"NATCHITOCHES PARISH SHERIFF'S OFFICE              ","Natchitoches Parish Sheriff's Office"
"5629",1991,"LA0370400","University of Louisiana:","Monroe","LA","West South Central","South","OUACHITA","University or College","Cities under 2,500",0,15,0,15,0,4,4,15,4,19,NA,"UNIVERSITY OF LOUISIANA - MONROE POLICE           ","University Of Louisiana - Monroe Police"
"5630",1991,"LA0050300","Simmesport",NA,"LA","West South Central","South","AVOYELLES","City","Cities under 2,500",2107,2,1,3,0,0,0,2,1,3,1.42,"SIMMESPORT POLICE DEPT.                           ","Simmesport Police Police Department"
"5631",1991,"LA0400000","Rapides",NA,"LA","West South Central","South","RAPIDES","County","MSA counties from 25,000 thru 99,999",66559,173,0,173,42,0,42,215,0,215,3.23,"RAPIDES PARISH SHERIFF'S OFFICE                   ","Rapides Parish Sheriff's Office"
"5632",1991,"LA0510000","St. Mary",NA,"LA","West South Central","South","ST MARY","County","Non-MSA counties from 10,000 thru 24,999",23236,83,0,83,31,0,31,114,0,114,4.91,"ST. MARY PARISH SHERIFF'S OFFICE                  ","St. Mary Parish Sheriff's Office"
"5633",1991,"LA0351000","Northwestern State University",NA,"LA","West South Central","South","NATCHITOCHES","University or College","Cities under 2,500",0,11,1,12,2,1,3,13,2,15,NA,"NORTHWESTERN STATE UNIVERSITY OF LOUISIANA POLICE ","Northwestern State University Of Louisiana Police"
"5634",1991,"LA0510200","Franklin",NA,"LA","West South Central","South","ST MARY","City","Cities from 2,500 thru 9,999",9072,13,0,13,3,6,9,16,6,22,2.43,"FRANKLIN POLICE DEPARTMENT                        ","Franklin Police Department"
"5635",1991,"LA0370000","Ouachita",NA,"LA","West South Central","South","OUACHITA","County","MSA counties from 25,000 thru 99,999",73741,172,0,172,54,1,55,226,1,227,3.08,"OUACHITA PARISH SHERIFF'S OFFICE                  ","Ouachita Parish Sheriff's Office"
"5636",1991,"LA0300100","Jena",NA,"LA","West South Central","South","LA SALLE","City","Cities from 2,500 thru 9,999",2645,5,0,5,0,0,0,5,0,5,1.89,"JENA POLICE DEPARTMENT                            ","Jena Police Department"
"5637",1991,"LALSP0000","State Police",NA,"LA","West South Central","South","UNMAPPED COUNTY","State Police","Non-MSA counties under 10,000",0,668,113,781,6,198,204,674,311,985,NA,"LOUISIANA STATE POLICE                            ","Louisiana State Police"
"5638",1991,"LA0470000","St. James",NA,"LA","West South Central","South","ST JAMES","County","Non-MSA counties from 10,000 thru 24,999",21037,50,1,51,19,19,38,69,20,89,4.23,"ST. JAMES PARISH SHERIFF'S OFFICE                 ","St. James Parish Sheriff's Office"
"5639",1991,"LA0290500","Thibodaux",NA,"LA","West South Central","South","LAFOURCHE","City","Cities from 10,000 thru 24,999",14141,35,3,38,3,3,6,38,6,44,3.11,"THIBODAUX POLICE DEPARTMENT                       ","Thibodaux Police Department"
"5640",1991,"LA0520300","Mandeville",NA,"LA","West South Central","South","ST TAMMANY","City","Cities from 2,500 thru 9,999",7136,19,0,19,11,0,11,30,0,30,4.2,"MANDEVILLE POLICE DEPARTMENT                      ","Mandeville Police Department"
"5641",1991,"LA0570200","Kaplan",NA,"LA","West South Central","South","VERMILION","City","Cities from 2,500 thru 9,999",4569,11,0,11,5,0,5,16,0,16,3.5,"KAPLAN POLICE DEPARTMENT                          ","Kaplan Police Department"
"5642",1991,"LA0600000","Webster",NA,"LA","West South Central","South","WEBSTER","County","Non-MSA counties from 10,000 thru 24,999",22831,46,0,46,6,0,6,52,0,52,2.28,"WEBSTER PARISH SHERIFF'S OFFICE                   ","Webster Parish Sheriff's Office"
"5643",1991,"LA0430200","Zwolle",NA,"LA","West South Central","South","SABINE","City","Cities under 2,500",1792,4,0,4,0,0,0,4,0,4,2.23,"ZWOLLE POLICE DEPARTMENT                          ","Zwolle Police Department"
"5644",1991,"LA0370200","West Monroe",NA,"LA","West South Central","South","OUACHITA","City","Cities from 10,000 thru 24,999",14202,43,4,47,10,1,11,53,5,58,4.08,"WEST MONROE POLICE DEPARTMENT                     ","West Monroe Police Department"
"5645",1991,"LA0610100","Port Allen",NA,"LA","West South Central","South","WEST BATON ROUGE","City","Cities from 2,500 thru 9,999",6324,19,0,19,4,0,4,23,0,23,3.64,"PORT ALLEN POLICE DEPARTMENT                      ","Port Allen Police Department"
"5646",1991,"LA0510500","Baldwin",NA,"LA","West South Central","South","ST MARY","City","Cities under 2,500",2397,4,0,4,0,1,1,4,1,5,2.09,"BALDWIN POLICE DEPARTMENT                         ","Baldwin Police Department"
"5647",1991,"LA0640000","Winn",NA,"LA","West South Central","South","WINN","County","Non-MSA counties from 10,000 thru 24,999",10207,21,0,21,6,0,6,27,0,27,2.65,"WINN PARISH SHERIFF'S OFFICE                      ","Winn Parish Sheriff's Office"
"5648",1991,"LA0260000","Jefferson",NA,"LA","West South Central","South","JEFFERSON","County","MSA counties 100,000 or over",340484,830,0,830,360,0,360,1190,0,1190,3.5,"JEFFERSON PARISH SHERIFF'S OFFICE                 ","Jefferson Parish Sheriff's Office"
"5649",1991,"LA0050100","Bunkie",NA,"LA","West South Central","South","AVOYELLES","City","Cities from 2,500 thru 9,999",5082,10,0,10,3,0,3,13,0,13,2.56,"BUNKIE POLICE DEPARTMENT                          ","Bunkie Police Department"
"5650",1991,"LA0110000","Caldwell",NA,"LA","West South Central","South","CALDWELL","County","Non-MSA counties under 10,000",9884,23,0,23,3,0,3,26,0,26,2.63,"CALDWELL PARISH SHERIFF'S OFFICE                  ","Caldwell Parish Sheriff's Office"
"5651",1991,"LA0170100","Baker",NA,"LA","West South Central","South","EAST BATON ROUGE","City","Cities from 10,000 thru 24,999",13333,24,0,24,7,0,7,31,0,31,2.33,"BAKER POLICE DEPARTMENT                           ","Baker Police Department"
"5652",1991,"LA0150000","Concordia",NA,"LA","West South Central","South","CONCORDIA","County","Non-MSA counties from 10,000 thru 24,999",11853,17,0,17,7,0,7,24,0,24,2.02,"CONCORDIA PARISH SHERIFF'S OFFICE                 ","Concordia Parish Sheriff's Office"
"5653",1991,"LA0070100","Arcadia",NA,"LA","West South Central","South","BIENVILLE","City","Cities from 2,500 thru 9,999",3102,6,0,6,0,0,0,6,0,6,1.93,"ARCADIA POLICE DEPARTMENT                         ","Arcadia Police Department"
"5654",1991,"LA0060000","Beauregard",NA,"LA","West South Central","South","BEAUREGARD","County","Non-MSA counties from 10,000 thru 24,999",20368,41,5,46,2,11,13,43,16,59,2.9,"BEAUREGARD PARISH SHERIFF'S OFFICE                ","Beauregard Parish Sheriff's Office"
"5655",1991,"LA0530200","Kentwood",NA,"LA","West South Central","South","TANGIPAHOA","City","Cities under 2,500",2486,9,0,9,1,0,1,10,0,10,4.02,"KENTWOOD POLICE DEPARTMENT                        ","Kentwood Police Department"
"5656",1991,"LA0600100","Minden",NA,"LA","West South Central","South","WEBSTER","City","Cities from 10,000 thru 24,999",13764,23,0,23,3,1,4,26,1,27,1.96,"MINDEN POLICE DEPARTMENT                          ","Minden Police Department"
"5657",1991,"LA0560100","Farmerville",NA,"LA","West South Central","South","UNION","City","Cities from 2,500 thru 9,999",3359,7,0,7,3,0,3,10,0,10,2.98,"FARMERVILLE POLICE DEPARTMENT                     ","Farmerville Police Department"
"5658",1991,"LA0550000","Terrebonne",NA,"LA","West South Central","South","TERREBONNE","County","MSA counties from 25,000 thru 99,999",60172,153,0,153,51,0,51,204,0,204,3.39,"TERREBONNE PARISH SHERIFF'S OFFICE                ","Terrebonne Parish Sheriff's Office"
"5659",1991,"LA0401000","Ball",NA,"LA","West South Central","South","RAPIDES","City","Cities from 2,500 thru 9,999",3330,4,0,4,0,1,1,4,1,5,1.5,"BALL POLICE DEPARTMENT                            ","Ball Police Department"
"5660",1991,"LA0530300","Ponchatoula",NA,"LA","West South Central","South","TANGIPAHOA","City","Cities from 2,500 thru 9,999",5466,12,0,12,2,0,2,14,0,14,2.56,"PONCHATOULA POLICE DEPARTMENT                     ","Ponchatoula Police Department"
"5661",1991,"LA0320100","Denham Springs",NA,"LA","West South Central","South","LIVINGSTON","City","Cities from 2,500 thru 9,999",8444,17,0,17,4,2,6,21,2,23,2.72,"DENHAM SPRINGS POLICE DEPARTMENT                  ","Denham Springs Police Department"
"5662",1991,"LA0010200","Rayne",NA,"LA","West South Central","South","ACADIA","City","Cities from 2,500 thru 9,999",8566,15,0,15,4,0,4,19,0,19,2.22,"RAYNE POLICE DEPARTMENT                           ","Rayne Police Department"
"5663",1991,"LA0200300","Ville Platte",NA,"LA","West South Central","South","EVANGELINE","City","Cities from 2,500 thru 9,999",9105,25,0,25,2,0,2,27,0,27,2.97,"VILLE PLATTE POLICE DEPARTMENT                    ","Ville Platte Police Department"
"5664",1991,"LA0100500","Westlake",NA,"LA","West South Central","South","CALCASIEU","City","Cities from 2,500 thru 9,999",5045,10,0,10,6,0,6,16,0,16,3.17,"WESTLAKE POLICE DEPARTMENT                        ","Westlake Police Department"
"5665",1991,"LA0090200","Vivian",NA,"LA","West South Central","South","CADDO","City","Cities from 2,500 thru 9,999",4187,11,0,11,3,0,3,14,0,14,3.34,"VIVIAN POLICE DEPARTMENT                          ","Vivian Police Department"
"5666",1991,"LA0160100","Mansfield",NA,"LA","West South Central","South","DE SOTO","City","Cities from 2,500 thru 9,999",5429,13,0,13,4,0,4,17,0,17,3.13,"MANSFIELD POLICE DEPARTMENT                       ","Mansfield Police Department"
"5667",1991,"LA0540200","Waterproof",NA,"LA","West South Central","South","TENSAS","City","Cities under 2,500",1088,1,0,1,0,0,0,1,0,1,0.92,"WATERPROOF POLICE DEPARTMENT                      ","Waterproof Police Department"
"5668",1991,"LA0230200","Jeanerette",NA,"LA","West South Central","South","IBERIA","City","Cities from 2,500 thru 9,999",6252,12,0,12,3,5,8,15,5,20,3.2,"JEANERETTE POLICE DEPARTMENT                      ","Jeanerette Police Department"
"5669",1991,"LA0560000","Union",NA,"LA","West South Central","South","UNION","County","Non-MSA counties from 10,000 thru 24,999",17487,16,0,16,7,0,7,23,0,23,1.32,"UNION PARISH SHERIFF'S OFFICE                     ","Union Parish Sheriff's Office"
"5670",1991,"LA0520200","Slidell",NA,"LA","West South Central","South","ST TAMMANY","City","Cities from 10,000 thru 24,999",24307,59,7,66,12,12,24,71,19,90,3.7,"SLIDELL POLICE DEPARTMENT                         ","Slidell Police Department"
"5671",1991,"LA0020100","Kinder",NA,"LA","West South Central","South","ALLEN","City","Cities under 2,500",2263,6,0,6,0,0,0,6,0,6,2.65,"KINDER POLICE DEPARTMENT                          ","Kinder Police Department"
"5672",1991,"LA0500200","St. Martinville",NA,"LA","West South Central","South","ST MARTIN","City","Cities from 2,500 thru 9,999",7191,13,1,14,3,4,7,16,5,21,2.92,"ST. MARTINVILLE POLICE DEPARTMENT                 ","St. Martinville Police Department"
"5673",1991,"LA0550100","Houma",NA,"LA","West South Central","South","TERREBONNE","City","Cities from 25,000 thru 49,999",37545,45,2,47,5,15,20,50,17,67,1.78,"HOUMA POLICE DEPARTMENT                           ","Houma Police Department"
"5674",1991,"LA0160000","De Soto",NA,"LA","West South Central","South","DE SOTO","County","Non-MSA counties from 10,000 thru 24,999",20108,35,0,35,13,0,13,48,0,48,2.39,"DE SOTO PARISH SHERIFF'S OFFICE                   ","De Soto Parish Sheriff's Office"
"5675",1991,"LA0530400","Amite",NA,"LA","West South Central","South","TANGIPAHOA","City","Cities from 2,500 thru 9,999",4268,13,0,13,3,0,3,16,0,16,3.75,"AMITE POLICE DEPARTMENT                           ","Amite Police Department"
"5676",1991,"LA0010300","Church Point",NA,"LA","West South Central","South","ACADIA","City","Cities from 2,500 thru 9,999",4712,13,0,13,1,0,1,14,0,14,2.97,"CHURCH POINT POLICE DEPARTMENT                    ","Church Point Police Department"
"5677",1991,"LA0100300","Sulphur",NA,"LA","West South Central","South","CALCASIEU","City","Cities from 10,000 thru 24,999",20277,26,3,29,1,4,5,27,7,34,1.68,"SULPHUR POLICE DEPARTMENT                         ","Sulphur Police Department"
"5678",1991,"LA0330000","Madison",NA,"LA","West South Central","South","MADISON","County","Non-MSA counties under 10,000",3966,14,0,14,5,0,5,19,0,19,4.79,"MADISON PARISH SHERIFF'S OFFICE                   ","Madison Parish Sheriff's Office"
"5679",1991,"LA0310300","Grambling",NA,"LA","West South Central","South","LINCOLN","City","Cities from 2,500 thru 9,999",5525,6,0,6,1,0,1,7,0,7,1.27,"GRAMBLING POLICE DEPARTMENT                       ","Grambling Police Department"
"5680",1991,"LA0090100","Shreveport",NA,"LA","West South Central","South","BOSSIER, CADDO","City","Cities from 100,000 thru 249,999",200031,369,23,392,50,56,106,419,79,498,2.49,"SHREVEPORT POLICE DEPARTMENT                      ","Shreveport Police Department"
"5681",1991,"LA0080000","Bossier",NA,"LA","West South Central","South","BOSSIER","County","MSA counties from 25,000 thru 99,999",32820,70,1,71,25,2,27,95,3,98,2.99,"BOSSIER PARISH SHERIFF'S OFFICE                   ","Bossier Parish Sheriff's Office"
"5682",1991,"LA0140000","Claiborne",NA,"LA","West South Central","South","CLAIBORNE","County","Non-MSA counties from 10,000 thru 24,999",10477,15,0,15,5,0,5,20,0,20,1.91,"CLAIBORNE PARISH SHERIFF'S OFFICE                 ","Claiborne Parish Sheriff's Office"
"5683",1991,"LA0420100","Delhi",NA,"LA","West South Central","South","RICHLAND","City","Cities from 2,500 thru 9,999",3193,6,0,6,0,1,1,6,1,7,2.19,"DELHI POLICE DEPARTMENT                           ","Delhi Police Department"
"5684",1991,"LA0030200","Gonzales",NA,"LA","West South Central","South","ASCENSION","City","Cities from 2,500 thru 9,999",7056,21,0,21,6,0,6,27,0,27,3.83,"GONZALES POLICE DEPARTMENT                        ","Gonzales Police Department"
"5685",1991,"LA0100200","Lake Charles",NA,"LA","West South Central","South","CALCASIEU","City","Cities from 50,000 thru 99,999",71115,110,1,111,6,11,17,116,12,128,1.8,"LAKE CHARLES POLICE DEPARTMENT                    ","Lake Charles Police Department"
"5686",1991,"LA0380000","Plaquemines",NA,"LA","West South Central","South","PLAQUEMINES","County","Non-MSA counties from 25,000 thru 99,999",25769,107,1,108,30,5,35,137,6,143,5.55,"PLAQUEMINES PARISH SHERIFF'S OFFICE               ","Plaquemines Parish Sheriff's Office"
"5687",1991,"LA0240000","Iberville",NA,"LA","West South Central","South","IBERVILLE","County","Non-MSA counties from 10,000 thru 24,999",24044,49,19,68,1,31,32,50,50,100,4.16,"IBERVILLE PARISH SHERIFF'S OFFICE                 ","Iberville Parish Sheriff's Office"
"5688",1991,"LA0510400","Patterson",NA,"LA","West South Central","South","ST MARY","City","Cities from 2,500 thru 9,999",4771,9,0,9,4,0,4,13,0,13,2.72,"PATTERSON POLICE DEPARTMENT                       ","Patterson Police Department"
"5689",1991,"LA0290000","Lafourche",NA,"LA","West South Central","South","LAFOURCHE","County","MSA counties from 25,000 thru 99,999",67783,142,0,142,37,0,37,179,0,179,2.64,"LAFOURCHE PARISH SHERIFF'S OFFICE                 ","Lafourche Parish Sheriff's Office"
"5690",1991,"LA0280300","Lafayette",NA,"LA","West South Central","South","LAFAYETTE","City","Cities from 50,000 thru 99,999",95156,151,9,160,19,50,69,170,59,229,2.41,"LAFAYETTE POLICE DEPARTMENT                       ","Lafayette Police Department"
"5691",1991,"LA0120000","Cameron",NA,"LA","West South Central","South","CAMERON","County","Non-MSA counties under 10,000",9330,61,0,61,19,0,19,80,0,80,8.57,"CAMERON PARISH SHERIFF'S OFFICE                   ","Cameron Parish Sheriff's Office"
"5692",1990,"LA0530100","Hammond",NA,"LA","West South Central","South","TANGIPAHOA","City","Cities from 10,000 thru 24,999",15871,43,0,43,11,0,11,54,0,54,3.4,"HAMMOND POLICE DEPARTMENT                         ","Hammond Police Department"
"5693",1990,"LA0570100","Abbeville",NA,"LA","West South Central","South","VERMILION","City","Cities from 10,000 thru 24,999",11187,29,1,30,8,0,8,37,1,38,3.4,"ABBEVILLE POLICE DEPARTMENT                       ","Abbeville Police Department"
"5694",1990,"LA0640100","Winnfield",NA,"LA","West South Central","South","WINN","City","Cities from 2,500 thru 9,999",6138,12,0,12,3,1,4,15,1,16,2.61,"WINNFIELD POLICE DEPT                             ","Winnfield Police Police Department"
"5695",1990,"LA0100200","Lake Charles",NA,"LA","West South Central","South","CALCASIEU","City","Cities from 50,000 thru 99,999",70580,105,3,108,22,0,22,127,3,130,1.84,"LAKE CHARLES POLICE DEPARTMENT                    ","Lake Charles Police Department"
"5696",1990,"LA0030200","Gonzales",NA,"LA","West South Central","South","ASCENSION","City","Cities from 2,500 thru 9,999",7003,22,0,22,6,0,6,28,0,28,4,"GONZALES POLICE DEPARTMENT                        ","Gonzales Police Department"
"5697",1990,"LA0190000","East Feliciana",NA,"LA","West South Central","South","EAST FELICIANA","County","Non-MSA counties from 10,000 thru 24,999",15320,42,0,42,11,0,11,53,0,53,3.46,"EAST FELICIANA PARISH SHERIFF'S OFFICE            ","East Feliciana Parish Sheriff's Office"
"5698",1990,"LA0250100","Jonesboro",NA,"LA","West South Central","South","JACKSON","City","Cities from 2,500 thru 9,999",4305,12,0,12,3,0,3,15,0,15,3.48,"JONESBORO POLICE DEPARTMENT                       ","Jonesboro Police Department"
"5699",1990,"LA0170600","Southern University and A&M College:","Baton Rouge","LA","West South Central","South","EAST BATON ROUGE","University or College","Cities under 2,500",0,25,11,36,3,4,7,28,15,43,NA,"SOUTHERN UNIVERSITY AND A & M COLLEGE POLICE      ","Southern University And A & M College Police"
"5700",1990,"LA0240200","Plaquemine",NA,"LA","West South Central","South","IBERVILLE","City","Cities from 2,500 thru 9,999",7186,21,0,21,6,1,7,27,1,28,3.9,"PLAQUEMINE POLICE DEPARTMENT                      ","Plaquemine Police Department"
"5701",1990,"LA0260300","Kenner",NA,"LA","West South Central","South","JEFFERSON","City","Cities from 50,000 thru 99,999",72033,106,17,123,7,30,37,113,47,160,2.22,"KENNER POLICE DEPARTMENT                          ","Kenner Police Department"
"5702",1990,"LA0270400","Welsh",NA,"LA","West South Central","South","JEFFERSON DAVIS","City","Cities from 2,500 thru 9,999",3299,4,0,4,4,0,4,8,0,8,2.42,"WELSH POLICE DEPARTMENT                           ","Welsh Police Department"
"5703",1990,"LA0630000","West Feliciana",NA,"LA","West South Central","South","WEST FELICIANA","County","Non-MSA counties from 10,000 thru 24,999",12915,19,0,19,5,0,5,24,0,24,1.86,"WEST FELICIANA PARISH SHERIFF'S OFFICE            ","West Feliciana Parish Sheriff's Office"
"5704",1990,"LA0530000","Tangipahoa",NA,"LA","West South Central","South","TANGIPAHOA","County","Non-MSA counties from 25,000 thru 99,999",57709,151,0,151,57,0,57,208,0,208,3.6,"TANGIPAHOA PARISH SHERIFF'S OFFICE                ","Tangipahoa Parish Sheriff's Office"
"5705",1990,"LA0490000","St. Landry",NA,"LA","West South Central","South","ST LANDRY","County","Non-MSA counties from 25,000 thru 99,999",51208,88,0,88,30,0,30,118,0,118,2.3,"ST. LANDRY PARISH SHERIFF'S OFFICE                ","St. Landry Parish Sheriff's Office"
"5706",1990,"LA0340400","Collinston",NA,"LA","West South Central","South","MOREHOUSE","City","Cities under 2,500",375,1,0,1,0,1,1,1,1,2,5.33,"COLLINSTON POLICE DEPT                            ","Collinston Police Police Department"
"5707",1990,"LA0170400","Louisiana State University:","Baton Rouge","LA","West South Central","South","EAST BATON ROUGE","University or College","Cities under 2,500",0,50,0,50,5,2,7,55,2,57,NA,"LOUISIANA STATE UNIVERSITY POLICE DEPARTMENT      ","Louisiana State University Police Department"
"5708",1990,"LA0290300","Lockport",NA,"LA","West South Central","South","LAFOURCHE","City","Cities from 2,500 thru 9,999",2503,4,0,4,0,0,0,4,0,4,1.6,"LOCKPORT POLICE DEPARTMENT                        ","Lockport Police Department"
"5709",1990,"LA0340100","Bastrop",NA,"LA","West South Central","South","MOREHOUSE","City","Cities from 10,000 thru 24,999",13916,28,0,28,9,5,14,37,5,42,3.02,"BASTROP POLICE DEPARTMENT                         ","Bastrop Police Department"
"5710",1990,"LA0580100","Leesville",NA,"LA","West South Central","South","VERNON","City","Cities from 2,500 thru 9,999",7638,18,4,22,9,2,11,27,6,33,4.32,"LEESVILLE POLICE DEPARTMENT                       ","Leesville Police Department"
"5711",1990,"LA0150200","Vidalia",NA,"LA","West South Central","South","CONCORDIA","City","Cities from 2,500 thru 9,999",4953,9,0,9,4,0,4,13,0,13,2.62,"VIDALIA POLICE DEPARTMENT                         ","Vidalia Police Department"
"5712",1990,"LA0040000","Assumption",NA,"LA","West South Central","South","ASSUMPTION","County","Non-MSA counties from 10,000 thru 24,999",22753,38,1,39,0,6,6,38,7,45,1.98,"ASSUMPTION PARISH SHERIFF'S OFFICE                ","Assumption Parish Sheriff's Office"
"5713",1990,"LA0200000","Evangeline",NA,"LA","West South Central","South","EVANGELINE","County","Non-MSA counties from 10,000 thru 24,999",20754,26,0,26,9,0,9,35,0,35,1.69,"EVANGELINE PARISH SHERIFF'S OFFICE                ","Evangeline Parish Sheriff's Office"
"5714",1990,"LA0590200","Franklinton",NA,"LA","West South Central","South","WASHINGTON","City","Cities from 2,500 thru 9,999",4007,11,0,11,2,0,2,13,0,13,3.24,"FRANKLINTON POLICE DEPARTMENT                     ","Franklinton Police Department"
"5715",1990,"LA0440000","St. Bernard",NA,"LA","West South Central","South","ST BERNARD","County","MSA counties from 25,000 thru 99,999",66631,127,0,127,35,1,36,162,1,163,2.45,"ST. BERNARD PARISH SHERIFF'S OFFICE               ","St. Bernard Parish Sheriff's Office"
"5716",1990,"LA0260400","Westwego",NA,"LA","West South Central","South","JEFFERSON","City","Cities from 10,000 thru 24,999",11218,18,0,18,2,0,2,20,0,20,1.78,"WESTWEGO POLICE DEPARTMENT                        ","Westwego Police Department"
"5717",1990,"LA0170000","East Baton Rouge",NA,"LA","West South Central","South","EAST BATON ROUGE","County","MSA counties 100,000 or over",124156,483,0,483,124,0,124,607,0,607,4.89,"EAST BATON ROUGE PARISH SHERIFF'S OFFICE          ","East Baton Rouge Parish Sheriff's Office"
"5718",1990,"LA0230000","Iberia",NA,"LA","West South Central","South","IBERIA","County","Non-MSA counties from 25,000 thru 99,999",29404,60,0,60,31,0,31,91,0,91,3.09,"IBERIA PARISH SHERIFF'S OFFICE                    ","Iberia Parish Sheriff's Office"
"5719",1990,"LA0180000","East Carroll",NA,"LA","West South Central","South","EAST CARROLL","County","Non-MSA counties under 10,000",4329,36,0,36,8,0,8,44,0,44,10.16,"EAST CARROLL PARISH SHERIFF'S OFFICE              ","East Carroll Parish Sheriff's Office"
"5720",1990,"LA0330000","Madison",NA,"LA","West South Central","South","MADISON","County","Non-MSA counties under 10,000",3937,13,0,13,5,0,5,18,0,18,4.57,"MADISON PARISH SHERIFF'S OFFICE                   ","Madison Parish Sheriff's Office"
"5721",1990,"LA0270000","Jefferson Davis",NA,"LA","West South Central","South","JEFFERSON DAVIS","County","Non-MSA counties from 10,000 thru 24,999",16118,34,0,34,11,0,11,45,0,45,2.79,"JEFFERSON DAVIS PARISH SHERIFF'S OFFICE           ","Jefferson Davis Parish Sheriff's Office"
"5722",1990,"LA0310300","Grambling",NA,"LA","West South Central","South","LINCOLN","City","Cities from 2,500 thru 9,999",5484,5,0,5,2,0,2,7,0,7,1.28,"GRAMBLING POLICE DEPARTMENT                       ","Grambling Police Department"
"5723",1990,"LA0530300","Ponchatoula",NA,"LA","West South Central","South","TANGIPAHOA","City","Cities from 2,500 thru 9,999",5425,11,0,11,2,0,2,13,0,13,2.4,"PONCHATOULA POLICE DEPARTMENT                     ","Ponchatoula Police Department"
"5724",1990,"LA0550000","Terrebonne",NA,"LA","West South Central","South","TERREBONNE","County","MSA counties from 25,000 thru 99,999",59719,158,0,158,46,0,46,204,0,204,3.42,"TERREBONNE PARISH SHERIFF'S OFFICE                ","Terrebonne Parish Sheriff's Office"
"5725",1990,"LA0010200","Rayne",NA,"LA","West South Central","South","ACADIA","City","Cities from 2,500 thru 9,999",8502,16,1,17,4,0,4,20,1,21,2.47,"RAYNE POLICE DEPARTMENT                           ","Rayne Police Department"
"5726",1990,"LA0190200","Jackson",NA,"LA","West South Central","South","EAST FELICIANA","City","Cities from 2,500 thru 9,999",3891,3,0,3,0,0,0,3,0,3,0.77,"JACKSON POLICE DEPARTMENT                         ","Jackson Police Department"
"5727",1990,"LA0100500","Westlake",NA,"LA","West South Central","South","CALCASIEU","City","Cities from 2,500 thru 9,999",5007,9,0,9,3,3,6,12,3,15,3,"WESTLAKE POLICE DEPARTMENT                        ","Westlake Police Department"
"5728",1990,"LA0200300","Ville Platte",NA,"LA","West South Central","South","EVANGELINE","City","Cities from 2,500 thru 9,999",9037,25,0,25,3,0,3,28,0,28,3.1,"VILLE PLATTE POLICE DEPARTMENT                    ","Ville Platte Police Department"
"5729",1990,"LA0510000","St. Mary",NA,"LA","West South Central","South","ST MARY","County","Non-MSA counties from 10,000 thru 24,999",23061,79,0,79,22,0,22,101,0,101,4.38,"ST. MARY PARISH SHERIFF'S OFFICE                  ","St. Mary Parish Sheriff's Office"
"5730",1990,"LA0090200","Vivian",NA,"LA","West South Central","South","CADDO","City","Cities from 2,500 thru 9,999",4156,8,0,8,3,0,3,11,0,11,2.65,"VIVIAN POLICE DEPARTMENT                          ","Vivian Police Department"
"5731",1990,"LA0401000","Ball",NA,"LA","West South Central","South","RAPIDES","City","Cities from 2,500 thru 9,999",3305,6,0,6,1,0,1,7,0,7,2.12,"BALL POLICE DEPARTMENT                            ","Ball Police Department"
"5732",1990,"LA0070100","Arcadia",NA,"LA","West South Central","South","BIENVILLE","City","Cities from 2,500 thru 9,999",3079,5,0,5,0,0,0,5,0,5,1.62,"ARCADIA POLICE DEPARTMENT                         ","Arcadia Police Department"
"5733",1990,"LA0150000","Concordia",NA,"LA","West South Central","South","CONCORDIA","County","Non-MSA counties from 10,000 thru 24,999",11764,17,0,17,6,0,6,23,0,23,1.96,"CONCORDIA PARISH SHERIFF'S OFFICE                 ","Concordia Parish Sheriff's Office"
"5734",1990,"LA0060000","Beauregard",NA,"LA","West South Central","South","BEAUREGARD","County","Non-MSA counties from 10,000 thru 24,999",20215,41,4,45,3,10,13,44,14,58,2.87,"BEAUREGARD PARISH SHERIFF'S OFFICE                ","Beauregard Parish Sheriff's Office"
"5735",1990,"LA0320100","Denham Springs",NA,"LA","West South Central","South","LIVINGSTON","City","Cities from 2,500 thru 9,999",8381,13,0,13,5,1,6,18,1,19,2.27,"DENHAM SPRINGS POLICE DEPARTMENT                  ","Denham Springs Police Department"
"5736",1990,"LA0400000","Rapides",NA,"LA","West South Central","South","RAPIDES","County","MSA counties from 25,000 thru 99,999",66058,166,16,182,12,29,41,178,45,223,3.38,"RAPIDES PARISH SHERIFF'S OFFICE                   ","Rapides Parish Sheriff's Office"
"5737",1990,"LA0050300","Simmesport",NA,"LA","West South Central","South","AVOYELLES","City","Cities under 2,500",2092,4,0,4,0,0,0,4,0,4,1.91,"SIMMESPORT POLICE DEPT.                           ","Simmesport Police Police Department"
"5738",1990,"LA0351000","Northwestern State University",NA,"LA","West South Central","South","NATCHITOCHES","University or College","Cities under 2,500",0,10,0,10,1,1,2,11,1,12,NA,"NORTHWESTERN STATE UNIVERSITY OF LOUISIANA POLICE ","Northwestern State University Of Louisiana Police"
"5739",1990,"LA0380000","Plaquemines",NA,"LA","West South Central","South","PLAQUEMINES","County","Non-MSA counties from 25,000 thru 99,999",25575,114,0,114,29,0,29,143,0,143,5.59,"PLAQUEMINES PARISH SHERIFF'S OFFICE               ","Plaquemines Parish Sheriff's Office"
"5740",1990,"LA0420100","Delhi",NA,"LA","West South Central","South","RICHLAND","City","Cities from 2,500 thru 9,999",3169,5,1,6,0,0,0,5,1,6,1.89,"DELHI POLICE DEPARTMENT                           ","Delhi Police Department"
"5741",1990,"LA0560100","Farmerville",NA,"LA","West South Central","South","UNION","City","Cities from 2,500 thru 9,999",3334,6,0,6,3,0,3,9,0,9,2.7,"FARMERVILLE POLICE DEPARTMENT                     ","Farmerville Police Department"
"5742",1990,"LA0600200","Springhill",NA,"LA","West South Central","South","WEBSTER","City","Cities from 2,500 thru 9,999",5668,10,0,10,1,0,1,11,0,11,1.94,"SPRINGHILL POLICE DEPARTMENT                      ","Springhill Police Department"
"5743",1990,"LA0530200","Kentwood",NA,"LA","West South Central","South","TANGIPAHOA","City","Cities under 2,500",2468,9,0,9,1,0,1,10,0,10,4.05,"KENTWOOD POLICE DEPARTMENT                        ","Kentwood Police Department"
"5744",1990,"LA0600100","Minden",NA,"LA","West South Central","South","WEBSTER","City","Cities from 10,000 thru 24,999",13661,20,0,20,3,0,3,23,0,23,1.68,"MINDEN POLICE DEPARTMENT                          ","Minden Police Department"
"5745",1990,"LA0170300","Zachary",NA,"LA","West South Central","South","EAST BATON ROUGE","City","Cities from 2,500 thru 9,999",9036,17,1,18,5,1,6,22,2,24,2.66,"ZACHARY POLICE DEPARTMENT                         ","Zachary Police Department"
"5746",1990,"LA0310000","Lincoln",NA,"LA","West South Central","South","LINCOLN","County","Non-MSA counties from 10,000 thru 24,999",15391,26,0,26,7,1,8,33,1,34,2.21,"LINCOLN PARISH SHERIFF'S OFFICE                   ","Lincoln Parish Sheriff's Office"
"5747",1990,"LA0350100","Natchitoches",NA,"LA","West South Central","South","NATCHITOCHES","City","Cities from 10,000 thru 24,999",16609,36,0,36,9,0,9,45,0,45,2.71,"NATCHITOCHES POLICE DEPARTMENT                    ","Natchitoches Police Department"
"5748",1990,"LA0230300","New Iberia",NA,"LA","West South Central","South","IBERIA","City","Cities from 25,000 thru 49,999",31828,49,5,54,9,12,21,58,17,75,2.36,"NEW IBERIA PD                                     ","New Iberia Police Department"
"5749",1990,"LA0300000","La Salle",NA,"LA","West South Central","South","LA SALLE","County","Non-MSA counties from 10,000 thru 24,999",11036,25,0,25,5,0,5,30,0,30,2.72,"LA SALLE PARISH SHERIFF'S OFFICE                  ","La Salle Parish Sheriff's Office"
"5750",1990,"LA0330100","Tallulah",NA,"LA","West South Central","South","MADISON","City","Cities from 2,500 thru 9,999",8526,9,0,9,5,0,5,14,0,14,1.64,"TALLULAH POLICE DEPT.                             ","Tallulah Police Police Department"
"5751",1990,"LA0120000","Cameron",NA,"LA","West South Central","South","CAMERON","County","Non-MSA counties under 10,000",9260,50,0,50,19,0,19,69,0,69,7.45,"CAMERON PARISH SHERIFF'S OFFICE                   ","Cameron Parish Sheriff's Office"
"5752",1990,"LA0340000","Morehouse",NA,"LA","West South Central","South","MOREHOUSE","County","Non-MSA counties from 10,000 thru 24,999",17382,23,19,42,3,16,19,26,35,61,3.51,"MOREHOUSE PARISH SHERIFF'S OFFICE                 ","Morehouse Parish Sheriff's Office"
"5753",1990,"LA0290000","Lafourche",NA,"LA","West South Central","South","LAFOURCHE","County","MSA counties from 25,000 thru 99,999",67273,132,0,132,30,0,30,162,0,162,2.41,"LAFOURCHE PARISH SHERIFF'S OFFICE                 ","Lafourche Parish Sheriff's Office"
"5754",1990,"LA0510200","Franklin",NA,"LA","West South Central","South","ST MARY","City","Cities from 2,500 thru 9,999",9004,11,1,12,3,5,8,14,6,20,2.22,"FRANKLIN POLICE DEPARTMENT                        ","Franklin Police Department"
"5755",1990,"LALSP0000","State Police",NA,"LA","West South Central","South","UNMAPPED COUNTY","State Police","Non-MSA counties under 10,000",0,755,67,822,16,178,194,771,245,1016,NA,"LOUISIANA STATE POLICE                            ","Louisiana State Police"
"5756",1990,"LA0250000","Jackson",NA,"LA","West South Central","South","JACKSON","County","Non-MSA counties from 10,000 thru 24,999",11400,31,0,31,3,0,3,34,0,34,2.98,"JACKSON PARISH SHERIFF'S OFFICE                   ","Jackson Parish Sheriff's Office"
"5757",1990,"LA0060100","De Ridder",NA,"LA","West South Central","South","BEAUREGARD","City","Cities from 2,500 thru 9,999",9868,15,0,15,6,0,6,21,0,21,2.13,"DERIDDER POLICE DEPARTMENT                        ","Deridder Police Department"
"5758",1990,"LA0300100","Jena",NA,"LA","West South Central","South","LA SALLE","City","Cities from 2,500 thru 9,999",2626,4,0,4,0,0,0,4,0,4,1.52,"JENA POLICE DEPARTMENT                            ","Jena Police Department"
"5759",1990,"LA0090000","Caddo",NA,"LA","West South Central","South","CADDO","County","MSA counties from 25,000 thru 99,999",46366,304,0,304,124,1,125,428,1,429,9.25,"CADDO PARISH SHERIFF'S OFFICE                     ","Caddo Parish Sheriff's Office"
"5760",1990,"LA0370000","Ouachita",NA,"LA","West South Central","South","OUACHITA","County","MSA counties from 25,000 thru 99,999",73186,171,0,171,49,0,49,220,0,220,3.01,"OUACHITA PARISH SHERIFF'S OFFICE                  ","Ouachita Parish Sheriff's Office"
"5761",1990,"LA0470000","St. James",NA,"LA","West South Central","South","ST JAMES","County","Non-MSA counties from 10,000 thru 24,999",20879,56,1,57,17,19,36,73,20,93,4.45,"ST. JAMES PARISH SHERIFF'S OFFICE                 ","St. James Parish Sheriff's Office"
"5762",1990,"LA0350000","Natchitoches",NA,"LA","West South Central","South","NATCHITOCHES","County","Non-MSA counties from 10,000 thru 24,999",20080,41,0,41,9,0,9,50,0,50,2.49,"NATCHITOCHES PARISH SHERIFF'S OFFICE              ","Natchitoches Parish Sheriff's Office"
"5763",1990,"LA0370400","University of Louisiana:","Monroe","LA","West South Central","South","OUACHITA","University or College","Cities under 2,500",0,15,0,15,1,4,5,16,4,20,NA,"UNIVERSITY OF LOUISIANA - MONROE POLICE           ","University Of Louisiana - Monroe Police"
"5764",1990,"LA0590100","Bogalusa",NA,"LA","West South Central","South","WASHINGTON","City","Cities from 10,000 thru 24,999",14280,32,3,35,2,7,9,34,10,44,3.08,"BOGALUSA POLICE DEPARTMENT                        ","Bogalusa Police Department"
"5765",1990,"LA0370200","West Monroe",NA,"LA","West South Central","South","OUACHITA","City","Cities from 10,000 thru 24,999",14096,45,2,47,9,1,10,54,3,57,4.04,"WEST MONROE POLICE DEPARTMENT                     ","West Monroe Police Department"
"5766",1990,"LA0600000","Webster",NA,"LA","West South Central","South","WEBSTER","County","Non-MSA counties from 10,000 thru 24,999",22660,40,0,40,6,0,6,46,0,46,2.03,"WEBSTER PARISH SHERIFF'S OFFICE                   ","Webster Parish Sheriff's Office"
"5767",1990,"LA0430200","Zwolle",NA,"LA","West South Central","South","SABINE","City","Cities under 2,500",1779,3,0,3,0,0,0,3,0,3,1.69,"ZWOLLE POLICE DEPARTMENT                          ","Zwolle Police Department"
"5768",1990,"LA0310100","Dubach",NA,"LA","West South Central","South","LINCOLN","City","Cities under 2,500",843,3,0,3,0,0,0,3,0,3,3.56,"DUBACH POLICE DEPT                                ","Dubach Police Police Department"
"5769",1990,"LA0260100","Gretna",NA,"LA","West South Central","South","JEFFERSON","City","Cities from 10,000 thru 24,999",17208,53,2,55,12,9,21,65,11,76,4.42,"GRETNA POLICE DEPARTMENT                          ","Gretna Police Department"
"5770",1990,"LA0100400","Vinton",NA,"LA","West South Central","South","CALCASIEU","City","Cities from 2,500 thru 9,999",3154,11,0,11,1,0,1,12,0,12,3.8,"VINTON POLICE DEPARTMENT                          ","Vinton Police Department"
"5771",1990,"LA0310200","Ruston",NA,"LA","West South Central","South","LINCOLN","City","Cities from 10,000 thru 24,999",20027,33,1,34,0,6,6,33,7,40,2,"RUSTON POLICE DEPARTMENT                          ","Ruston Police Department"
"5772",1990,"LA0070000","Bienville",NA,"LA","West South Central","South","BIENVILLE","County","Non-MSA counties from 10,000 thru 24,999",12900,26,6,32,3,3,6,29,9,38,2.95,"BIENVILLE PARISH SHERIFF'S OFFICE                 ","Bienville Parish Sheriff's Office"
"5773",1990,"LA0140200","Homer",NA,"LA","West South Central","South","CLAIBORNE","City","Cities from 2,500 thru 9,999",4152,9,0,9,1,0,1,10,0,10,2.41,"HOMER POLICE DEPARTMENT                           ","Homer Police Department"
"5774",1990,"LA0400100","Alexandria",NA,"LA","West South Central","South","RAPIDES","City","Cities from 25,000 thru 49,999",49188,121,4,125,7,19,26,128,23,151,3.07,"ALEXANDRIA POLICE DEPARTMENT                      ","Alexandria Police Department"
"5775",1990,"LA0420200","Rayville",NA,"LA","West South Central","South","RICHLAND","City","Cities from 2,500 thru 9,999",4411,7,0,7,0,0,0,7,0,7,1.59,"RAYVILLE POLICE DEPARTMENT                        ","Rayville Police Department"
"5776",1990,"LA0370100","Monroe",NA,"LA","West South Central","South","OUACHITA","City","Cities from 50,000 thru 99,999",54909,128,15,143,14,36,50,142,51,193,3.51,"MONROE POLICE DEPARTMENT                          ","Monroe Police Department"
"5777",1990,"LA0480000","St. John the Baptist",NA,"LA","West South Central","South","ST JOHN THE BAPTIST","County","MSA counties from 25,000 thru 99,999",39996,109,0,109,33,0,33,142,0,142,3.55,"ST. JOHN THE BAPTIST PARISH SHERIFF'S OFFICE      ","St. John The Baptist Parish Sheriff's Office"
"5778",1990,"LA0460000","St. Helena",NA,"LA","West South Central","South","ST HELENA","County","Non-MSA counties under 10,000",9874,12,0,12,4,0,4,16,0,16,1.62,"ST. HELENA PARISH SHERIFF'S OFFICE                ","St. Helena Parish Sheriff's Office"
"5779",1990,"LA0130100","Jonesville",NA,"LA","West South Central","South","CATAHOULA","City","Cities from 2,500 thru 9,999",2720,8,5,13,2,1,3,10,6,16,5.88,"JONESVILLE POLICE DEPARTMENT                      ","Jonesville Police Department"
"5780",1990,"LA0010100","Crowley",NA,"LA","West South Central","South","ACADIA","City","Cities from 10,000 thru 24,999",13983,23,0,23,3,2,5,26,2,28,2,"CROWLEY POLICE DEPARTMENT                         ","Crowley Police Department"
"5781",1990,"LA0500100","Breaux Bridge",NA,"LA","West South Central","South","ST MARTIN","City","Cities from 2,500 thru 9,999",6515,10,0,10,4,0,4,14,0,14,2.15,"BREAUX BRIDGE POLICE DEPARTMENT                   ","Breaux Bridge Police Department"
"5782",1990,"LA0080100","Bossier City",NA,"LA","West South Central","South","BOSSIER","City","Cities from 50,000 thru 99,999",52721,102,1,103,16,14,30,118,15,133,2.52,"BOSSIER CITY POLICE DEPT                          ","Bossier City Police Police Department"
"5783",1990,"LA0570000","Vermilion",NA,"LA","West South Central","South","VERMILION","County","Non-MSA counties from 25,000 thru 99,999",34333,80,0,80,14,0,14,94,0,94,2.74,"VERMILION PARISH SHERIFF'S OFFICE                 ","Vermilion Parish Sheriff's Office"
"5784",1990,"LA0210100","Winnsboro",NA,"LA","West South Central","South","FRANKLIN","City","Cities from 2,500 thru 9,999",5755,8,0,8,0,0,0,8,0,8,1.39,"WINNSBORO POLICE DEPARTMENT                       ","Winnsboro Police Department"
"5785",1990,"LA0220000","Grant",NA,"LA","West South Central","South","GRANT","County","Non-MSA counties from 10,000 thru 24,999",17526,29,0,29,5,0,5,34,0,34,1.94,"GRANT PARISH SHERIFF'S OFFICE                     ","Grant Parish Sheriff's Office"
"5786",1990,"LA0620100","Oak Grove",NA,"LA","West South Central","South","WEST CARROLL","City","Cities under 2,500",2126,4,0,4,1,0,1,5,0,5,2.35,"OAK GROVE POLICE DEPARTMENT                       ","Oak Grove Police Department"
"5787",1990,"LA0130000","Catahoula",NA,"LA","West South Central","South","CATAHOULA","County","Non-MSA counties under 10,000",8345,21,0,21,3,0,3,24,0,24,2.88,"CATAHOULA PARISH SHERIFF'S OFFICE                 ","Catahoula Parish Sheriff's Office"
"5788",1990,"LA0100000","Calcasieu",NA,"LA","West South Central","South","CALCASIEU","County","MSA counties from 25,000 thru 99,999",65794,279,0,279,78,0,78,357,0,357,5.43,"CALCASIEU PARISH SHERIFF'S OFFICE                 ","Calcasieu Parish Sheriff's Office"
"5789",1990,"LA0210000","Franklin",NA,"LA","West South Central","South","FRANKLIN","County","Non-MSA counties from 10,000 thru 24,999",16389,34,0,34,7,0,7,41,0,41,2.5,"FRANKLIN PARISH SHERIFF'S OFFICE                  ","Franklin Parish Sheriff's Office"
"5790",1990,"LA0580000","Vernon",NA,"LA","West South Central","South","VERNON","County","Non-MSA counties from 25,000 thru 99,999",54323,38,0,38,15,0,15,53,0,53,0.98,"VERNON PARISH SHERIFF'S OFFICE                    ","Vernon Parish Sheriff's Office"
"5791",1990,"LA0530900","Southeastern Louisiana University",NA,"LA","West South Central","South","TANGIPAHOA","University or College","Cities under 2,500",0,15,0,15,4,2,6,19,2,21,NA,"SOUTHEASTERN LOUISIANA UNIVERSITY POLICE          ","Southeastern Louisiana University Police"
"5792",1990,"LA0510100","Berwick",NA,"LA","West South Central","South","ST MARY","City","Cities from 2,500 thru 9,999",4375,9,0,9,0,0,0,9,0,9,2.06,"BERWICK POLICE DEPARTMENT                         ","Berwick Police Department"
"5793",1990,"LA0340300","Bonita",NA,"LA","West South Central","South","MOREHOUSE","City","Cities under 2,500",265,3,1,4,0,0,0,3,1,4,15.09,"BONITA POLICE DEPT.                               ","Bonita Police Police Department"
"5794",1990,"LA0140100","Haynesville",NA,"LA","West South Central","South","CLAIBORNE","City","Cities from 2,500 thru 9,999",2854,7,0,7,1,0,1,8,0,8,2.8,"HAYNESVILLE POLICE DEPT                           ","Haynesville Police Police Department"
"5795",1990,"LA0030000","Ascension",NA,"LA","West South Central","South","ASCENSION","County","MSA counties from 25,000 thru 99,999",51211,103,2,105,34,0,34,137,2,139,2.71,"ASCENSION PARISH SHERIFF'S OFFICE                 ","Ascension Parish Sheriff's Office"
"5796",1990,"LA0170200","Baton Rouge",NA,"LA","West South Central","South","EAST BATON ROUGE","City","Cities from 100,000 thru 249,999",233680,527,32,559,102,94,196,629,126,755,3.23,"BATON ROUGE POLICE DEPARTMENT                     ","Baton Rouge Police Department"
"5797",1990,"LA0100100","De Quincy",NA,"LA","West South Central","South","CALCASIEU","City","Cities from 2,500 thru 9,999",3474,8,0,8,1,0,1,9,0,9,2.59,"DEQUINCY POLICE DEPARTMENT                        ","Dequincy Police Department"
"5798",1990,"LA0540000","Tensas",NA,"LA","West South Central","South","TENSAS","County","Non-MSA counties under 10,000",6023,12,0,12,0,4,4,12,4,16,2.66,"TENSAS PARISH SHERIFF'S OFFICE                    ","Tensas Parish Sheriff's Office"
"5799",1990,"LA0620000","West Carroll",NA,"LA","West South Central","South","WEST CARROLL","County","Non-MSA counties under 10,000",9967,16,0,16,4,0,4,20,0,20,2.01,"WEST CARROLL PARISH SHERIFF'S OFFICE              ","West Carroll Parish Sheriff's Office"
"5800",1990,"LA0520000","St. Tammany",NA,"LA","West South Central","South","ST TAMMANY","County","MSA counties 100,000 or over",105610,150,30,180,18,54,72,168,84,252,2.39,"ST. TAMMANY PARISH SHERIFF'S OFFICE               ","St. Tammany Parish Sheriff's Office"
"5801",1990,"LA0280300","Lafayette",NA,"LA","West South Central","South","LAFAYETTE","City","Cities from 50,000 thru 99,999",94440,150,16,166,13,49,62,163,65,228,2.41,"LAFAYETTE POLICE DEPARTMENT                       ","Lafayette Police Department"
"5802",1990,"LA0010000","Acadia",NA,"LA","West South Central","South","ACADIA","County","Non-MSA counties from 25,000 thru 99,999",28530,64,0,64,18,0,18,82,0,82,2.87,"ACADIA PARISH SHERIFF'S OFFICE                    ","Acadia Parish Sheriff's Office"
"5803",1990,"LA0110000","Caldwell",NA,"LA","West South Central","South","CALDWELL","County","Non-MSA counties under 10,000",9810,20,0,20,3,0,3,23,0,23,2.34,"CALDWELL PARISH SHERIFF'S OFFICE                  ","Caldwell Parish Sheriff's Office"
"5804",1990,"LA0170100","Baker",NA,"LA","West South Central","South","EAST BATON ROUGE","City","Cities from 10,000 thru 24,999",13233,23,0,23,6,0,6,29,0,29,2.19,"BAKER POLICE DEPARTMENT                           ","Baker Police Department"
"5805",1990,"LA0050100","Bunkie",NA,"LA","West South Central","South","AVOYELLES","City","Cities from 2,500 thru 9,999",5044,9,0,9,3,0,3,12,0,12,2.38,"BUNKIE POLICE DEPARTMENT                          ","Bunkie Police Department"
"5806",1990,"LA0260000","Jefferson",NA,"LA","West South Central","South","JEFFERSON","County","MSA counties 100,000 or over",337920,652,133,785,87,255,342,739,388,1127,3.34,"JEFFERSON PARISH SHERIFF'S OFFICE                 ","Jefferson Parish Sheriff's Office"
"5807",1990,"LA0500000","St. Martin",NA,"LA","West South Central","South","ST MARTIN","County","MSA counties from 25,000 thru 99,999",29926,69,0,69,32,0,32,101,0,101,3.37,"ST. MARTIN PARISH SHERIFF'S OFFICE                ","St. Martin Parish Sheriff's Office"
"5808",1990,"LA0020000","Allen",NA,"LA","West South Central","South","ALLEN","County","Non-MSA counties from 10,000 thru 24,999",12148,30,0,30,7,0,7,37,0,37,3.05,"ALLEN PARISH SHERIFF'S OFFICE                     ","Allen Parish Sheriff's Office"
"5809",1990,"LA0510300","Morgan City",NA,"LA","West South Central","South","ST MARY","City","Cities from 10,000 thru 24,999",14531,27,3,30,15,1,16,42,4,46,3.17,"MORGAN CITY POLICE DEPARTMENT                     ","Morgan City Police Department"
"5810",1990,"LA0390000","Pointe Coupee",NA,"LA","West South Central","South","POINTE COUPEE","County","Non-MSA counties from 10,000 thru 24,999",17237,46,1,47,16,0,16,62,1,63,3.65,"POINTE COUPEE PARISH SHERIFF'S OFFICE             ","Pointe Coupee Parish Sheriff's Office"
"5811",1990,"LA0400200","Pineville",NA,"LA","West South Central","South","RAPIDES","City","Cities from 10,000 thru 24,999",12251,37,0,37,1,3,4,38,3,41,3.35,"PINEVILLE POLICE DEPARTMENT                       ","Pineville Police Department"
"5812",1990,"LA0270200","Jennings",NA,"LA","West South Central","South","JEFFERSON DAVIS","City","Cities from 10,000 thru 24,999",11305,21,0,21,9,1,10,30,1,31,2.74,"JENNINGS POLICE DEPARTMENT                        ","Jennings Police Department"
"5813",1990,"LA0450000","St. Charles",NA,"LA","West South Central","South","ST CHARLES","County","MSA counties from 25,000 thru 99,999",42437,103,18,121,15,51,66,118,69,187,4.41,"ST. CHARLES PARISH SHERIFF'S OFFICE               ","St. Charles Parish Sheriff's Office"
"5814",1990,"LA0240000","Iberville",NA,"LA","West South Central","South","IBERVILLE","County","Non-MSA counties from 10,000 thru 24,999",23863,49,20,69,1,34,35,50,54,104,4.36,"IBERVILLE PARISH SHERIFF'S OFFICE                 ","Iberville Parish Sheriff's Office"
"5815",1990,"LA0150100","Ferriday",NA,"LA","West South Central","South","CONCORDIA","City","Cities from 2,500 thru 9,999",4111,13,0,13,3,0,3,16,0,16,3.89,"FERRIDAY POLICE DEPARTMENT                        ","Ferriday Police Department"
"5816",1990,"LA0490100","Eunice",NA,"LA","West South Central","South","ACADIA, ST LANDRY","City","Cities from 10,000 thru 24,999",11162,28,0,28,6,1,7,34,1,35,3.14,"EUNICE POLICE DEPARTMENT                          ","Eunice Police Department"
"5817",1990,"LA0310700","Louisiana Tech University",NA,"LA","West South Central","South","LINCOLN","University or College","Cities under 2,500",0,15,0,15,3,2,5,18,2,20,NA,"LOUISIANA TECH UNIVERSITY POLICE                  ","Louisiana Tech University Police"
"5818",1990,"LA0100800","McNeese State University",NA,"LA","West South Central","South","CALCASIEU","University or College","Cities under 2,500",0,10,0,10,2,1,3,12,1,13,NA,"MCNEESE STATE UNIVERSITY POLICE                   ","Mcneese State University Police"
"5819",1990,"LA0430000","Sabine",NA,"LA","West South Central","South","SABINE","County","Non-MSA counties from 10,000 thru 24,999",17755,20,0,20,6,0,6,26,0,26,1.46,"SABINE PARISH SHERIFF'S OFFICE                    ","Sabine Parish Sheriff's Office"
"5820",1990,"LA0410000","Red River",NA,"LA","West South Central","South","RED RIVER","County","Non-MSA counties under 10,000",9387,28,1,29,7,1,8,35,2,37,3.94,"RED RIVER PARISH SHERIFF'S OFFICE                 ","Red River Parish Sheriff's Office"
"5821",1990,"LA0140000","Claiborne",NA,"LA","West South Central","South","CLAIBORNE","County","Non-MSA counties from 10,000 thru 24,999",10399,16,0,16,6,0,6,22,0,22,2.12,"CLAIBORNE PARISH SHERIFF'S OFFICE                 ","Claiborne Parish Sheriff's Office"
"5822",1990,"LA0080000","Bossier",NA,"LA","West South Central","South","BOSSIER","County","MSA counties from 25,000 thru 99,999",32573,68,0,68,25,2,27,93,2,95,2.92,"BOSSIER PARISH SHERIFF'S OFFICE                   ","Bossier Parish Sheriff's Office"
"5823",1990,"LA0090100","Shreveport",NA,"LA","West South Central","South","BOSSIER, CADDO","City","Cities from 100,000 thru 249,999",198525,381,16,397,60,85,145,441,101,542,2.73,"SHREVEPORT POLICE DEPARTMENT                      ","Shreveport Police Department"
"5824",1990,"LA0020200","Oakdale",NA,"LA","West South Central","South","ALLEN","City","Cities from 2,500 thru 9,999",6832,13,0,13,4,0,4,17,0,17,2.49,"OAKDALE POLICE DEPARTMENT                         ","Oakdale Police Department"
"5825",1990,"LA0230200","Jeanerette",NA,"LA","West South Central","South","IBERIA","City","Cities from 2,500 thru 9,999",6205,11,0,11,7,0,7,18,0,18,2.9,"JEANERETTE POLICE DEPARTMENT                      ","Jeanerette Police Department"
"5826",1990,"LA0020100","Kinder",NA,"LA","West South Central","South","ALLEN","City","Cities under 2,500",2246,6,0,6,0,0,0,6,0,6,2.67,"KINDER POLICE DEPARTMENT                          ","Kinder Police Department"
"5827",1990,"LA0500200","St. Martinville",NA,"LA","West South Central","South","ST MARTIN","City","Cities from 2,500 thru 9,999",7137,12,1,13,3,4,7,15,5,20,2.8,"ST. MARTINVILLE POLICE DEPARTMENT                 ","St. Martinville Police Department"
"5828",1990,"LA0560000","Union",NA,"LA","West South Central","South","UNION","County","Non-MSA counties from 10,000 thru 24,999",17356,16,0,16,7,0,7,23,0,23,1.33,"UNION PARISH SHERIFF'S OFFICE                     ","Union Parish Sheriff's Office"
"5829",1990,"LA0010300","Church Point",NA,"LA","West South Central","South","ACADIA","City","Cities from 2,500 thru 9,999",4677,12,0,12,2,0,2,14,0,14,2.99,"CHURCH POINT POLICE DEPARTMENT                    ","Church Point Police Department"
"5830",1990,"LA0100300","Sulphur",NA,"LA","West South Central","South","CALCASIEU","City","Cities from 10,000 thru 24,999",20125,22,3,25,0,4,4,22,7,29,1.44,"SULPHUR POLICE DEPARTMENT                         ","Sulphur Police Department"
"5831",1990,"LA0160000","De Soto",NA,"LA","West South Central","South","DE SOTO","County","Non-MSA counties from 10,000 thru 24,999",19957,37,0,37,12,0,12,49,0,49,2.46,"DE SOTO PARISH SHERIFF'S OFFICE                   ","De Soto Parish Sheriff's Office"
"5832",1990,"LA0640000","Winn",NA,"LA","West South Central","South","WINN","County","Non-MSA counties from 10,000 thru 24,999",10131,21,0,21,6,0,6,27,0,27,2.67,"WINN PARISH SHERIFF'S OFFICE                      ","Winn Parish Sheriff's Office"
"5833",1990,"LA0510500","Baldwin",NA,"LA","West South Central","South","ST MARY","City","Cities under 2,500",2379,4,0,4,0,1,1,4,1,5,2.1,"BALDWIN POLICE DEPARTMENT                         ","Baldwin Police Department"
"5834",1990,"LA0610100","Port Allen",NA,"LA","West South Central","South","WEST BATON ROUGE","City","Cities from 2,500 thru 9,999",6277,17,0,17,4,0,4,21,0,21,3.35,"PORT ALLEN POLICE DEPARTMENT                      ","Port Allen Police Department"
"5835",1990,"LA0570200","Kaplan",NA,"LA","West South Central","South","VERMILION","City","Cities from 2,500 thru 9,999",4535,11,0,11,5,0,5,16,0,16,3.53,"KAPLAN POLICE DEPARTMENT                          ","Kaplan Police Department"
"5836",1990,"LA0520300","Mandeville",NA,"LA","West South Central","South","ST TAMMANY","City","Cities from 2,500 thru 9,999",7083,21,0,21,9,0,9,30,0,30,4.24,"MANDEVILLE POLICE DEPARTMENT                      ","Mandeville Police Department"
"5837",1990,"LA0290500","Thibodaux",NA,"LA","West South Central","South","LAFOURCHE","City","Cities from 10,000 thru 24,999",14035,32,2,34,3,3,6,35,5,40,2.85,"THIBODAUX POLICE DEPARTMENT                       ","Thibodaux Police Department"
"5838",1990,"LA0280000","Lafayette",NA,"LA","West South Central","South","LAFAYETTE","County","MSA counties from 25,000 thru 99,999",70322,328,0,328,101,1,102,429,1,430,6.11,"LAFAYETTE PARISH SHERIFF'S OFFICE                 ","Lafayette Parish Sheriff's Office"
"5839",1990,"LA0200200","Mamou",NA,"LA","West South Central","South","EVANGELINE","City","Cities from 2,500 thru 9,999",3483,8,0,8,4,0,4,12,0,12,3.45,"MAMOU POLICE DEPARTMENT                           ","Mamou Police Department"
"5840",1990,"LA0320000","Livingston",NA,"LA","West South Central","South","LIVINGSTON","County","MSA counties from 25,000 thru 99,999",62145,97,0,97,46,0,46,143,0,143,2.3,"LIVINGSTON PARISH SHERIFF'S OFFICE                ","Livingston Parish Sheriff's Office"
"5841",1990,"LA0390100","New Roads",NA,"LA","West South Central","South","POINTE COUPEE","City","Cities from 2,500 thru 9,999",5303,12,2,14,0,0,0,12,2,14,2.64,"NEW ROADS POLICE DEPARTMENT                       ","New Roads Police Department"
"5842",1990,"LA0490200","Opelousas",NA,"LA","West South Central","South","ST LANDRY","City","Cities from 10,000 thru 24,999",18151,30,1,31,5,2,7,35,3,38,2.09,"OPELOUSAS POLICE DEPARTMENT                       ","Opelousas Police Department"
"5843",1990,"LA0010800","Louisiana State University:","Eunice","LA","West South Central","South","ACADIA","University or College","Cities under 2,500",0,2,0,2,0,0,0,2,0,2,NA,"TRI PARISH NARCOTICS TASK FORCE CROWLEY           ","Tri Parish Narcotics Task Force Crowley"
"5844",1990,"LA0290600","Nicholls State University",NA,"LA","West South Central","South","LAFOURCHE","University or College","Cities under 2,500",0,10,0,10,2,4,6,12,4,16,NA,"NICHOLLS STATE UNIVERSITY POLICE                  ","Nicholls State University Police"
"5845",1990,"LA0420000","Richland",NA,"LA","West South Central","South","RICHLAND","County","Non-MSA counties from 10,000 thru 24,999",12451,20,0,20,7,0,7,27,0,27,2.17,"RICHLAND PARISH SHERIFF'S OFFICE                  ","Richland Parish Sheriff's Office"
"5846",1990,"LA0510400","Patterson",NA,"LA","West South Central","South","ST MARY","City","Cities from 2,500 thru 9,999",4736,7,0,7,2,0,2,9,0,9,1.9,"PATTERSON POLICE DEPARTMENT                       ","Patterson Police Department"
"5847",1990,"LA0260200","Harahan",NA,"LA","West South Central","South","JEFFERSON","City","Cities from 2,500 thru 9,999",9927,18,0,18,6,0,6,24,0,24,2.42,"HARAHAN POLICE DEPARTMENT                         ","Harahan Police Department"
"5848",1990,"LA0610000","West Baton Rouge",NA,"LA","West South Central","South","WEST BATON ROUGE","County","MSA counties from 10,000 thru 24,999",13142,49,4,53,10,4,14,59,8,67,5.1,"WEST BATON ROUGE PARISH SHERIFF'S OFFICE          ","West Baton Rouge Parish Sheriff's Office"
"5849",1990,"LA0550100","Houma",NA,"LA","West South Central","South","TERREBONNE","City","Cities from 25,000 thru 49,999",37263,45,2,47,5,13,18,50,15,65,1.74,"HOUMA POLICE DEPARTMENT                           ","Houma Police Department"
"5850",1989,"LA0210100","Winnsboro",NA,"LA","West South Central","South","FRANKLIN","City","Cities from 2,500 thru 9,999",5796,8,0,8,0,0,0,8,0,8,1.38,"WINNSBORO POLICE DEPARTMENT                       ","Winnsboro Police Department"
"5851",1989,"LA0260100","Gretna",NA,"LA","West South Central","South","JEFFERSON","City","Cities from 10,000 thru 24,999",20112,59,4,63,8,11,19,67,15,82,4.08,"GRETNA POLICE DEPARTMENT                          ","Gretna Police Department"
"5852",1989,"LA0080100","Bossier City",NA,"LA","West South Central","South","BOSSIER","City","Cities from 50,000 thru 99,999",55483,97,1,98,18,13,31,115,14,129,2.33,"BOSSIER CITY POLICE DEPT                          ","Bossier City Police Police Department"
"5853",1989,"LA0220000","Grant",NA,"LA","West South Central","South","GRANT","County","Non-MSA counties from 10,000 thru 24,999",18193,26,0,26,5,0,5,31,0,31,1.7,"GRANT PARISH SHERIFF'S OFFICE                     ","Grant Parish Sheriff's Office"
"5854",1989,"LA0310100","Dubach",NA,"LA","West South Central","South","LINCOLN","City","Cities under 2,500",1143,3,0,3,0,0,0,3,0,3,2.62,"DUBACH POLICE DEPT                                ","Dubach Police Police Department"
"5855",1989,"LA0230400","Loreauville",NA,"LA","West South Central","South","IBERIA","City","Cities under 2,500",835,1,0,1,0,0,0,1,0,1,1.2,"LOREAUVILLE PD                                    ","Loreauville Police Department"
"5856",1989,"LA0470000","St. James",NA,"LA","West South Central","South","ST JAMES","County","Non-MSA counties from 10,000 thru 24,999",21971,51,1,52,16,19,35,67,20,87,3.96,"ST. JAMES PARISH SHERIFF'S OFFICE                 ","St. James Parish Sheriff's Office"
"5857",1989,"LA0100400","Vinton",NA,"LA","West South Central","South","CALCASIEU","City","Cities from 2,500 thru 9,999",3460,9,0,9,2,0,2,11,0,11,3.18,"VINTON POLICE DEPARTMENT                          ","Vinton Police Department"
"5858",1989,"LA0370000","Ouachita",NA,"LA","West South Central","South","OUACHITA","County","MSA counties from 25,000 thru 99,999",69719,163,0,163,52,0,52,215,0,215,3.08,"OUACHITA PARISH SHERIFF'S OFFICE                  ","Ouachita Parish Sheriff's Office"
"5859",1989,"LA0300100","Jena",NA,"LA","West South Central","South","LA SALLE","City","Cities from 2,500 thru 9,999",4503,5,0,5,0,0,0,5,0,5,1.11,"JENA POLICE DEPARTMENT                            ","Jena Police Department"
"5860",1989,"LA0280300","Lafayette",NA,"LA","West South Central","South","LAFAYETTE","City","Cities from 50,000 thru 99,999",85725,144,15,159,10,45,55,154,60,214,2.5,"LAFAYETTE POLICE DEPARTMENT                       ","Lafayette Police Department"
"5861",1989,"LA0170400","Louisiana State University:","Baton Rouge","LA","West South Central","South","EAST BATON ROUGE","University or College","Cities under 2,500",0,43,0,43,7,2,9,50,2,52,NA,"LOUISIANA STATE UNIVERSITY POLICE DEPARTMENT      ","Louisiana State University Police Department"
"5862",1989,"LA0340400","Collinston",NA,"LA","West South Central","South","MOREHOUSE","City","Cities under 2,500",497,1,0,1,0,1,1,1,1,2,4.02,"COLLINSTON POLICE DEPT                            ","Collinston Police Police Department"
"5863",1989,"LA0270400","Welsh",NA,"LA","West South Central","South","JEFFERSON DAVIS","City","Cities from 2,500 thru 9,999",3778,4,0,4,4,0,4,8,0,8,2.12,"WELSH POLICE DEPARTMENT                           ","Welsh Police Department"
"5864",1989,"LA0570000","Vermilion",NA,"LA","West South Central","South","VERMILION","County","Non-MSA counties from 25,000 thru 99,999",33959,70,0,70,18,0,18,88,0,88,2.59,"VERMILION PARISH SHERIFF'S OFFICE                 ","Vermilion Parish Sheriff's Office"
"5865",1989,"LA0620100","Oak Grove",NA,"LA","West South Central","South","WEST CARROLL","City","Cities under 2,500",2495,4,0,4,1,0,1,5,0,5,2,"OAK GROVE POLICE DEPARTMENT                       ","Oak Grove Police Department"
"5866",1989,"LA0260300","Kenner",NA,"LA","West South Central","South","JEFFERSON","City","Cities from 50,000 thru 99,999",74680,110,7,117,8,28,36,118,35,153,2.05,"KENNER POLICE DEPARTMENT                          ","Kenner Police Department"
"5867",1989,"LA0500100","Breaux Bridge",NA,"LA","West South Central","South","ST MARTIN","City","Cities from 2,500 thru 9,999",6850,11,1,12,0,4,4,11,5,16,2.34,"BREAUX BRIDGE POLICE DEPARTMENT                   ","Breaux Bridge Police Department"
"5868",1989,"LA0010100","Crowley",NA,"LA","West South Central","South","ACADIA","City","Cities from 10,000 thru 24,999",15350,26,0,26,5,1,6,31,1,32,2.08,"CROWLEY POLICE DEPARTMENT                         ","Crowley Police Department"
"5869",1989,"LA0630000","West Feliciana",NA,"LA","West South Central","South","WEST FELICIANA","County","Non-MSA counties from 10,000 thru 24,999",13421,19,0,19,5,0,5,24,0,24,1.79,"WEST FELICIANA PARISH SHERIFF'S OFFICE            ","West Feliciana Parish Sheriff's Office"
"5870",1989,"LA0200000","Evangeline",NA,"LA","West South Central","South","EVANGELINE","County","Non-MSA counties from 10,000 thru 24,999",21404,37,0,37,13,0,13,50,0,50,2.34,"EVANGELINE PARISH SHERIFF'S OFFICE                ","Evangeline Parish Sheriff's Office"
"5871",1989,"LA0040000","Assumption",NA,"LA","West South Central","South","ASSUMPTION","County","Non-MSA counties from 10,000 thru 24,999",22567,39,1,40,3,3,6,42,4,46,2.04,"ASSUMPTION PARISH SHERIFF'S OFFICE                ","Assumption Parish Sheriff's Office"
"5872",1989,"LA0150200","Vidalia",NA,"LA","West South Central","South","CONCORDIA","City","Cities from 2,500 thru 9,999",5915,16,0,16,4,0,4,20,0,20,3.38,"VIDALIA POLICE DEPARTMENT                         ","Vidalia Police Department"
"5873",1989,"LA0530000","Tangipahoa",NA,"LA","West South Central","South","TANGIPAHOA","County","Non-MSA counties from 25,000 thru 99,999",56726,151,0,151,50,0,50,201,0,201,3.54,"TANGIPAHOA PARISH SHERIFF'S OFFICE                ","Tangipahoa Parish Sheriff's Office"
"5874",1989,"LA0510400","Patterson",NA,"LA","West South Central","South","ST MARY","City","Cities from 2,500 thru 9,999",5080,9,0,9,2,0,2,11,0,11,2.17,"PATTERSON POLICE DEPARTMENT                       ","Patterson Police Department"
"5875",1989,"LA0610000","West Baton Rouge",NA,"LA","West South Central","South","WEST BATON ROUGE","County","MSA counties from 10,000 thru 24,999",14127,49,4,53,10,4,14,59,8,67,4.74,"WEST BATON ROUGE PARISH SHERIFF'S OFFICE          ","West Baton Rouge Parish Sheriff's Office"
"5876",1989,"LA0010800","Louisiana State University:","Eunice","LA","West South Central","South","ACADIA","University or College","Cities under 2,500",0,1,0,1,0,0,0,1,0,1,NA,"TRI PARISH NARCOTICS TASK FORCE CROWLEY           ","Tri Parish Narcotics Task Force Crowley"
"5877",1989,"LA0480000","St. John the Baptist",NA,"LA","West South Central","South","ST JOHN THE BAPTIST","County","MSA counties from 25,000 thru 99,999",40959,93,3,96,26,0,26,119,3,122,2.98,"ST. JOHN THE BAPTIST PARISH SHERIFF'S OFFICE      ","St. John The Baptist Parish Sheriff's Office"
"5878",1989,"LA0250100","Jonesboro",NA,"LA","West South Central","South","JACKSON","City","Cities from 2,500 thru 9,999",4643,11,0,11,2,0,2,13,0,13,2.8,"JONESBORO POLICE DEPARTMENT                       ","Jonesboro Police Department"
"5879",1989,"LA0290300","Lockport",NA,"LA","West South Central","South","LAFOURCHE","City","Cities from 2,500 thru 9,999",2694,4,0,4,0,0,0,4,0,4,1.48,"LOCKPORT POLICE DEPARTMENT                        ","Lockport Police Department"
"5880",1989,"LA0340100","Bastrop",NA,"LA","West South Central","South","MOREHOUSE","City","Cities from 10,000 thru 24,999",16334,32,0,32,6,5,11,38,5,43,2.63,"BASTROP POLICE DEPARTMENT                         ","Bastrop Police Department"
"5881",1989,"LA0240200","Plaquemine",NA,"LA","West South Central","South","IBERVILLE","City","Cities from 2,500 thru 9,999",7267,21,0,21,6,0,6,27,0,27,3.72,"PLAQUEMINE POLICE DEPARTMENT                      ","Plaquemine Police Department"
"5882",1989,"LA0190000","East Feliciana",NA,"LA","West South Central","South","EAST FELICIANA","County","Non-MSA counties from 10,000 thru 24,999",16772,42,0,42,11,0,11,53,0,53,3.16,"EAST FELICIANA PARISH SHERIFF'S OFFICE            ","East Feliciana Parish Sheriff's Office"
"5883",1989,"LA0100000","Calcasieu",NA,"LA","West South Central","South","CALCASIEU","County","MSA counties from 25,000 thru 99,999",65156,251,0,251,75,0,75,326,0,326,5,"CALCASIEU PARISH SHERIFF'S OFFICE                 ","Calcasieu Parish Sheriff's Office"
"5884",1989,"LA0210400","Baskin",NA,"LA","West South Central","South","FRANKLIN","City","Cities under 2,500",258,1,0,1,0,0,0,1,0,1,3.88,"BASKIN POLICE DEPARTMENT                          ","Baskin Police Department"
"5885",1989,"LA0210000","Franklin",NA,"LA","West South Central","South","FRANKLIN","County","Non-MSA counties from 10,000 thru 24,999",17507,30,0,30,8,0,8,38,0,38,2.17,"FRANKLIN PARISH SHERIFF'S OFFICE                  ","Franklin Parish Sheriff's Office"
"5886",1989,"LA0490000","St. Landry",NA,"LA","West South Central","South","ST LANDRY","County","Non-MSA counties from 25,000 thru 99,999",53654,88,0,88,28,0,28,116,0,116,2.16,"ST. LANDRY PARISH SHERIFF'S OFFICE                ","St. Landry Parish Sheriff's Office"
"5887",1989,"LA0180000","East Carroll",NA,"LA","West South Central","South","EAST CARROLL","County","Non-MSA counties under 10,000",5010,16,0,16,4,0,4,20,0,20,3.99,"EAST CARROLL PARISH SHERIFF'S OFFICE              ","East Carroll Parish Sheriff's Office"
"5888",1989,"LA0260400","Westwego",NA,"LA","West South Central","South","JEFFERSON","City","Cities from 10,000 thru 24,999",11134,19,0,19,2,0,2,21,0,21,1.89,"WESTWEGO POLICE DEPARTMENT                        ","Westwego Police Department"
"5889",1989,"LA0230000","Iberia",NA,"LA","West South Central","South","IBERIA","County","Non-MSA counties from 10,000 thru 24,999",23849,60,0,60,31,0,31,91,0,91,3.82,"IBERIA PARISH SHERIFF'S OFFICE                    ","Iberia Parish Sheriff's Office"
"5890",1989,"LA0170000","East Baton Rouge",NA,"LA","West South Central","South","EAST BATON ROUGE","County","MSA counties 100,000 or over",124269,490,0,490,127,0,127,617,0,617,4.97,"EAST BATON ROUGE PARISH SHERIFF'S OFFICE          ","East Baton Rouge Parish Sheriff's Office"
"5891",1989,"LA0530200","Kentwood",NA,"LA","West South Central","South","TANGIPAHOA","City","Cities from 2,500 thru 9,999",2605,9,0,9,0,1,1,9,1,10,3.84,"KENTWOOD POLICE DEPARTMENT                        ","Kentwood Police Department"
"5892",1989,"LA0600100","Minden",NA,"LA","West South Central","South","WEBSTER","City","Cities from 10,000 thru 24,999",14713,20,0,20,4,0,4,24,0,24,1.63,"MINDEN POLICE DEPARTMENT                          ","Minden Police Department"
"5893",1989,"LA0600200","Springhill",NA,"LA","West South Central","South","WEBSTER","City","Cities from 2,500 thru 9,999",6899,10,0,10,1,0,1,11,0,11,1.59,"SPRINGHILL POLICE DEPARTMENT                      ","Springhill Police Department"
"5894",1989,"LA0560100","Farmerville",NA,"LA","West South Central","South","UNION","City","Cities from 2,500 thru 9,999",3798,8,0,8,3,0,3,11,0,11,2.9,"FARMERVILLE POLICE DEPARTMENT                     ","Farmerville Police Department"
"5895",1989,"LA0580100","Leesville",NA,"LA","West South Central","South","VERNON","City","Cities from 10,000 thru 24,999",13560,18,1,19,8,0,8,26,1,27,1.99,"LEESVILLE POLICE DEPARTMENT                       ","Leesville Police Department"
"5896",1989,"LA0590200","Franklinton",NA,"LA","West South Central","South","WASHINGTON","City","Cities from 2,500 thru 9,999",4354,11,0,11,2,0,2,13,0,13,2.99,"FRANKLINTON POLICE DEPARTMENT                     ","Franklinton Police Department"
"5897",1989,"LA0450000","St. Charles",NA,"LA","West South Central","South","ST CHARLES","County","MSA counties from 25,000 thru 99,999",43444,98,18,116,13,52,65,111,70,181,4.17,"ST. CHARLES PARISH SHERIFF'S OFFICE               ","St. Charles Parish Sheriff's Office"
"5898",1989,"LA0400200","Pineville",NA,"LA","West South Central","South","RAPIDES","City","Cities from 10,000 thru 24,999",14206,37,0,37,2,0,2,39,0,39,2.75,"PINEVILLE POLICE DEPARTMENT                       ","Pineville Police Department"
"5899",1989,"LA0270200","Jennings",NA,"LA","West South Central","South","JEFFERSON DAVIS","City","Cities from 10,000 thru 24,999",12019,17,3,20,8,0,8,25,3,28,2.33,"JENNINGS POLICE DEPARTMENT                        ","Jennings Police Department"
"5900",1989,"LA0530900","Southeastern Louisiana University",NA,"LA","West South Central","South","TANGIPAHOA","University or College","Cities under 2,500",0,14,0,14,4,2,6,18,2,20,NA,"SOUTHEASTERN LOUISIANA UNIVERSITY POLICE          ","Southeastern Louisiana University Police"
"5901",1989,"LA0510100","Berwick",NA,"LA","West South Central","South","ST MARY","City","Cities from 2,500 thru 9,999",4424,9,0,9,0,0,0,9,0,9,2.03,"BERWICK POLICE DEPARTMENT                         ","Berwick Police Department"
"5902",1989,"LA0580000","Vernon",NA,"LA","West South Central","South","VERNON","County","Non-MSA counties from 25,000 thru 99,999",46288,45,0,45,13,0,13,58,0,58,1.25,"VERNON PARISH SHERIFF'S OFFICE                    ","Vernon Parish Sheriff's Office"
"5903",1989,"LA0090200","Vivian",NA,"LA","West South Central","South","CADDO","City","Cities from 2,500 thru 9,999",4503,9,0,9,3,0,3,12,0,12,2.66,"VIVIAN POLICE DEPARTMENT                          ","Vivian Police Department"
"5904",1989,"LA0100500","Westlake",NA,"LA","West South Central","South","CALCASIEU","City","Cities from 2,500 thru 9,999",5438,9,0,9,5,0,5,14,0,14,2.57,"WESTLAKE POLICE DEPARTMENT                        ","Westlake Police Department"
"5905",1989,"LA0380000","Plaquemines",NA,"LA","West South Central","South","PLAQUEMINES","County","Non-MSA counties from 25,000 thru 99,999",25947,114,0,114,29,0,29,143,0,143,5.51,"PLAQUEMINES PARISH SHERIFF'S OFFICE               ","Plaquemines Parish Sheriff's Office"
"5906",1989,"LA0200300","Ville Platte",NA,"LA","West South Central","South","EVANGELINE","City","Cities from 2,500 thru 9,999",9464,21,0,21,3,0,3,24,0,24,2.54,"VILLE PLATTE POLICE DEPARTMENT                    ","Ville Platte Police Department"
"5907",1989,"LA0190200","Jackson",NA,"LA","West South Central","South","EAST FELICIANA","City","Cities from 2,500 thru 9,999",3509,3,0,3,0,0,0,3,0,3,0.85,"JACKSON POLICE DEPARTMENT                         ","Jackson Police Department"
"5908",1989,"LA0160100","Mansfield",NA,"LA","West South Central","South","DE SOTO","City","Cities from 2,500 thru 9,999",6661,14,0,14,3,0,3,17,0,17,2.55,"MANSFIELD POLICE DEPARTMENT                       ","Mansfield Police Department"
"5909",1989,"LA0420100","Delhi",NA,"LA","West South Central","South","RICHLAND","City","Cities from 2,500 thru 9,999",3569,4,0,4,0,0,0,4,0,4,1.12,"DELHI POLICE DEPARTMENT                           ","Delhi Police Department"
"5910",1989,"LA0590000","Washington",NA,"LA","West South Central","South","WASHINGTON","County","Non-MSA counties from 25,000 thru 99,999",25749,49,0,49,10,0,10,59,0,59,2.29,"WASHINGTON PARISH SHERIFF'S OFFICE                ","Washington Parish Sheriff's Office"
"5911",1989,"LA0370400","University of Louisiana:","Monroe","LA","West South Central","South","OUACHITA","University or College","Cities under 2,500",0,14,0,14,0,4,4,14,4,18,NA,"UNIVERSITY OF LOUISIANA - MONROE POLICE           ","University Of Louisiana - Monroe Police"
"5912",1989,"LA0350000","Natchitoches",NA,"LA","West South Central","South","NATCHITOCHES","County","Non-MSA counties from 10,000 thru 24,999",23333,39,8,47,1,4,5,40,12,52,2.23,"NATCHITOCHES PARISH SHERIFF'S OFFICE              ","Natchitoches Parish Sheriff's Office"
"5913",1989,"LA0590100","Bogalusa",NA,"LA","West South Central","South","WASHINGTON","City","Cities from 10,000 thru 24,999",16821,33,2,35,2,7,9,35,9,44,2.62,"BOGALUSA POLICE DEPARTMENT                        ","Bogalusa Police Department"
"5914",1989,"LA0300000","La Salle",NA,"LA","West South Central","South","LA SALLE","County","Non-MSA counties from 10,000 thru 24,999",11900,27,2,29,4,1,5,31,3,34,2.86,"LA SALLE PARISH SHERIFF'S OFFICE                  ","La Salle Parish Sheriff's Office"
"5915",1989,"LA0330100","Tallulah",NA,"LA","West South Central","South","MADISON","City","Cities from 10,000 thru 24,999",10458,9,0,9,5,0,5,14,0,14,1.34,"TALLULAH POLICE DEPT.                             ","Tallulah Police Police Department"
"5916",1989,"LA0310000","Lincoln",NA,"LA","West South Central","South","LINCOLN","County","Non-MSA counties from 10,000 thru 24,999",15409,24,1,25,7,2,9,31,3,34,2.21,"LINCOLN PARISH SHERIFF'S OFFICE                   ","Lincoln Parish Sheriff's Office"
"5917",1989,"LA0350100","Natchitoches",NA,"LA","West South Central","South","NATCHITOCHES","City","Cities from 10,000 thru 24,999",15439,32,1,33,9,1,10,41,2,43,2.79,"NATCHITOCHES POLICE DEPARTMENT                    ","Natchitoches Police Department"
"5918",1989,"LA0570100","Abbeville",NA,"LA","West South Central","South","VERMILION","City","Cities from 10,000 thru 24,999",12974,26,0,26,8,0,8,34,0,34,2.62,"ABBEVILLE POLICE DEPARTMENT                       ","Abbeville Police Department"
"5919",1989,"LA0640100","Winnfield",NA,"LA","West South Central","South","WINN","City","Cities from 2,500 thru 9,999",7198,16,0,16,4,0,4,20,0,20,2.78,"WINNFIELD POLICE DEPT                             ","Winnfield Police Police Department"
"5920",1989,"LA0170300","Zachary",NA,"LA","West South Central","South","EAST BATON ROUGE","City","Cities from 2,500 thru 9,999",9832,17,1,18,6,1,7,23,2,25,2.54,"ZACHARY POLICE DEPARTMENT                         ","Zachary Police Department"
"5921",1989,"LA0230300","New Iberia",NA,"LA","West South Central","South","IBERIA","City","Cities from 25,000 thru 49,999",34547,49,6,55,7,10,17,56,16,72,2.08,"NEW IBERIA PD                                     ","New Iberia Police Department"
"5922",1989,"LA0530100","Hammond",NA,"LA","West South Central","South","TANGIPAHOA","City","Cities from 10,000 thru 24,999",18998,44,0,44,11,0,11,55,0,55,2.9,"HAMMOND POLICE DEPARTMENT                         ","Hammond Police Department"
"5923",1989,"LA0370200","West Monroe",NA,"LA","West South Central","South","OUACHITA","City","Cities from 10,000 thru 24,999",19237,45,2,47,8,1,9,53,3,56,2.91,"WEST MONROE POLICE DEPARTMENT                     ","West Monroe Police Department"
"5924",1989,"LA0430200","Zwolle",NA,"LA","West South Central","South","SABINE","City","Cities from 2,500 thru 9,999",2794,3,0,3,0,0,0,3,0,3,1.07,"ZWOLLE POLICE DEPARTMENT                          ","Zwolle Police Department"
"5925",1989,"LA0600000","Webster",NA,"LA","West South Central","South","WEBSTER","County","Non-MSA counties from 10,000 thru 24,999",23522,40,0,40,6,0,6,46,0,46,1.96,"WEBSTER PARISH SHERIFF'S OFFICE                   ","Webster Parish Sheriff's Office"
"5926",1989,"LA0510000","St. Mary",NA,"LA","West South Central","South","ST MARY","County","Non-MSA counties from 10,000 thru 24,999",23909,77,0,77,20,0,20,97,0,97,4.06,"ST. MARY PARISH SHERIFF'S OFFICE                  ","St. Mary Parish Sheriff's Office"
"5927",1989,"LA0351000","Northwestern State University",NA,"LA","West South Central","South","NATCHITOCHES","University or College","Cities under 2,500",0,10,0,10,1,1,2,11,1,12,NA,"NORTHWESTERN STATE UNIVERSITY OF LOUISIANA POLICE ","Northwestern State University Of Louisiana Police"
"5928",1989,"LA0020200","Oakdale",NA,"LA","West South Central","South","ALLEN","City","Cities from 2,500 thru 9,999",8132,13,0,13,4,0,4,17,0,17,2.09,"OAKDALE POLICE DEPARTMENT                         ","Oakdale Police Department"
"5929",1989,"LA0340300","Bonita",NA,"LA","West South Central","South","MOREHOUSE","City","Cities under 2,500",457,3,1,4,0,0,0,3,1,4,8.75,"BONITA POLICE DEPT.                               ","Bonita Police Police Department"
"5930",1989,"LA0290600","Nicholls State University",NA,"LA","West South Central","South","LAFOURCHE","University or College","Cities under 2,500",0,11,0,11,2,0,2,13,0,13,NA,"NICHOLLS STATE UNIVERSITY POLICE                  ","Nicholls State University Police"
"5931",1989,"LA0260200","Harahan",NA,"LA","West South Central","South","JEFFERSON","City","Cities from 10,000 thru 24,999",10796,13,0,13,6,0,6,19,0,19,1.76,"HARAHAN POLICE DEPARTMENT                         ","Harahan Police Department"
"5932",1989,"LA0420000","Richland",NA,"LA","West South Central","South","RICHLAND","County","Non-MSA counties from 10,000 thru 24,999",13669,16,0,16,6,0,6,22,0,22,1.61,"RICHLAND PARISH SHERIFF'S OFFICE                  ","Richland Parish Sheriff's Office"
"5933",1989,"LA0060100","De Ridder",NA,"LA","West South Central","South","BEAUREGARD","City","Cities from 10,000 thru 24,999",11641,14,0,14,5,0,5,19,0,19,1.63,"DERIDDER POLICE DEPARTMENT                        ","Deridder Police Department"
"5934",1989,"LA0250000","Jackson",NA,"LA","West South Central","South","JACKSON","County","Non-MSA counties from 10,000 thru 24,999",12755,29,0,29,2,0,2,31,0,31,2.43,"JACKSON PARISH SHERIFF'S OFFICE                   ","Jackson Parish Sheriff's Office"
"5935",1989,"LA0090000","Caddo",NA,"LA","West South Central","South","CADDO","County","MSA counties from 25,000 thru 99,999",46785,282,2,284,114,0,114,396,2,398,8.51,"CADDO PARISH SHERIFF'S OFFICE                     ","Caddo Parish Sheriff's Office"
"5936",1989,"LA0510300","Morgan City",NA,"LA","West South Central","South","ST MARY","City","Cities from 10,000 thru 24,999",14445,29,3,32,6,8,14,35,11,46,3.18,"MORGAN CITY POLICE DEPARTMENT                     ","Morgan City Police Department"
"5937",1989,"LA0140000","Claiborne",NA,"LA","West South Central","South","CLAIBORNE","County","Non-MSA counties from 10,000 thru 24,999",10568,16,0,16,6,0,6,22,0,22,2.08,"CLAIBORNE PARISH SHERIFF'S OFFICE                 ","Claiborne Parish Sheriff's Office"
"5938",1989,"LA0080000","Bossier",NA,"LA","West South Central","South","BOSSIER","County","MSA counties from 25,000 thru 99,999",33493,66,0,66,24,0,24,90,0,90,2.69,"BOSSIER PARISH SHERIFF'S OFFICE                   ","Bossier Parish Sheriff's Office"
"5939",1989,"LA0090100","Shreveport",NA,"LA","West South Central","South","BOSSIER, CADDO","City","Cities from 100,000 thru 249,999",216734,323,26,349,35,91,126,358,117,475,2.19,"SHREVEPORT POLICE DEPARTMENT                      ","Shreveport Police Department"
"5940",1989,"LA0100800","McNeese State University",NA,"LA","West South Central","South","CALCASIEU","University or College","Cities under 2,500",0,10,0,10,1,1,2,11,1,12,NA,"MCNEESE STATE UNIVERSITY POLICE                   ","Mcneese State University Police"
"5941",1989,"LA0150100","Ferriday",NA,"LA","West South Central","South","CONCORDIA","City","Cities from 2,500 thru 9,999",4484,13,0,13,3,0,3,16,0,16,3.57,"FERRIDAY POLICE DEPARTMENT                        ","Ferriday Police Department"
"5942",1989,"LA0140100","Haynesville",NA,"LA","West South Central","South","CLAIBORNE","City","Cities from 2,500 thru 9,999",3241,7,0,7,0,0,0,7,0,7,2.16,"HAYNESVILLE POLICE DEPT                           ","Haynesville Police Police Department"
"5943",1989,"LA0170200","Baton Rouge",NA,"LA","West South Central","South","EAST BATON ROUGE","City","Cities from 100,000 thru 249,999",233893,521,31,552,101,91,192,622,122,744,3.18,"BATON ROUGE POLICE DEPARTMENT                     ","Baton Rouge Police Department"
"5944",1989,"LA0030000","Ascension",NA,"LA","West South Central","South","ASCENSION","County","MSA counties from 25,000 thru 99,999",48126,94,1,95,25,1,26,119,2,121,2.51,"ASCENSION PARISH SHERIFF'S OFFICE                 ","Ascension Parish Sheriff's Office"
"5945",1989,"LA0520000","St. Tammany",NA,"LA","West South Central","South","ST TAMMANY","County","MSA counties from 25,000 thru 99,999",93242,174,0,174,72,0,72,246,0,246,2.64,"ST. TAMMANY PARISH SHERIFF'S OFFICE               ","St. Tammany Parish Sheriff's Office"
"5946",1989,"LA0540000","Tensas",NA,"LA","West South Central","South","TENSAS","County","Non-MSA counties under 10,000",6621,11,0,11,0,3,3,11,3,14,2.11,"TENSAS PARISH SHERIFF'S OFFICE                    ","Tensas Parish Sheriff's Office"
"5947",1989,"LA0100100","De Quincy",NA,"LA","West South Central","South","CALCASIEU","City","Cities from 2,500 thru 9,999",4006,7,0,7,1,0,1,8,0,8,2,"DEQUINCY POLICE DEPARTMENT                        ","Dequincy Police Department"
"5948",1989,"LA0620000","West Carroll",NA,"LA","West South Central","South","WEST CARROLL","County","Non-MSA counties from 10,000 thru 24,999",10329,14,0,14,4,0,4,18,0,18,1.74,"WEST CARROLL PARISH SHERIFF'S OFFICE              ","West Carroll Parish Sheriff's Office"
"5949",1989,"LA0230200","Jeanerette",NA,"LA","West South Central","South","IBERIA","City","Cities from 2,500 thru 9,999",6780,10,0,10,6,0,6,16,0,16,2.36,"JEANERETTE POLICE DEPARTMENT                      ","Jeanerette Police Department"
"5950",1989,"LA0130100","Jonesville",NA,"LA","West South Central","South","CATAHOULA","City","Cities from 2,500 thru 9,999",3122,8,5,13,2,1,3,10,6,16,5.12,"JONESVILLE POLICE DEPARTMENT                      ","Jonesville Police Department"
"5951",1989,"LA0410000","Red River",NA,"LA","West South Central","South","RED RIVER","County","Non-MSA counties from 10,000 thru 24,999",10836,29,1,30,7,2,9,36,3,39,3.6,"RED RIVER PARISH SHERIFF'S OFFICE                 ","Red River Parish Sheriff's Office"
"5952",1989,"LA0310700","Louisiana Tech University",NA,"LA","West South Central","South","LINCOLN","University or College","Cities under 2,500",0,13,0,13,4,2,6,17,2,19,NA,"LOUISIANA TECH UNIVERSITY POLICE                  ","Louisiana Tech University Police"
"5953",1989,"LA0430000","Sabine",NA,"LA","West South Central","South","SABINE","County","Non-MSA counties from 10,000 thru 24,999",19982,19,0,19,7,1,8,26,1,27,1.35,"SABINE PARISH SHERIFF'S OFFICE                    ","Sabine Parish Sheriff's Office"
"5954",1989,"LA0490100","Eunice",NA,"LA","West South Central","South","ACADIA, ST LANDRY","City","Cities from 10,000 thru 24,999",12815,28,0,28,4,1,5,32,1,33,2.58,"EUNICE POLICE DEPARTMENT                          ","Eunice Police Department"
"5955",1989,"LA0500200","St. Martinville",NA,"LA","West South Central","South","ST MARTIN","City","Cities from 2,500 thru 9,999",8798,13,0,13,6,0,6,19,0,19,2.16,"ST. MARTINVILLE POLICE DEPARTMENT                 ","St. Martinville Police Department"
"5956",1989,"LA0020100","Kinder",NA,"LA","West South Central","South","ALLEN","City","Cities from 2,500 thru 9,999",2595,6,0,6,0,0,0,6,0,6,2.31,"KINDER POLICE DEPARTMENT                          ","Kinder Police Department"
"5957",1989,"LA0540200","Waterproof",NA,"LA","West South Central","South","TENSAS","City","Cities under 2,500",1432,1,0,1,0,0,0,1,0,1,0.7,"WATERPROOF POLICE DEPARTMENT                      ","Waterproof Police Department"
"5958",1989,"LA0560000","Union",NA,"LA","West South Central","South","UNION","County","Non-MSA counties from 10,000 thru 24,999",18670,18,0,18,6,0,6,24,0,24,1.29,"UNION PARISH SHERIFF'S OFFICE                     ","Union Parish Sheriff's Office"
"5959",1989,"LA0200200","Mamou",NA,"LA","West South Central","South","EVANGELINE","City","Cities from 2,500 thru 9,999",3132,8,0,8,0,4,4,8,4,12,3.83,"MAMOU POLICE DEPARTMENT                           ","Mamou Police Department"
"5960",1989,"LA0310300","Grambling",NA,"LA","West South Central","South","LINCOLN","City","Cities from 2,500 thru 9,999",4643,5,0,5,2,0,2,7,0,7,1.51,"GRAMBLING POLICE DEPARTMENT                       ","Grambling Police Department"
"5961",1989,"LA0270000","Jefferson Davis",NA,"LA","West South Central","South","JEFFERSON DAVIS","County","Non-MSA counties from 10,000 thru 24,999",16413,34,0,34,11,0,11,45,0,45,2.74,"JEFFERSON DAVIS PARISH SHERIFF'S OFFICE           ","Jefferson Davis Parish Sheriff's Office"
"5962",1989,"LA0330000","Madison",NA,"LA","West South Central","South","MADISON","County","Non-MSA counties under 10,000",4156,14,0,14,5,0,5,19,0,19,4.57,"MADISON PARISH SHERIFF'S OFFICE                   ","Madison Parish Sheriff's Office"
"5963",1989,"LA0100200","Lake Charles",NA,"LA","West South Central","South","CALCASIEU","City","Cities from 50,000 thru 99,999",72056,95,2,97,22,0,22,117,2,119,1.65,"LAKE CHARLES POLICE DEPARTMENT                    ","Lake Charles Police Department"
"5964",1989,"LA0030200","Gonzales",NA,"LA","West South Central","South","ASCENSION","City","Cities from 10,000 thru 24,999",10230,22,0,22,7,0,7,29,0,29,2.83,"GONZALES POLICE DEPARTMENT                        ","Gonzales Police Department"
"5965",1989,"LA0390100","New Roads",NA,"LA","West South Central","South","POINTE COUPEE","City","Cities from 2,500 thru 9,999",3639,12,2,14,0,0,0,12,2,14,3.85,"NEW ROADS POLICE DEPARTMENT                       ","New Roads Police Department"
"5966",1989,"LA0610100","Port Allen",NA,"LA","West South Central","South","WEST BATON ROUGE","City","Cities from 2,500 thru 9,999",6452,17,0,17,4,0,4,21,0,21,3.25,"PORT ALLEN POLICE DEPARTMENT                      ","Port Allen Police Department"
"5967",1989,"LA0510500","Baldwin",NA,"LA","West South Central","South","ST MARY","City","Cities from 2,500 thru 9,999",2813,4,0,4,0,0,0,4,0,4,1.42,"BALDWIN POLICE DEPARTMENT                         ","Baldwin Police Department"
"5968",1989,"LA0280000","Lafayette",NA,"LA","West South Central","South","LAFAYETTE","County","MSA counties from 25,000 thru 99,999",78011,328,0,328,101,1,102,429,1,430,5.51,"LAFAYETTE PARISH SHERIFF'S OFFICE                 ","Lafayette Parish Sheriff's Office"
"5969",1989,"LA0320000","Livingston",NA,"LA","West South Central","South","LIVINGSTON","County","MSA counties from 25,000 thru 99,999",60116,97,0,97,46,0,46,143,0,143,2.38,"LIVINGSTON PARISH SHERIFF'S OFFICE                ","Livingston Parish Sheriff's Office"
"5970",1989,"LA0640000","Winn",NA,"LA","West South Central","South","WINN","County","Non-MSA counties under 10,000",9603,22,0,22,5,0,5,27,0,27,2.81,"WINN PARISH SHERIFF'S OFFICE                      ","Winn Parish Sheriff's Office"
"5971",1989,"LA0490200","Opelousas",NA,"LA","West South Central","South","ST LANDRY","City","Cities from 10,000 thru 24,999",18948,30,1,31,5,2,7,35,3,38,2.01,"OPELOUSAS POLICE DEPARTMENT                       ","Opelousas Police Department"
"5972",1989,"LA0070000","Bienville",NA,"LA","West South Central","South","BIENVILLE","County","Non-MSA counties from 10,000 thru 24,999",13123,26,6,32,3,3,6,29,9,38,2.9,"BIENVILLE PARISH SHERIFF'S OFFICE                 ","Bienville Parish Sheriff's Office"
"5973",1989,"LA0140200","Homer",NA,"LA","West South Central","South","CLAIBORNE","City","Cities from 2,500 thru 9,999",4384,9,0,9,1,0,1,10,0,10,2.28,"HOMER POLICE DEPARTMENT                           ","Homer Police Department"
"5974",1989,"LA0370100","Monroe",NA,"LA","West South Central","South","OUACHITA","City","Cities from 50,000 thru 99,999",54201,112,18,130,13,35,48,125,53,178,3.28,"MONROE POLICE DEPARTMENT                          ","Monroe Police Department"
"5975",1989,"LA0420200","Rayville",NA,"LA","West South Central","South","RICHLAND","City","Cities from 2,500 thru 9,999",4305,7,0,7,0,0,0,7,0,7,1.63,"RAYVILLE POLICE DEPARTMENT                        ","Rayville Police Department"
"5976",1989,"LA0290000","Lafourche",NA,"LA","West South Central","South","LAFOURCHE","County","MSA counties from 25,000 thru 99,999",63775,98,18,116,19,14,33,117,32,149,2.34,"LAFOURCHE PARISH SHERIFF'S OFFICE                 ","Lafourche Parish Sheriff's Office"
"5977",1989,"LA0120000","Cameron",NA,"LA","West South Central","South","CAMERON","County","Non-MSA counties under 10,000",9246,45,7,52,0,17,17,45,24,69,7.46,"CAMERON PARISH SHERIFF'S OFFICE                   ","Cameron Parish Sheriff's Office"
"5978",1989,"LA0340000","Morehouse",NA,"LA","West South Central","South","MOREHOUSE","County","Non-MSA counties from 10,000 thru 24,999",18104,23,19,42,3,16,19,26,35,61,3.37,"MOREHOUSE PARISH SHERIFF'S OFFICE                 ","Morehouse Parish Sheriff's Office"
"5979",1989,"LA0530400","Amite",NA,"LA","West South Central","South","TANGIPAHOA","City","Cities from 2,500 thru 9,999",4712,13,0,13,3,0,3,16,0,16,3.4,"AMITE POLICE DEPARTMENT                           ","Amite Police Department"
"5980",1989,"LA0150000","Concordia",NA,"LA","West South Central","South","CONCORDIA","County","Non-MSA counties from 10,000 thru 24,999",11969,27,0,27,10,0,10,37,0,37,3.09,"CONCORDIA PARISH SHERIFF'S OFFICE                 ","Concordia Parish Sheriff's Office"
"5981",1989,"LA0070100","Arcadia",NA,"LA","West South Central","South","BIENVILLE","City","Cities from 2,500 thru 9,999",3380,5,0,5,0,0,0,5,0,5,1.48,"ARCADIA POLICE DEPARTMENT                         ","Arcadia Police Department"
"5982",1989,"LA0010300","Church Point",NA,"LA","West South Central","South","ACADIA","City","Cities from 2,500 thru 9,999",4633,12,0,12,2,0,2,14,0,14,3.02,"CHURCH POINT POLICE DEPARTMENT                    ","Church Point Police Department"
"5983",1989,"LA0060000","Beauregard",NA,"LA","West South Central","South","BEAUREGARD","County","Non-MSA counties from 10,000 thru 24,999",20470,37,8,45,1,7,8,38,15,53,2.59,"BEAUREGARD PARISH SHERIFF'S OFFICE                ","Beauregard Parish Sheriff's Office"
"5984",1989,"LA0550000","Terrebonne",NA,"LA","West South Central","South","TERREBONNE","County","MSA counties from 25,000 thru 99,999",59992,151,0,151,41,0,41,192,0,192,3.2,"TERREBONNE PARISH SHERIFF'S OFFICE                ","Terrebonne Parish Sheriff's Office"
"5985",1989,"LA0530300","Ponchatoula",NA,"LA","West South Central","South","TANGIPAHOA","City","Cities from 2,500 thru 9,999",6830,10,0,10,2,0,2,12,0,12,1.76,"PONCHATOULA POLICE DEPARTMENT                     ","Ponchatoula Police Department"
"5986",1989,"LA0320100","Denham Springs",NA,"LA","West South Central","South","LIVINGSTON","City","Cities from 10,000 thru 24,999",12258,13,0,13,5,1,6,18,1,19,1.55,"DENHAM SPRINGS POLICE DEPARTMENT                  ","Denham Springs Police Department"
"5987",1989,"LA0401000","Ball",NA,"LA","West South Central","South","RAPIDES","City","Cities from 2,500 thru 9,999",4325,6,0,6,1,0,1,7,0,7,1.62,"BALL POLICE DEPARTMENT                            ","Ball Police Department"
"5988",1989,"LA0010200","Rayne",NA,"LA","West South Central","South","ACADIA","City","Cities from 2,500 thru 9,999",9087,16,0,16,4,0,4,20,0,20,2.2,"RAYNE POLICE DEPARTMENT                           ","Rayne Police Department"
"5989",1989,"LA0240000","Iberville",NA,"LA","West South Central","South","IBERVILLE","County","Non-MSA counties from 25,000 thru 99,999",25739,53,21,74,1,35,36,54,56,110,4.27,"IBERVILLE PARISH SHERIFF'S OFFICE                 ","Iberville Parish Sheriff's Office"
"5990",1989,"LA0100300","Sulphur",NA,"LA","West South Central","South","CALCASIEU","City","Cities from 10,000 thru 24,999",21275,22,3,25,0,4,4,22,7,29,1.36,"SULPHUR POLICE DEPARTMENT                         ","Sulphur Police Department"
"5991",1989,"LA0160000","De Soto",NA,"LA","West South Central","South","DE SOTO","County","Non-MSA counties from 10,000 thru 24,999",20082,37,0,37,14,0,14,51,0,51,2.54,"DE SOTO PARISH SHERIFF'S OFFICE                   ","De Soto Parish Sheriff's Office"
"5992",1989,"LA0050100","Bunkie",NA,"LA","West South Central","South","AVOYELLES","City","Cities from 2,500 thru 9,999",5180,10,0,10,3,0,3,13,0,13,2.51,"BUNKIE POLICE DEPARTMENT                          ","Bunkie Police Department"
"5993",1989,"LA0170100","Baker",NA,"LA","West South Central","South","EAST BATON ROUGE","City","Cities from 10,000 thru 24,999",14057,23,0,23,7,0,7,30,0,30,2.13,"BAKER POLICE DEPARTMENT                           ","Baker Police Department"
"5994",1989,"LA0110000","Caldwell",NA,"LA","West South Central","South","CALDWELL","County","Non-MSA counties from 10,000 thru 24,999",11234,19,0,19,4,0,4,23,0,23,2.05,"CALDWELL PARISH SHERIFF'S OFFICE                  ","Caldwell Parish Sheriff's Office"
"5995",1989,"LA0260000","Jefferson",NA,"LA","West South Central","South","JEFFERSON","County","MSA counties 100,000 or over",351919,665,151,816,89,262,351,754,413,1167,3.32,"JEFFERSON PARISH SHERIFF'S OFFICE                 ","Jefferson Parish Sheriff's Office"
"5996",1989,"LA0550100","Houma",NA,"LA","West South Central","South","TERREBONNE","City","Cities from 25,000 thru 49,999",37434,40,2,42,4,12,16,44,14,58,1.55,"HOUMA POLICE DEPARTMENT                           ","Houma Police Department"
"5997",1989,"LA0130000","Catahoula",NA,"LA","West South Central","South","CATAHOULA","County","Non-MSA counties under 10,000",8907,19,0,19,3,0,3,22,0,22,2.47,"CATAHOULA PARISH SHERIFF'S OFFICE                 ","Catahoula Parish Sheriff's Office"
"5998",1989,"LA0400100","Alexandria",NA,"LA","West South Central","South","RAPIDES","City","Cities from 25,000 thru 49,999",49886,117,6,123,3,19,22,120,25,145,2.91,"ALEXANDRIA POLICE DEPARTMENT                      ","Alexandria Police Department"
"5999",1989,"LA0310200","Ruston",NA,"LA","West South Central","South","LINCOLN","City","Cities from 10,000 thru 24,999",21056,25,4,29,0,3,3,25,7,32,1.52,"RUSTON POLICE DEPARTMENT                          ","Ruston Police Department"
"6000",1989,"LANPD0000","New Orleans",NA,"LA","West South Central","South","ORLEANS","City","Cities from 500,000 thru 999,999",528589,1225,84,1309,135,192,327,1360,276,1636,3.1,"NEW ORLEANS POLICE DEPARTMENT                     ","New Orleans Police Department"
"6001",1989,"LA0570200","Kaplan",NA,"LA","West South Central","South","VERMILION","City","Cities from 2,500 thru 9,999",4961,11,0,11,5,1,6,16,1,17,3.43,"KAPLAN POLICE DEPARTMENT                          ","Kaplan Police Department"
"6002",1989,"LA0520300","Mandeville",NA,"LA","West South Central","South","ST TAMMANY","City","Cities from 2,500 thru 9,999",9842,24,0,24,7,0,7,31,0,31,3.15,"MANDEVILLE POLICE DEPARTMENT                      ","Mandeville Police Department"
"6003",1989,"LA0290500","Thibodaux",NA,"LA","West South Central","South","LAFOURCHE","City","Cities from 10,000 thru 24,999",15986,30,3,33,3,3,6,33,6,39,2.44,"THIBODAUX POLICE DEPARTMENT                       ","Thibodaux Police Department"
"6004",1989,"LALSP0000","State Police",NA,"LA","West South Central","South","UNMAPPED COUNTY","State Police","Non-MSA counties under 10,000",0,590,100,690,4,190,194,594,290,884,NA,"LOUISIANA STATE POLICE                            ","Louisiana State Police"
"6005",1989,"LA0510200","Franklin",NA,"LA","West South Central","South","ST MARY","City","Cities from 2,500 thru 9,999",9077,14,5,19,4,3,7,18,8,26,2.86,"FRANKLIN POLICE DEPARTMENT                        ","Franklin Police Department"
"6006",1989,"LA0010000","Acadia",NA,"LA","West South Central","South","ACADIA","County","Non-MSA counties from 25,000 thru 99,999",28272,60,1,61,1,15,16,61,16,77,2.72,"ACADIA PARISH SHERIFF'S OFFICE                    ","Acadia Parish Sheriff's Office"
"6007",1989,"LA0500000","St. Martin",NA,"LA","West South Central","South","ST MARTIN","County","MSA counties from 25,000 thru 99,999",28463,51,1,52,26,0,26,77,1,78,2.74,"ST. MARTIN PARISH SHERIFF'S OFFICE                ","St. Martin Parish Sheriff's Office"
"6008",1989,"LA0390000","Pointe Coupee",NA,"LA","West South Central","South","POINTE COUPEE","County","Non-MSA counties from 10,000 thru 24,999",20419,47,1,48,16,0,16,63,1,64,3.13,"POINTE COUPEE PARISH SHERIFF'S OFFICE             ","Pointe Coupee Parish Sheriff's Office"
"6009",1989,"LA0020000","Allen",NA,"LA","West South Central","South","ALLEN","County","Non-MSA counties from 10,000 thru 24,999",11442,30,0,30,2,5,7,32,5,37,3.23,"ALLEN PARISH SHERIFF'S OFFICE                     ","Allen Parish Sheriff's Office"
"6010",1989,"LA0400000","Rapides",NA,"LA","West South Central","South","RAPIDES","County","MSA counties from 25,000 thru 99,999",67989,176,0,176,34,0,34,210,0,210,3.09,"RAPIDES PARISH SHERIFF'S OFFICE                   ","Rapides Parish Sheriff's Office"
"6011",1989,"LA0050300","Simmesport",NA,"LA","West South Central","South","AVOYELLES","City","Cities under 2,500",2406,5,0,5,0,0,0,5,0,5,2.08,"SIMMESPORT POLICE DEPT.                           ","Simmesport Police Police Department"
"6012",1989,"LA0430100","Many",NA,"LA","West South Central","South","SABINE","City","Cities from 2,500 thru 9,999",4165,10,0,10,1,0,1,11,0,11,2.64,"MANY POLICE DEPARTMENT                            ","Many Police Department"
"6013",1988,"LA0170400","Louisiana State University:","Baton Rouge","LA","West South Central","South","EAST BATON ROUGE","University or College","Cities under 2,500",0,30,0,30,6,2,8,36,2,38,NA,"LOUISIANA STATE UNIVERSITY POLICE DEPARTMENT      ","Louisiana State University Police Department"
"6014",1988,"LA0270200","Jennings",NA,"LA","West South Central","South","JEFFERSON DAVIS","City","Cities from 10,000 thru 24,999",12423,15,0,15,7,0,7,22,0,22,1.77,"JENNINGS POLICE DEPARTMENT                        ","Jennings Police Department"
"6015",1988,"LA0400200","Pineville",NA,"LA","West South Central","South","RAPIDES","City","Cities from 10,000 thru 24,999",14310,33,0,33,2,1,3,35,1,36,2.52,"PINEVILLE POLICE DEPARTMENT                       ","Pineville Police Department"
"6016",1988,"LA0050300","Simmesport",NA,"LA","West South Central","South","AVOYELLES","City","Cities under 2,500",2473,4,0,4,0,0,0,4,0,4,1.62,"SIMMESPORT POLICE DEPT.                           ","Simmesport Police Police Department"
"6017",1988,"LA0450000","St. Charles",NA,"LA","West South Central","South","ST CHARLES","County","MSA counties from 25,000 thru 99,999",43301,92,20,112,12,51,63,104,71,175,4.04,"ST. CHARLES PARISH SHERIFF'S OFFICE               ","St. Charles Parish Sheriff's Office"
"6018",1988,"LA0180000","East Carroll",NA,"LA","West South Central","South","EAST CARROLL","County","Non-MSA counties under 10,000",5139,17,0,17,3,0,3,20,0,20,3.89,"EAST CARROLL PARISH SHERIFF'S OFFICE              ","East Carroll Parish Sheriff's Office"
"6019",1988,"LA0230000","Iberia",NA,"LA","West South Central","South","IBERIA","County","Non-MSA counties from 10,000 thru 24,999",24407,58,0,58,31,0,31,89,0,89,3.65,"IBERIA PARISH SHERIFF'S OFFICE                    ","Iberia Parish Sheriff's Office"
"6020",1988,"LA0170000","East Baton Rouge",NA,"LA","West South Central","South","EAST BATON ROUGE","County","MSA counties 100,000 or over",121257,410,0,410,125,0,125,535,0,535,4.41,"EAST BATON ROUGE PARISH SHERIFF'S OFFICE          ","East Baton Rouge Parish Sheriff's Office"
"6021",1988,"LA0530900","Southeastern Louisiana University",NA,"LA","West South Central","South","TANGIPAHOA","University or College","Cities under 2,500",0,10,0,10,4,2,6,14,2,16,NA,"SOUTHEASTERN LOUISIANA UNIVERSITY POLICE          ","Southeastern Louisiana University Police"
"6022",1988,"LA0510100","Berwick",NA,"LA","West South Central","South","ST MARY","City","Cities from 2,500 thru 9,999",4653,9,0,9,0,0,0,9,0,9,1.93,"BERWICK POLICE DEPARTMENT                         ","Berwick Police Department"
"6023",1988,"LA0580000","Vernon",NA,"LA","West South Central","South","VERNON","County","Non-MSA counties from 25,000 thru 99,999",47876,46,0,46,12,0,12,58,0,58,1.21,"VERNON PARISH SHERIFF'S OFFICE                    ","Vernon Parish Sheriff's Office"
"6024",1988,"LA0270000","Jefferson Davis",NA,"LA","West South Central","South","JEFFERSON DAVIS","County","Non-MSA counties from 10,000 thru 24,999",16556,28,3,31,5,6,11,33,9,42,2.54,"JEFFERSON DAVIS PARISH SHERIFF'S OFFICE           ","Jefferson Davis Parish Sheriff's Office"
"6025",1988,"LA0310300","Grambling",NA,"LA","West South Central","South","LINCOLN","City","Cities from 2,500 thru 9,999",4572,5,0,5,2,0,2,7,0,7,1.53,"GRAMBLING POLICE DEPARTMENT                       ","Grambling Police Department"
"6026",1988,"LANPD0000","New Orleans",NA,"LA","West South Central","South","ORLEANS","City","Cities from 500,000 thru 999,999",538047,1225,84,1309,135,192,327,1360,276,1636,3.04,"NEW ORLEANS POLICE DEPARTMENT                     ","New Orleans Police Department"
"6027",1988,"LA0330000","Madison",NA,"LA","West South Central","South","MADISON","County","Non-MSA counties under 10,000",4154,14,0,14,5,0,5,19,0,19,4.57,"MADISON PARISH SHERIFF'S OFFICE                   ","Madison Parish Sheriff's Office"
"6028",1988,"LA0030200","Gonzales",NA,"LA","West South Central","South","ASCENSION","City","Cities from 2,500 thru 9,999",8904,22,0,22,5,0,5,27,0,27,3.03,"GONZALES POLICE DEPARTMENT                        ","Gonzales Police Department"
"6029",1988,"LA0100200","Lake Charles",NA,"LA","West South Central","South","CALCASIEU","City","Cities from 50,000 thru 99,999",72184,95,2,97,25,1,26,120,3,123,1.7,"LAKE CHARLES POLICE DEPARTMENT                    ","Lake Charles Police Department"
"6030",1988,"LA0260400","Westwego",NA,"LA","West South Central","South","JEFFERSON","City","Cities from 10,000 thru 24,999",11778,16,0,16,1,0,1,17,0,17,1.44,"WESTWEGO POLICE DEPARTMENT                        ","Westwego Police Department"
"6031",1988,"LA0440000","St. Bernard",NA,"LA","West South Central","South","ST BERNARD","County","MSA counties from 25,000 thru 99,999",67875,84,5,89,12,15,27,96,20,116,1.71,"ST. BERNARD PARISH SHERIFF'S OFFICE               ","St. Bernard Parish Sheriff's Office"
"6032",1988,"LA0590200","Franklinton",NA,"LA","West South Central","South","WASHINGTON","City","Cities from 2,500 thru 9,999",4459,11,0,11,2,0,2,13,0,13,2.92,"FRANKLINTON POLICE DEPARTMENT                     ","Franklinton Police Department"
"6033",1988,"LA0340400","Collinston",NA,"LA","West South Central","South","MOREHOUSE","City","Cities under 2,500",486,1,0,1,0,0,0,1,0,1,2.06,"COLLINSTON POLICE DEPT                            ","Collinston Police Police Department"
"6034",1988,"LA0580100","Leesville",NA,"LA","West South Central","South","VERNON","City","Cities from 10,000 thru 24,999",11477,20,1,21,7,0,7,27,1,28,2.44,"LEESVILLE POLICE DEPARTMENT                       ","Leesville Police Department"
"6035",1988,"LA0100000","Calcasieu",NA,"LA","West South Central","South","CALCASIEU","County","MSA counties from 25,000 thru 99,999",63953,248,0,248,76,0,76,324,0,324,5.07,"CALCASIEU PARISH SHERIFF'S OFFICE                 ","Calcasieu Parish Sheriff's Office"
"6036",1988,"LA0210400","Baskin",NA,"LA","West South Central","South","FRANKLIN","City","Cities under 2,500",289,1,0,1,0,0,0,1,0,1,3.46,"BASKIN POLICE DEPARTMENT                          ","Baskin Police Department"
"6037",1988,"LA0210000","Franklin",NA,"LA","West South Central","South","FRANKLIN","County","Non-MSA counties from 10,000 thru 24,999",18132,20,0,20,4,0,4,24,0,24,1.32,"FRANKLIN PARISH SHERIFF'S OFFICE                  ","Franklin Parish Sheriff's Office"
"6038",1988,"LA0510500","Baldwin",NA,"LA","West South Central","South","ST MARY","City","Cities from 2,500 thru 9,999",2729,4,0,4,1,0,1,5,0,5,1.83,"BALDWIN POLICE DEPARTMENT                         ","Baldwin Police Department"
"6039",1988,"LA0610100","Port Allen",NA,"LA","West South Central","South","WEST BATON ROUGE","City","Cities from 2,500 thru 9,999",6428,17,0,17,4,0,4,21,0,21,3.27,"PORT ALLEN POLICE DEPARTMENT                      ","Port Allen Police Department"
"6040",1988,"LA0280000","Lafayette",NA,"LA","West South Central","South","LAFAYETTE","County","MSA counties from 25,000 thru 99,999",78766,319,0,319,99,0,99,418,0,418,5.31,"LAFAYETTE PARISH SHERIFF'S OFFICE                 ","Lafayette Parish Sheriff's Office"
"6041",1988,"LA0640000","Winn",NA,"LA","West South Central","South","WINN","County","Non-MSA counties under 10,000",9598,21,0,21,6,0,6,27,0,27,2.81,"WINN PARISH SHERIFF'S OFFICE                      ","Winn Parish Sheriff's Office"
"6042",1988,"LA0070100","Arcadia",NA,"LA","West South Central","South","BIENVILLE","City","Cities from 2,500 thru 9,999",3517,5,0,5,0,0,0,5,0,5,1.42,"ARCADIA POLICE DEPARTMENT                         ","Arcadia Police Department"
"6043",1988,"LA0490200","Opelousas",NA,"LA","West South Central","South","ST LANDRY","City","Cities from 10,000 thru 24,999",19402,31,0,31,4,0,4,35,0,35,1.8,"OPELOUSAS POLICE DEPARTMENT                       ","Opelousas Police Department"
"6044",1988,"LA0320000","Livingston",NA,"LA","West South Central","South","LIVINGSTON","County","MSA counties from 25,000 thru 99,999",61197,71,0,71,38,0,38,109,0,109,1.78,"LIVINGSTON PARISH SHERIFF'S OFFICE                ","Livingston Parish Sheriff's Office"
"6045",1988,"LA0390100","New Roads",NA,"LA","West South Central","South","POINTE COUPEE","City","Cities from 2,500 thru 9,999",3760,11,0,11,0,0,0,11,0,11,2.93,"NEW ROADS POLICE DEPARTMENT                       ","New Roads Police Department"
"6046",1988,"LA0150000","Concordia",NA,"LA","West South Central","South","CONCORDIA","County","Non-MSA counties from 10,000 thru 24,999",12327,20,0,20,9,1,10,29,1,30,2.43,"CONCORDIA PARISH SHERIFF'S OFFICE                 ","Concordia Parish Sheriff's Office"
"6047",1988,"LA0060000","Beauregard",NA,"LA","West South Central","South","BEAUREGARD","County","Non-MSA counties from 10,000 thru 24,999",21233,40,2,42,5,4,9,45,6,51,2.4,"BEAUREGARD PARISH SHERIFF'S OFFICE                ","Beauregard Parish Sheriff's Office"
"6048",1988,"LA0080100","Bossier City",NA,"LA","West South Central","South","BOSSIER","City","Cities from 50,000 thru 99,999",56724,96,1,97,17,13,30,113,14,127,2.24,"BOSSIER CITY POLICE DEPT                          ","Bossier City Police Police Department"
"6049",1988,"LA0210100","Winnsboro",NA,"LA","West South Central","South","FRANKLIN","City","Cities from 2,500 thru 9,999",5855,8,0,8,0,0,0,8,0,8,1.37,"WINNSBORO POLICE DEPARTMENT                       ","Winnsboro Police Department"
"6050",1988,"LA0220000","Grant",NA,"LA","West South Central","South","GRANT","County","Non-MSA counties from 10,000 thru 24,999",18628,25,3,28,0,4,4,25,7,32,1.72,"GRANT PARISH SHERIFF'S OFFICE                     ","Grant Parish Sheriff's Office"
"6051",1988,"LA0230400","Loreauville",NA,"LA","West South Central","South","IBERIA","City","Cities under 2,500",828,1,0,1,0,0,0,1,0,1,1.21,"LOREAUVILLE PD                                    ","Loreauville Police Department"
"6052",1988,"LA0550000","Terrebonne",NA,"LA","West South Central","South","TERREBONNE","County","MSA counties from 25,000 thru 99,999",60284,143,0,143,41,0,41,184,0,184,3.05,"TERREBONNE PARISH SHERIFF'S OFFICE                ","Terrebonne Parish Sheriff's Office"
"6053",1988,"LA0320100","Denham Springs",NA,"LA","West South Central","South","LIVINGSTON","City","Cities from 10,000 thru 24,999",10741,13,0,13,5,1,6,18,1,19,1.77,"DENHAM SPRINGS POLICE DEPARTMENT                  ","Denham Springs Police Department"
"6054",1988,"LA0010200","Rayne",NA,"LA","West South Central","South","ACADIA","City","Cities from 2,500 thru 9,999",9330,17,1,18,3,0,3,20,1,21,2.25,"RAYNE POLICE DEPARTMENT                           ","Rayne Police Department"
"6055",1988,"LA0401000","Ball",NA,"LA","West South Central","South","RAPIDES","City","Cities from 2,500 thru 9,999",4179,4,1,5,0,1,1,4,2,6,1.44,"BALL POLICE DEPARTMENT                            ","Ball Police Department"
"6056",1988,"LA0530300","Ponchatoula",NA,"LA","West South Central","South","TANGIPAHOA","City","Cities from 2,500 thru 9,999",6398,10,0,10,2,0,2,12,0,12,1.88,"PONCHATOULA POLICE DEPARTMENT                     ","Ponchatoula Police Department"
"6057",1988,"LA0400700","Woodworth",NA,"LA","West South Central","South","RAPIDES","City","Cities under 2,500",507,2,0,2,0,1,1,2,1,3,5.92,"WOODWORTH POLICE DEPARTMENT                       ","Woodworth Police Department"
"6058",1988,"LA0430100","Many",NA,"LA","West South Central","South","SABINE","City","Cities from 2,500 thru 9,999",4151,10,0,10,1,0,1,11,0,11,2.65,"MANY POLICE DEPARTMENT                            ","Many Police Department"
"6059",1988,"LA0400000","Rapides",NA,"LA","West South Central","South","RAPIDES","County","MSA counties from 25,000 thru 99,999",68736,138,22,160,16,25,41,154,47,201,2.92,"RAPIDES PARISH SHERIFF'S OFFICE                   ","Rapides Parish Sheriff's Office"
"6060",1988,"LA0520100","Covington",NA,"LA","West South Central","South","ST TAMMANY","City","Cities from 10,000 thru 24,999",10144,25,1,26,5,0,5,30,1,31,3.06,"COVINGTON POLICE DEPARTMENT                       ","Covington Police Department"
"6061",1988,"LA0290100","Golden Meadow",NA,"LA","West South Central","South","LAFOURCHE","City","Cities under 2,500",2257,7,0,7,1,1,2,8,1,9,3.99,"GOLDEN MEADOW POLICE DEPARTMENT                   ","Golden Meadow Police Department"
"6062",1988,"LA0200200","Mamou",NA,"LA","West South Central","South","EVANGELINE","City","Cities from 2,500 thru 9,999",3309,8,1,9,0,3,3,8,4,12,3.63,"MAMOU POLICE DEPARTMENT                           ","Mamou Police Department"
"6063",1988,"LA0490000","St. Landry",NA,"LA","West South Central","South","ST LANDRY","County","Non-MSA counties from 25,000 thru 99,999",54703,88,0,88,28,0,28,116,0,116,2.12,"ST. LANDRY PARISH SHERIFF'S OFFICE                ","St. Landry Parish Sheriff's Office"
"6064",1988,"LA0400100","Alexandria",NA,"LA","West South Central","South","RAPIDES","City","Cities from 50,000 thru 99,999",51189,116,0,116,4,15,19,120,15,135,2.64,"ALEXANDRIA POLICE DEPARTMENT                      ","Alexandria Police Department"
"6065",1988,"LA0130000","Catahoula",NA,"LA","West South Central","South","CATAHOULA","County","Non-MSA counties under 10,000",9334,24,0,24,3,2,5,27,2,29,3.11,"CATAHOULA PARISH SHERIFF'S OFFICE                 ","Catahoula Parish Sheriff's Office"
"6066",1988,"LA0310200","Ruston",NA,"LA","West South Central","South","LINCOLN","City","Cities from 10,000 thru 24,999",21543,29,4,33,1,2,3,30,6,36,1.67,"RUSTON POLICE DEPARTMENT                          ","Ruston Police Department"
"6067",1988,"LA0420100","Delhi",NA,"LA","West South Central","South","RICHLAND","City","Cities from 2,500 thru 9,999",3656,4,0,4,0,0,0,4,0,4,1.09,"DELHI POLICE DEPARTMENT                           ","Delhi Police Department"
"6068",1988,"LA0100500","Westlake",NA,"LA","West South Central","South","CALCASIEU","City","Cities from 2,500 thru 9,999",5399,9,0,9,4,0,4,13,0,13,2.41,"WESTLAKE POLICE DEPARTMENT                        ","Westlake Police Department"
"6069",1988,"LA0200300","Ville Platte",NA,"LA","West South Central","South","EVANGELINE","City","Cities from 2,500 thru 9,999",9740,21,3,24,3,0,3,24,3,27,2.77,"VILLE PLATTE POLICE DEPARTMENT                    ","Ville Platte Police Department"
"6070",1988,"LA0090200","Vivian",NA,"LA","West South Central","South","CADDO","City","Cities from 2,500 thru 9,999",4480,9,0,9,0,4,4,9,4,13,2.9,"VIVIAN POLICE DEPARTMENT                          ","Vivian Police Department"
"6071",1988,"LA0160100","Mansfield",NA,"LA","West South Central","South","DE SOTO","City","Cities from 2,500 thru 9,999",6911,14,0,14,3,0,3,17,0,17,2.46,"MANSFIELD POLICE DEPARTMENT                       ","Mansfield Police Department"
"6072",1988,"LA0380000","Plaquemines",NA,"LA","West South Central","South","PLAQUEMINES","County","Non-MSA counties from 25,000 thru 99,999",26159,112,0,112,29,0,29,141,0,141,5.39,"PLAQUEMINES PARISH SHERIFF'S OFFICE               ","Plaquemines Parish Sheriff's Office"
"6073",1988,"LA0300100","Jena",NA,"LA","West South Central","South","LA SALLE","City","Cities from 2,500 thru 9,999",4554,5,0,5,0,0,0,5,0,5,1.1,"JENA POLICE DEPARTMENT                            ","Jena Police Department"
"6074",1988,"LA0370000","Ouachita",NA,"LA","West South Central","South","OUACHITA","County","MSA counties from 25,000 thru 99,999",72681,152,0,152,52,0,52,204,0,204,2.81,"OUACHITA PARISH SHERIFF'S OFFICE                  ","Ouachita Parish Sheriff's Office"
"6075",1988,"LA0100400","Vinton",NA,"LA","West South Central","South","CALCASIEU","City","Cities from 2,500 thru 9,999",3579,9,0,9,3,0,3,12,0,12,3.35,"VINTON POLICE DEPARTMENT                          ","Vinton Police Department"
"6076",1988,"LA0470000","St. James",NA,"LA","West South Central","South","ST JAMES","County","Non-MSA counties from 10,000 thru 24,999",21799,52,1,53,16,23,39,68,24,92,4.22,"ST. JAMES PARISH SHERIFF'S OFFICE                 ","St. James Parish Sheriff's Office"
"6077",1988,"LA0020200","Oakdale",NA,"LA","West South Central","South","ALLEN","City","Cities from 2,500 thru 9,999",7008,13,0,13,4,0,4,17,0,17,2.43,"OAKDALE POLICE DEPARTMENT                         ","Oakdale Police Department"
"6078",1988,"LA0640100","Winnfield",NA,"LA","West South Central","South","WINN","City","Cities from 2,500 thru 9,999",7445,16,4,20,3,1,4,19,5,24,3.22,"WINNFIELD POLICE DEPT                             ","Winnfield Police Police Department"
"6079",1988,"LALSP0000","State Police",NA,"LA","West South Central","South","UNMAPPED COUNTY","State Police","Non-MSA counties under 10,000",0,642,98,740,7,172,179,649,270,919,NA,"LOUISIANA STATE POLICE                            ","Louisiana State Police"
"6080",1988,"LA0510200","Franklin",NA,"LA","West South Central","South","ST MARY","City","Cities from 2,500 thru 9,999",9098,14,0,14,6,0,6,20,0,20,2.2,"FRANKLIN POLICE DEPARTMENT                        ","Franklin Police Department"
"6081",1988,"LA0020000","Allen",NA,"LA","West South Central","South","ALLEN","County","Non-MSA counties from 10,000 thru 24,999",11817,28,4,32,2,4,6,30,8,38,3.22,"ALLEN PARISH SHERIFF'S OFFICE                     ","Allen Parish Sheriff's Office"
"6082",1988,"LA0500000","St. Martin",NA,"LA","West South Central","South","ST MARTIN","County","MSA counties from 25,000 thru 99,999",28747,38,0,38,20,0,20,58,0,58,2.02,"ST. MARTIN PARISH SHERIFF'S OFFICE                ","St. Martin Parish Sheriff's Office"
"6083",1988,"LA0010000","Acadia",NA,"LA","West South Central","South","ACADIA","County","Non-MSA counties from 25,000 thru 99,999",28465,57,0,57,15,0,15,72,0,72,2.53,"ACADIA PARISH SHERIFF'S OFFICE                    ","Acadia Parish Sheriff's Office"
"6084",1988,"LA0030000","Ascension",NA,"LA","West South Central","South","ASCENSION","County","MSA counties from 25,000 thru 99,999",49558,98,1,99,21,2,23,119,3,122,2.46,"ASCENSION PARISH SHERIFF'S OFFICE                 ","Ascension Parish Sheriff's Office"
"6085",1988,"LA0540000","Tensas",NA,"LA","West South Central","South","TENSAS","County","Non-MSA counties under 10,000",6674,12,0,12,3,0,3,15,0,15,2.25,"TENSAS PARISH SHERIFF'S OFFICE                    ","Tensas Parish Sheriff's Office"
"6086",1988,"LA0520000","St. Tammany",NA,"LA","West South Central","South","ST TAMMANY","County","MSA counties from 25,000 thru 99,999",93486,221,0,221,40,0,40,261,0,261,2.79,"ST. TAMMANY PARISH SHERIFF'S OFFICE               ","St. Tammany Parish Sheriff's Office"
"6087",1988,"LA0620000","West Carroll",NA,"LA","West South Central","South","WEST CARROLL","County","Non-MSA counties from 10,000 thru 24,999",10362,14,0,14,4,0,4,18,0,18,1.74,"WEST CARROLL PARISH SHERIFF'S OFFICE              ","West Carroll Parish Sheriff's Office"
"6088",1988,"LA0050100","Bunkie",NA,"LA","West South Central","South","AVOYELLES","City","Cities from 2,500 thru 9,999",5364,9,0,9,3,0,3,12,0,12,2.24,"BUNKIE POLICE DEPARTMENT                          ","Bunkie Police Department"
"6089",1988,"LA0390000","Pointe Coupee",NA,"LA","West South Central","South","POINTE COUPEE","County","Non-MSA counties from 10,000 thru 24,999",20616,49,1,50,17,0,17,66,1,67,3.25,"POINTE COUPEE PARISH SHERIFF'S OFFICE             ","Pointe Coupee Parish Sheriff's Office"
"6090",1988,"LA0170100","Baker",NA,"LA","West South Central","South","EAST BATON ROUGE","City","Cities from 10,000 thru 24,999",13535,22,0,22,5,0,5,27,0,27,1.99,"BAKER POLICE DEPARTMENT                           ","Baker Police Department"
"6091",1988,"LA0110000","Caldwell",NA,"LA","West South Central","South","CALDWELL","County","Non-MSA counties from 10,000 thru 24,999",11494,19,0,19,4,0,4,23,0,23,2,"CALDWELL PARISH SHERIFF'S OFFICE                  ","Caldwell Parish Sheriff's Office"
"6092",1988,"LA0260000","Jefferson",NA,"LA","West South Central","South","JEFFERSON","County","MSA counties 100,000 or over",352884,626,152,778,96,259,355,722,411,1133,3.21,"JEFFERSON PARISH SHERIFF'S OFFICE                 ","Jefferson Parish Sheriff's Office"
"6093",1988,"LA0090100","Shreveport",NA,"LA","West South Central","South","BOSSIER, CADDO","City","Cities from 100,000 thru 249,999",217495,341,4,345,45,38,83,386,42,428,1.97,"SHREVEPORT POLICE DEPARTMENT                      ","Shreveport Police Department"
"6094",1988,"LA0510300","Morgan City",NA,"LA","West South Central","South","ST MARY","City","Cities from 10,000 thru 24,999",15192,29,3,32,12,2,14,41,5,46,3.03,"MORGAN CITY POLICE DEPARTMENT                     ","Morgan City Police Department"
"6095",1988,"LA0140000","Claiborne",NA,"LA","West South Central","South","CLAIBORNE","County","Non-MSA counties from 10,000 thru 24,999",10266,14,0,14,6,0,6,20,0,20,1.95,"CLAIBORNE PARISH SHERIFF'S OFFICE                 ","Claiborne Parish Sheriff's Office"
"6096",1988,"LA0080000","Bossier",NA,"LA","West South Central","South","BOSSIER","County","MSA counties from 25,000 thru 99,999",33601,63,1,64,24,3,27,87,4,91,2.71,"BOSSIER PARISH SHERIFF'S OFFICE                   ","Bossier Parish Sheriff's Office"
"6097",1988,"LA0170200","Baton Rouge",NA,"LA","West South Central","South","EAST BATON ROUGE","City","Cities from 100,000 thru 249,999",238297,536,32,568,200,92,292,736,124,860,3.61,"BATON ROUGE POLICE DEPARTMENT                     ","Baton Rouge Police Department"
"6098",1988,"LA0140100","Haynesville",NA,"LA","West South Central","South","CLAIBORNE","City","Cities from 2,500 thru 9,999",3343,7,0,7,0,0,0,7,0,7,2.09,"HAYNESVILLE POLICE DEPT                           ","Haynesville Police Police Department"
"6099",1988,"LA0260200","Harahan",NA,"LA","West South Central","South","JEFFERSON","City","Cities from 10,000 thru 24,999",11013,15,0,15,6,0,6,21,0,21,1.91,"HARAHAN POLICE DEPARTMENT                         ","Harahan Police Department"
"6100",1988,"LA0100100","De Quincy",NA,"LA","West South Central","South","CALCASIEU","City","Cities from 2,500 thru 9,999",4022,7,0,7,2,0,2,9,0,9,2.24,"DEQUINCY POLICE DEPARTMENT                        ","Dequincy Police Department"
"6101",1988,"LA0420000","Richland",NA,"LA","West South Central","South","RICHLAND","County","Non-MSA counties from 10,000 thru 24,999",14100,16,0,16,6,0,6,22,0,22,1.56,"RICHLAND PARISH SHERIFF'S OFFICE                  ","Richland Parish Sheriff's Office"
"6102",1988,"LA0340300","Bonita",NA,"LA","West South Central","South","MOREHOUSE","City","Cities under 2,500",486,1,0,1,0,0,0,1,0,1,2.06,"BONITA POLICE DEPT.                               ","Bonita Police Police Department"
"6103",1988,"LA0020100","Kinder",NA,"LA","West South Central","South","ALLEN","City","Cities from 2,500 thru 9,999",2578,6,0,6,0,0,0,6,0,6,2.33,"KINDER POLICE DEPARTMENT                          ","Kinder Police Department"
"6104",1988,"LA0290500","Thibodaux",NA,"LA","West South Central","South","LAFOURCHE","City","Cities from 10,000 thru 24,999",16320,30,3,33,4,3,7,34,6,40,2.45,"THIBODAUX POLICE DEPARTMENT                       ","Thibodaux Police Department"
"6105",1988,"LA0540200","Waterproof",NA,"LA","West South Central","South","TENSAS","City","Cities under 2,500",1451,1,0,1,0,0,0,1,0,1,0.69,"WATERPROOF POLICE DEPARTMENT                      ","Waterproof Police Department"
"6106",1988,"LA0560000","Union",NA,"LA","West South Central","South","UNION","County","Non-MSA counties from 10,000 thru 24,999",19038,17,0,17,7,0,7,24,0,24,1.26,"UNION PARISH SHERIFF'S OFFICE                     ","Union Parish Sheriff's Office"
"6107",1988,"LA0500200","St. Martinville",NA,"LA","West South Central","South","ST MARTIN","City","Cities from 2,500 thru 9,999",8890,13,2,15,3,3,6,16,5,21,2.36,"ST. MARTINVILLE POLICE DEPARTMENT                 ","St. Martinville Police Department"
"6108",1988,"LA0330100","Tallulah",NA,"LA","West South Central","South","MADISON","City","Cities from 10,000 thru 24,999",11006,9,0,9,6,0,6,15,0,15,1.36,"TALLULAH POLICE DEPT.                             ","Tallulah Police Police Department"
"6109",1988,"LA0350100","Natchitoches",NA,"LA","West South Central","South","NATCHITOCHES","City","Cities from 10,000 thru 24,999",15851,32,0,32,9,0,9,41,0,41,2.59,"NATCHITOCHES POLICE DEPARTMENT                    ","Natchitoches Police Department"
"6110",1988,"LA0230300","New Iberia",NA,"LA","West South Central","South","IBERIA","City","Cities from 25,000 thru 49,999",35298,50,6,56,6,10,16,56,16,72,2.04,"NEW IBERIA PD                                     ","New Iberia Police Department"
"6111",1988,"LA0170300","Zachary",NA,"LA","West South Central","South","EAST BATON ROUGE","City","Cities from 2,500 thru 9,999",9191,16,1,17,6,1,7,22,2,24,2.61,"ZACHARY POLICE DEPARTMENT                         ","Zachary Police Department"
"6112",1988,"LA0300000","La Salle",NA,"LA","West South Central","South","LA SALLE","County","Non-MSA counties from 10,000 thru 24,999",12291,26,0,26,4,0,4,30,0,30,2.44,"LA SALLE PARISH SHERIFF'S OFFICE                  ","La Salle Parish Sheriff's Office"
"6113",1988,"LA0310000","Lincoln",NA,"LA","West South Central","South","LINCOLN","County","Non-MSA counties from 10,000 thru 24,999",15515,24,0,24,7,0,7,31,0,31,2,"LINCOLN PARISH SHERIFF'S OFFICE                   ","Lincoln Parish Sheriff's Office"
"6114",1988,"LA0550100","Houma",NA,"LA","West South Central","South","TERREBONNE","City","Cities from 25,000 thru 49,999",37615,41,4,45,3,15,18,44,19,63,1.67,"HOUMA POLICE DEPARTMENT                           ","Houma Police Department"
"6115",1988,"LA0240000","Iberville",NA,"LA","West South Central","South","IBERVILLE","County","Non-MSA counties from 25,000 thru 99,999",25826,62,15,77,2,35,37,64,50,114,4.41,"IBERVILLE PARISH SHERIFF'S OFFICE                 ","Iberville Parish Sheriff's Office"
"6116",1988,"LA0230200","Jeanerette",NA,"LA","West South Central","South","IBERIA","City","Cities from 2,500 thru 9,999",6747,10,0,10,6,0,6,16,0,16,2.37,"JEANERETTE POLICE DEPARTMENT                      ","Jeanerette Police Department"
"6117",1988,"LA0530400","Amite",NA,"LA","West South Central","South","TANGIPAHOA","City","Cities from 2,500 thru 9,999",4781,13,0,13,3,0,3,16,0,16,3.35,"AMITE POLICE DEPARTMENT                           ","Amite Police Department"
"6118",1988,"LA0100300","Sulphur",NA,"LA","West South Central","South","CALCASIEU","City","Cities from 10,000 thru 24,999",21095,23,5,28,0,5,5,23,10,33,1.56,"SULPHUR POLICE DEPARTMENT                         ","Sulphur Police Department"
"6119",1988,"LA0160000","De Soto",NA,"LA","West South Central","South","DE SOTO","County","Non-MSA counties from 10,000 thru 24,999",20734,37,0,37,12,0,12,49,0,49,2.36,"DE SOTO PARISH SHERIFF'S OFFICE                   ","De Soto Parish Sheriff's Office"
"6120",1988,"LA0010300","Church Point",NA,"LA","West South Central","South","ACADIA","City","Cities from 2,500 thru 9,999",4586,11,0,11,2,0,2,13,0,13,2.83,"CHURCH POINT POLICE DEPARTMENT                    ","Church Point Police Department"
"6121",1988,"LA0520300","Mandeville",NA,"LA","West South Central","South","ST TAMMANY","City","Cities from 2,500 thru 9,999",8723,21,1,22,7,0,7,28,1,29,3.32,"MANDEVILLE POLICE DEPARTMENT                      ","Mandeville Police Department"
"6122",1988,"LA0570200","Kaplan",NA,"LA","West South Central","South","VERMILION","City","Cities from 2,500 thru 9,999",5025,10,1,11,5,0,5,15,1,16,3.18,"KAPLAN POLICE DEPARTMENT                          ","Kaplan Police Department"
"6123",1988,"LA0170600","Southern University and A&M College:","Baton Rouge","LA","West South Central","South","EAST BATON ROUGE","University or College","Cities under 2,500",0,22,1,23,4,1,5,26,2,28,NA,"SOUTHERN UNIVERSITY AND A & M COLLEGE POLICE      ","Southern University And A & M College Police"
"6124",1988,"LA0240200","Plaquemine",NA,"LA","West South Central","South","IBERVILLE","City","Cities from 2,500 thru 9,999",7368,20,0,20,7,0,7,27,0,27,3.66,"PLAQUEMINE POLICE DEPARTMENT                      ","Plaquemine Police Department"
"6125",1988,"LA0250100","Jonesboro",NA,"LA","West South Central","South","JACKSON","City","Cities from 2,500 thru 9,999",4978,8,0,8,3,0,3,11,0,11,2.21,"JONESBORO POLICE DEPARTMENT                       ","Jonesboro Police Department"
"6126",1988,"LA0190000","East Feliciana",NA,"LA","West South Central","South","EAST FELICIANA","County","Non-MSA counties from 10,000 thru 24,999",16794,29,0,29,12,0,12,41,0,41,2.44,"EAST FELICIANA PARISH SHERIFF'S OFFICE            ","East Feliciana Parish Sheriff's Office"
"6127",1988,"LA0270400","Welsh",NA,"LA","West South Central","South","JEFFERSON DAVIS","City","Cities from 2,500 thru 9,999",3720,4,0,4,3,0,3,7,0,7,1.88,"WELSH POLICE DEPARTMENT                           ","Welsh Police Department"
"6128",1988,"LA0630000","West Feliciana",NA,"LA","West South Central","South","WEST FELICIANA","County","Non-MSA counties from 10,000 thru 24,999",13377,20,0,20,5,0,5,25,0,25,1.87,"WEST FELICIANA PARISH SHERIFF'S OFFICE            ","West Feliciana Parish Sheriff's Office"
"6129",1988,"LA0530000","Tangipahoa",NA,"LA","West South Central","South","TANGIPAHOA","County","Non-MSA counties from 25,000 thru 99,999",57713,127,0,127,59,0,59,186,0,186,3.22,"TANGIPAHOA PARISH SHERIFF'S OFFICE                ","Tangipahoa Parish Sheriff's Office"
"6130",1988,"LA0260300","Kenner",NA,"LA","West South Central","South","JEFFERSON","City","Cities from 50,000 thru 99,999",74252,75,5,80,18,14,32,93,19,112,1.51,"KENNER POLICE DEPARTMENT                          ","Kenner Police Department"
"6131",1988,"LA0480000","St. John the Baptist",NA,"LA","West South Central","South","ST JOHN THE BAPTIST","County","MSA counties from 25,000 thru 99,999",41121,91,5,96,33,2,35,124,7,131,3.19,"ST. JOHN THE BAPTIST PARISH SHERIFF'S OFFICE      ","St. John The Baptist Parish Sheriff's Office"
"6132",1988,"LA0310100","Dubach",NA,"LA","West South Central","South","LINCOLN","City","Cities under 2,500",1176,3,0,3,0,0,0,3,0,3,2.55,"DUBACH POLICE DEPT                                ","Dubach Police Police Department"
"6133",1988,"LA0260100","Gretna",NA,"LA","West South Central","South","JEFFERSON","City","Cities from 10,000 thru 24,999",20144,63,0,63,9,7,16,72,7,79,3.92,"GRETNA POLICE DEPARTMENT                          ","Gretna Police Department"
"6134",1988,"LA0620100","Oak Grove",NA,"LA","West South Central","South","WEST CARROLL","City","Cities under 2,500",2420,4,0,4,1,0,1,5,0,5,2.07,"OAK GROVE POLICE DEPARTMENT                       ","Oak Grove Police Department"
"6135",1988,"LA0570000","Vermilion",NA,"LA","West South Central","South","VERMILION","County","Non-MSA counties from 25,000 thru 99,999",34186,62,0,62,16,0,16,78,0,78,2.28,"VERMILION PARISH SHERIFF'S OFFICE                 ","Vermilion Parish Sheriff's Office"
"6136",1988,"LA0610000","West Baton Rouge",NA,"LA","West South Central","South","WEST BATON ROUGE","County","MSA counties from 10,000 thru 24,999",14281,42,1,43,11,0,11,53,1,54,3.78,"WEST BATON ROUGE PARISH SHERIFF'S OFFICE          ","West Baton Rouge Parish Sheriff's Office"
"6137",1988,"LA0510400","Patterson",NA,"LA","West South Central","South","ST MARY","City","Cities from 2,500 thru 9,999",5023,7,0,7,2,0,2,9,0,9,1.79,"PATTERSON POLICE DEPARTMENT                       ","Patterson Police Department"
"6138",1988,"LA0500100","Breaux Bridge",NA,"LA","West South Central","South","ST MARTIN","City","Cities from 2,500 thru 9,999",6890,11,1,12,0,4,4,11,5,16,2.32,"BREAUX BRIDGE POLICE DEPARTMENT                   ","Breaux Bridge Police Department"
"6139",1988,"LA0010100","Crowley",NA,"LA","West South Central","South","ACADIA","City","Cities from 10,000 thru 24,999",16053,27,0,27,4,1,5,31,1,32,1.99,"CROWLEY POLICE DEPARTMENT                         ","Crowley Police Department"
"6140",1988,"LA0130100","Jonesville",NA,"LA","West South Central","South","CATAHOULA","City","Cities from 2,500 thru 9,999",3151,5,2,7,0,1,1,5,3,8,2.54,"JONESVILLE POLICE DEPARTMENT                      ","Jonesville Police Department"
"6141",1988,"LA0350000","Natchitoches",NA,"LA","West South Central","South","NATCHITOCHES","County","Non-MSA counties from 10,000 thru 24,999",23190,42,0,42,5,0,5,47,0,47,2.03,"NATCHITOCHES PARISH SHERIFF'S OFFICE              ","Natchitoches Parish Sheriff's Office"
"6142",1988,"LA0590100","Bogalusa",NA,"LA","West South Central","South","WASHINGTON","City","Cities from 10,000 thru 24,999",17083,33,2,35,2,7,9,35,9,44,2.58,"BOGALUSA POLICE DEPARTMENT                        ","Bogalusa Police Department"
"6143",1988,"LA0590000","Washington",NA,"LA","West South Central","South","WASHINGTON","County","Non-MSA counties from 25,000 thru 99,999",25723,49,0,49,10,0,10,59,0,59,2.29,"WASHINGTON PARISH SHERIFF'S OFFICE                ","Washington Parish Sheriff's Office"
"6144",1988,"LA0370400","University of Louisiana:","Monroe","LA","West South Central","South","OUACHITA","University or College","Cities under 2,500",0,15,0,15,0,4,4,15,4,19,NA,"UNIVERSITY OF LOUISIANA - MONROE POLICE           ","University Of Louisiana - Monroe Police"
"6145",1988,"LA0150200","Vidalia",NA,"LA","West South Central","South","CONCORDIA","City","Cities from 2,500 thru 9,999",6039,11,0,11,4,0,4,15,0,15,2.48,"VIDALIA POLICE DEPARTMENT                         ","Vidalia Police Department"
"6146",1988,"LA0200000","Evangeline",NA,"LA","West South Central","South","EVANGELINE","County","Non-MSA counties from 10,000 thru 24,999",21929,83,0,83,0,0,0,83,0,83,3.78,"EVANGELINE PARISH SHERIFF'S OFFICE                ","Evangeline Parish Sheriff's Office"
"6147",1988,"LA0040000","Assumption",NA,"LA","West South Central","South","ASSUMPTION","County","Non-MSA counties from 10,000 thru 24,999",22988,38,1,39,0,5,5,38,6,44,1.91,"ASSUMPTION PARISH SHERIFF'S OFFICE                ","Assumption Parish Sheriff's Office"
"6148",1988,"LA0510000","St. Mary",NA,"LA","West South Central","South","ST MARY","County","Non-MSA counties from 10,000 thru 24,999",24244,80,1,81,21,0,21,101,1,102,4.21,"ST. MARY PARISH SHERIFF'S OFFICE                  ","St. Mary Parish Sheriff's Office"
"6149",1988,"LA0420200","Rayville",NA,"LA","West South Central","South","RICHLAND","City","Cities from 2,500 thru 9,999",4439,7,0,7,0,0,0,7,0,7,1.58,"RAYVILLE POLICE DEPARTMENT                        ","Rayville Police Department"
"6150",1988,"LA0070000","Bienville",NA,"LA","West South Central","South","BIENVILLE","County","Non-MSA counties from 10,000 thru 24,999",13229,26,5,31,3,3,6,29,8,37,2.8,"BIENVILLE PARISH SHERIFF'S OFFICE                 ","Bienville Parish Sheriff's Office"
"6151",1988,"LA0140200","Homer",NA,"LA","West South Central","South","CLAIBORNE","City","Cities from 2,500 thru 9,999",4425,9,0,9,1,0,1,10,0,10,2.26,"HOMER POLICE DEPARTMENT                           ","Homer Police Department"
"6152",1988,"LA0370100","Monroe",NA,"LA","West South Central","South","OUACHITA","City","Cities from 50,000 thru 99,999",55850,112,17,129,13,36,49,125,53,178,3.19,"MONROE POLICE DEPARTMENT                          ","Monroe Police Department"
"6153",1988,"LA0090000","Caddo",NA,"LA","West South Central","South","CADDO","County","MSA counties from 25,000 thru 99,999",48181,263,0,263,95,0,95,358,0,358,7.43,"CADDO PARISH SHERIFF'S OFFICE                     ","Caddo Parish Sheriff's Office"
"6154",1988,"LA0370200","West Monroe",NA,"LA","West South Central","South","OUACHITA","City","Cities from 10,000 thru 24,999",16434,46,2,48,6,1,7,52,3,55,3.35,"WEST MONROE POLICE DEPARTMENT                     ","West Monroe Police Department"
"6155",1988,"LA0430200","Zwolle",NA,"LA","West South Central","South","SABINE","City","Cities from 2,500 thru 9,999",2686,4,0,4,0,0,0,4,0,4,1.49,"ZWOLLE POLICE DEPARTMENT                          ","Zwolle Police Department"
"6156",1988,"LA0250000","Jackson",NA,"LA","West South Central","South","JACKSON","County","Non-MSA counties from 10,000 thru 24,999",12660,28,0,28,2,0,2,30,0,30,2.37,"JACKSON PARISH SHERIFF'S OFFICE                   ","Jackson Parish Sheriff's Office"
"6157",1988,"LA0060100","De Ridder",NA,"LA","West South Central","South","BEAUREGARD","City","Cities from 10,000 thru 24,999",11862,16,0,16,5,0,5,21,0,21,1.77,"DERIDDER POLICE DEPARTMENT                        ","Deridder Police Department"
"6158",1988,"LA0100800","McNeese State University",NA,"LA","West South Central","South","CALCASIEU","University or College","Cities under 2,500",0,8,0,8,2,1,3,10,1,11,NA,"MCNEESE STATE UNIVERSITY POLICE                   ","Mcneese State University Police"
"6159",1988,"LA0150100","Ferriday",NA,"LA","West South Central","South","CONCORDIA","City","Cities from 2,500 thru 9,999",4424,8,0,8,2,0,2,10,0,10,2.26,"FERRIDAY POLICE DEPARTMENT                        ","Ferriday Police Department"
"6160",1988,"LA0340000","Morehouse",NA,"LA","West South Central","South","MOREHOUSE","County","Non-MSA counties from 10,000 thru 24,999",18498,48,0,48,20,0,20,68,0,68,3.68,"MOREHOUSE PARISH SHERIFF'S OFFICE                 ","Morehouse Parish Sheriff's Office"
"6161",1988,"LA0290000","Lafourche",NA,"LA","West South Central","South","LAFOURCHE","County","MSA counties from 25,000 thru 99,999",64317,127,9,136,17,11,28,144,20,164,2.55,"LAFOURCHE PARISH SHERIFF'S OFFICE                 ","Lafourche Parish Sheriff's Office"
"6162",1988,"LA0120000","Cameron",NA,"LA","West South Central","South","CAMERON","County","Non-MSA counties under 10,000",9512,50,0,50,0,18,18,50,18,68,7.15,"CAMERON PARISH SHERIFF'S OFFICE                   ","Cameron Parish Sheriff's Office"
"6163",1988,"LA0310700","Louisiana Tech University",NA,"LA","West South Central","South","LINCOLN","University or College","Cities under 2,500",0,12,0,12,2,2,4,14,2,16,NA,"LOUISIANA TECH UNIVERSITY POLICE                  ","Louisiana Tech University Police"
"6164",1988,"LA0430000","Sabine",NA,"LA","West South Central","South","SABINE","County","Non-MSA counties from 10,000 thru 24,999",20313,19,0,19,7,0,7,26,0,26,1.28,"SABINE PARISH SHERIFF'S OFFICE                    ","Sabine Parish Sheriff's Office"
"6165",1988,"LA0410000","Red River",NA,"LA","West South Central","South","RED RIVER","County","Non-MSA counties from 10,000 thru 24,999",10801,28,1,29,6,1,7,34,2,36,3.33,"RED RIVER PARISH SHERIFF'S OFFICE                 ","Red River Parish Sheriff's Office"
"6166",1988,"LA0490100","Eunice",NA,"LA","West South Central","South","ACADIA, ST LANDRY","City","Cities from 10,000 thru 24,999",12922,29,0,29,4,1,5,33,1,34,2.63,"EUNICE POLICE DEPARTMENT                          ","Eunice Police Department"
"6167",1988,"LA0460000","St. Helena",NA,"LA","West South Central","South","ST HELENA","County","Non-MSA counties under 10,000",9909,11,0,11,5,0,5,16,0,16,1.61,"ST. HELENA PARISH SHERIFF'S OFFICE                ","St. Helena Parish Sheriff's Office"
"6168",1988,"LA0280300","Lafayette",NA,"LA","West South Central","South","LAFAYETTE","City","Cities from 50,000 thru 99,999",86215,142,8,150,11,45,56,153,53,206,2.39,"LAFAYETTE POLICE DEPARTMENT                       ","Lafayette Police Department"
"6169",1988,"LA0600200","Springhill",NA,"LA","West South Central","South","WEBSTER","City","Cities from 2,500 thru 9,999",6910,10,0,10,1,0,1,11,0,11,1.59,"SPRINGHILL POLICE DEPARTMENT                      ","Springhill Police Department"
"6170",1988,"LA0600100","Minden",NA,"LA","West South Central","South","WEBSTER","City","Cities from 10,000 thru 24,999",14888,23,0,23,4,0,4,27,0,27,1.81,"MINDEN POLICE DEPARTMENT                          ","Minden Police Department"
"6171",1988,"LA0560100","Farmerville",NA,"LA","West South Central","South","UNION","City","Cities from 2,500 thru 9,999",3950,8,0,8,2,1,3,10,1,11,2.78,"FARMERVILLE POLICE DEPARTMENT                     ","Farmerville Police Department"
"6172",1988,"LA0530200","Kentwood",NA,"LA","West South Central","South","TANGIPAHOA","City","Cities from 2,500 thru 9,999",2678,9,0,9,1,0,1,10,0,10,3.73,"KENTWOOD POLICE DEPARTMENT                        ","Kentwood Police Department"
"6173",1988,"LA0340100","Bastrop",NA,"LA","West South Central","South","MOREHOUSE","City","Cities from 10,000 thru 24,999",17093,32,0,32,6,5,11,38,5,43,2.52,"BASTROP POLICE DEPARTMENT                         ","Bastrop Police Department"
"6174",1988,"LA0290300","Lockport",NA,"LA","West South Central","South","LAFOURCHE","City","Cities from 2,500 thru 9,999",2619,4,0,4,0,0,0,4,0,4,1.53,"LOCKPORT POLICE DEPARTMENT                        ","Lockport Police Department"
"6175",1988,"LA0600000","Webster",NA,"LA","West South Central","South","WEBSTER","County","Non-MSA counties from 10,000 thru 24,999",23386,31,3,34,0,4,4,31,7,38,1.62,"WEBSTER PARISH SHERIFF'S OFFICE                   ","Webster Parish Sheriff's Office"
"6176",1988,"LA0050000","Avoyelles",NA,"LA","West South Central","South","AVOYELLES","County","Non-MSA counties from 25,000 thru 99,999",29516,99,0,99,26,0,26,125,0,125,4.23,"AVOYELLES PARISH SHERIFF'S OFFICE                 ","Avoyelles Parish Sheriff's Office"
"6177",1988,"LA0351000","Northwestern State University",NA,"LA","West South Central","South","NATCHITOCHES","University or College","Cities under 2,500",0,14,0,14,2,0,2,16,0,16,NA,"NORTHWESTERN STATE UNIVERSITY OF LOUISIANA POLICE ","Northwestern State University Of Louisiana Police"
"6178",1987,"LA0610100","Port Allen",NA,"LA","West South Central","South","WEST BATON ROUGE","City","Cities from 2,500 thru 9,999",6521,17,0,17,4,0,4,21,0,21,3.22,"PORT ALLEN POLICE DEPARTMENT                      ","Port Allen Police Department"
"6179",1987,"LA0210000","Franklin",NA,"LA","West South Central","South","FRANKLIN","County","Non-MSA counties from 10,000 thru 24,999",17987,25,0,25,5,0,5,30,0,30,1.67,"FRANKLIN PARISH SHERIFF'S OFFICE                  ","Franklin Parish Sheriff's Office"
"6180",1987,"LA0210400","Baskin",NA,"LA","West South Central","South","FRANKLIN","City","Cities under 2,500",287,1,0,1,0,0,0,1,0,1,3.48,"BASKIN POLICE DEPARTMENT                          ","Baskin Police Department"
"6181",1987,"LA0100000","Calcasieu",NA,"LA","West South Central","South","CALCASIEU","County","MSA counties from 25,000 thru 99,999",64448,245,0,245,69,0,69,314,0,314,4.87,"CALCASIEU PARISH SHERIFF'S OFFICE                 ","Calcasieu Parish Sheriff's Office"
"6182",1987,"LA0510500","Baldwin",NA,"LA","West South Central","South","ST MARY","City","Cities from 2,500 thru 9,999",2854,4,0,4,1,0,1,5,0,5,1.75,"BALDWIN POLICE DEPARTMENT                         ","Baldwin Police Department"
"6183",1987,"LA0230400","Loreauville",NA,"LA","West South Central","South","IBERIA","City","Cities under 2,500",842,1,0,1,0,0,0,1,0,1,1.19,"LOREAUVILLE PD                                    ","Loreauville Police Department"
"6184",1987,"LA0010100","Crowley",NA,"LA","West South Central","South","ACADIA","City","Cities from 10,000 thru 24,999",16164,26,0,26,4,1,5,30,1,31,1.92,"CROWLEY POLICE DEPARTMENT                         ","Crowley Police Department"
"6185",1987,"LA0210100","Winnsboro",NA,"LA","West South Central","South","FRANKLIN","City","Cities from 2,500 thru 9,999",5808,9,0,9,0,0,0,9,0,9,1.55,"WINNSBORO POLICE DEPARTMENT                       ","Winnsboro Police Department"
"6186",1987,"LA0500100","Breaux Bridge",NA,"LA","West South Central","South","ST MARTIN","City","Cities from 2,500 thru 9,999",6967,13,1,14,0,4,4,13,5,18,2.58,"BREAUX BRIDGE POLICE DEPARTMENT                   ","Breaux Bridge Police Department"
"6187",1987,"LA0080100","Bossier City",NA,"LA","West South Central","South","BOSSIER","City","Cities from 50,000 thru 99,999",56549,114,1,115,23,18,41,137,19,156,2.76,"BOSSIER CITY POLICE DEPT                          ","Bossier City Police Police Department"
"6188",1987,"LA0220000","Grant",NA,"LA","West South Central","South","GRANT","County","Non-MSA counties from 10,000 thru 24,999",18037,21,4,25,0,5,5,21,9,30,1.66,"GRANT PARISH SHERIFF'S OFFICE                     ","Grant Parish Sheriff's Office"
"6189",1987,"LA0370200","West Monroe",NA,"LA","West South Central","South","OUACHITA","City","Cities from 10,000 thru 24,999",16392,46,2,48,6,1,7,52,3,55,3.36,"WEST MONROE POLICE DEPARTMENT                     ","West Monroe Police Department"
"6190",1987,"LA0060100","De Ridder",NA,"LA","West South Central","South","BEAUREGARD","City","Cities from 10,000 thru 24,999",11615,15,0,15,5,0,5,20,0,20,1.72,"DERIDDER POLICE DEPARTMENT                        ","Deridder Police Department"
"6191",1987,"LA0430200","Zwolle",NA,"LA","West South Central","South","SABINE","City","Cities from 2,500 thru 9,999",2686,4,0,4,0,0,0,4,0,4,1.49,"ZWOLLE POLICE DEPARTMENT                          ","Zwolle Police Department"
"6192",1987,"LA0250000","Jackson",NA,"LA","West South Central","South","JACKSON","County","Non-MSA counties from 10,000 thru 24,999",12804,28,0,28,2,0,2,30,0,30,2.34,"JACKSON PARISH SHERIFF'S OFFICE                   ","Jackson Parish Sheriff's Office"
"6193",1987,"LA0090000","Caddo",NA,"LA","West South Central","South","CADDO","County","MSA counties from 25,000 thru 99,999",48384,263,0,263,95,0,95,358,0,358,7.4,"CADDO PARISH SHERIFF'S OFFICE                     ","Caddo Parish Sheriff's Office"
"6194",1987,"LA0510400","Patterson",NA,"LA","West South Central","South","ST MARY","City","Cities from 2,500 thru 9,999",5253,9,0,9,3,0,3,12,0,12,2.28,"PATTERSON POLICE DEPARTMENT                       ","Patterson Police Department"
"6195",1987,"LA0010800","Louisiana State University:","Eunice","LA","West South Central","South","ACADIA","University or College","Cities under 2,500",0,1,0,1,0,0,0,1,0,1,NA,"TRI PARISH NARCOTICS TASK FORCE CROWLEY           ","Tri Parish Narcotics Task Force Crowley"
"6196",1987,"LA0610000","West Baton Rouge",NA,"LA","West South Central","South","WEST BATON ROUGE","County","MSA counties from 10,000 thru 24,999",14489,41,1,42,10,0,10,51,1,52,3.59,"WEST BATON ROUGE PARISH SHERIFF'S OFFICE          ","West Baton Rouge Parish Sheriff's Office"
"6197",1987,"LA0260100","Gretna",NA,"LA","West South Central","South","JEFFERSON","City","Cities from 10,000 thru 24,999",20356,68,0,68,8,5,13,76,5,81,3.98,"GRETNA POLICE DEPARTMENT                          ","Gretna Police Department"
"6198",1987,"LA0310100","Dubach",NA,"LA","West South Central","South","LINCOLN","City","Cities under 2,500",1160,3,0,3,0,0,0,3,0,3,2.59,"DUBACH POLICE DEPT                                ","Dubach Police Police Department"
"6199",1987,"LA0570000","Vermilion",NA,"LA","West South Central","South","VERMILION","County","Non-MSA counties from 25,000 thru 99,999",34449,59,0,59,16,0,16,75,0,75,2.18,"VERMILION PARISH SHERIFF'S OFFICE                 ","Vermilion Parish Sheriff's Office"
"6200",1987,"LA0620100","Oak Grove",NA,"LA","West South Central","South","WEST CARROLL","City","Cities under 2,500",2458,4,0,4,1,0,1,5,0,5,2.03,"OAK GROVE POLICE DEPARTMENT                       ","Oak Grove Police Department"
"6201",1987,"LA0270200","Jennings",NA,"LA","West South Central","South","JEFFERSON DAVIS","City","Cities from 10,000 thru 24,999",12576,13,0,13,9,0,9,22,0,22,1.75,"JENNINGS POLICE DEPARTMENT                        ","Jennings Police Department"
"6202",1987,"LA0450000","St. Charles",NA,"LA","West South Central","South","ST CHARLES","County","MSA counties from 25,000 thru 99,999",43111,92,15,107,10,58,68,102,73,175,4.06,"ST. CHARLES PARISH SHERIFF'S OFFICE               ","St. Charles Parish Sheriff's Office"
"6203",1987,"LA0400200","Pineville",NA,"LA","West South Central","South","RAPIDES","City","Cities from 10,000 thru 24,999",14251,34,0,34,2,1,3,36,1,37,2.6,"PINEVILLE POLICE DEPARTMENT                       ","Pineville Police Department"
"6204",1987,"LA0510100","Berwick",NA,"LA","West South Central","South","ST MARY","City","Cities from 2,500 thru 9,999",4866,9,0,9,0,0,0,9,0,9,1.85,"BERWICK POLICE DEPARTMENT                         ","Berwick Police Department"
"6205",1987,"LA0530900","Southeastern Louisiana University",NA,"LA","West South Central","South","TANGIPAHOA","University or College","Cities under 2,500",0,14,0,14,4,2,6,18,2,20,NA,"SOUTHEASTERN LOUISIANA UNIVERSITY POLICE          ","Southeastern Louisiana University Police"
"6206",1987,"LA0580000","Vernon",NA,"LA","West South Central","South","VERNON","County","Non-MSA counties from 25,000 thru 99,999",48284,47,0,47,11,1,12,58,1,59,1.22,"VERNON PARISH SHERIFF'S OFFICE                    ","Vernon Parish Sheriff's Office"
"6207",1987,"LA0480000","St. John the Baptist",NA,"LA","West South Central","South","ST JOHN THE BAPTIST","County","MSA counties from 25,000 thru 99,999",40930,95,5,100,32,1,33,127,6,133,3.25,"ST. JOHN THE BAPTIST PARISH SHERIFF'S OFFICE      ","St. John The Baptist Parish Sheriff's Office"
"6208",1987,"LA0460000","St. Helena",NA,"LA","West South Central","South","ST HELENA","County","Non-MSA counties from 10,000 thru 24,999",10208,11,0,11,5,0,5,16,0,16,1.57,"ST. HELENA PARISH SHERIFF'S OFFICE                ","St. Helena Parish Sheriff's Office"
"6209",1987,"LA0510200","Franklin",NA,"LA","West South Central","South","ST MARY","City","Cities from 2,500 thru 9,999",9514,13,0,13,3,4,7,16,4,20,2.1,"FRANKLIN POLICE DEPARTMENT                        ","Franklin Police Department"
"6210",1987,"LALSP0000","State Police",NA,"LA","West South Central","South","UNMAPPED COUNTY","State Police","Non-MSA counties under 10,000",0,704,99,803,9,186,195,713,285,998,NA,"LOUISIANA STATE POLICE                            ","Louisiana State Police"
"6211",1987,"LA0180100","Lake Providence",NA,"LA","West South Central","South","EAST CARROLL","City","Cities from 2,500 thru 9,999",5907,4,0,4,5,0,5,9,0,9,1.52,"LAKE PROVIDENCE POLICE DEPARTMENT                 ","Lake Providence Police Department"
"6212",1987,"LA0050300","Simmesport",NA,"LA","West South Central","South","AVOYELLES","City","Cities under 2,500",2468,4,0,4,0,0,0,4,0,4,1.62,"SIMMESPORT POLICE DEPT.                           ","Simmesport Police Police Department"
"6213",1987,"LA0200300","Ville Platte",NA,"LA","West South Central","South","EVANGELINE","City","Cities from 2,500 thru 9,999",9742,21,0,21,3,0,3,24,0,24,2.46,"VILLE PLATTE POLICE DEPARTMENT                    ","Ville Platte Police Department"
"6214",1987,"LA0420100","Delhi",NA,"LA","West South Central","South","RICHLAND","City","Cities from 2,500 thru 9,999",3657,6,0,6,0,0,0,6,0,6,1.64,"DELHI POLICE DEPARTMENT                           ","Delhi Police Department"
"6215",1987,"LA0160100","Mansfield",NA,"LA","West South Central","South","DE SOTO","City","Cities from 2,500 thru 9,999",6937,13,0,13,3,0,3,16,0,16,2.31,"MANSFIELD POLICE DEPARTMENT                       ","Mansfield Police Department"
"6216",1987,"LA0380000","Plaquemines",NA,"LA","West South Central","South","PLAQUEMINES","County","Non-MSA counties from 25,000 thru 99,999",26362,112,0,112,29,0,29,141,0,141,5.35,"PLAQUEMINES PARISH SHERIFF'S OFFICE               ","Plaquemines Parish Sheriff's Office"
"6217",1987,"LA0100500","Westlake",NA,"LA","West South Central","South","CALCASIEU","City","Cities from 2,500 thru 9,999",5441,10,0,10,5,0,5,15,0,15,2.76,"WESTLAKE POLICE DEPARTMENT                        ","Westlake Police Department"
"6218",1987,"LA0090200","Vivian",NA,"LA","West South Central","South","CADDO","City","Cities from 2,500 thru 9,999",4499,10,0,10,4,0,4,14,0,14,3.11,"VIVIAN POLICE DEPARTMENT                          ","Vivian Police Department"
"6219",1987,"LA0600200","Springhill",NA,"LA","West South Central","South","WEBSTER","City","Cities from 2,500 thru 9,999",6987,10,0,10,1,0,1,11,0,11,1.57,"SPRINGHILL POLICE DEPARTMENT                      ","Springhill Police Department"
"6220",1987,"LA0560100","Farmerville",NA,"LA","West South Central","South","UNION","City","Cities from 2,500 thru 9,999",3934,9,0,9,3,0,3,12,0,12,3.05,"FARMERVILLE POLICE DEPARTMENT                     ","Farmerville Police Department"
"6221",1987,"LA0530200","Kentwood",NA,"LA","West South Central","South","TANGIPAHOA","City","Cities from 2,500 thru 9,999",2676,9,0,9,1,0,1,10,0,10,3.74,"KENTWOOD POLICE DEPARTMENT                        ","Kentwood Police Department"
"6222",1987,"LA0600100","Minden",NA,"LA","West South Central","South","WEBSTER","City","Cities from 10,000 thru 24,999",15054,23,0,23,4,0,4,27,0,27,1.79,"MINDEN POLICE DEPARTMENT                          ","Minden Police Department"
"6223",1987,"LA0280300","Lafayette",NA,"LA","West South Central","South","LAFAYETTE","City","Cities from 50,000 thru 99,999",89026,135,8,143,12,46,58,147,54,201,2.26,"LAFAYETTE POLICE DEPARTMENT                       ","Lafayette Police Department"
"6224",1987,"LA0300100","Jena",NA,"LA","West South Central","South","LA SALLE","City","Cities from 2,500 thru 9,999",4608,5,0,5,0,0,0,5,0,5,1.09,"JENA POLICE DEPARTMENT                            ","Jena Police Department"
"6225",1987,"LA0370000","Ouachita",NA,"LA","West South Central","South","OUACHITA","County","MSA counties from 25,000 thru 99,999",72495,152,0,152,52,0,52,204,0,204,2.81,"OUACHITA PARISH SHERIFF'S OFFICE                  ","Ouachita Parish Sheriff's Office"
"6226",1987,"LA0470000","St. James",NA,"LA","West South Central","South","ST JAMES","County","Non-MSA counties from 10,000 thru 24,999",22199,46,1,47,6,15,21,52,16,68,3.06,"ST. JAMES PARISH SHERIFF'S OFFICE                 ","St. James Parish Sheriff's Office"
"6227",1987,"LA0100400","Vinton",NA,"LA","West South Central","South","CALCASIEU","City","Cities from 2,500 thru 9,999",3607,11,0,11,2,0,2,13,0,13,3.6,"VINTON POLICE DEPARTMENT                          ","Vinton Police Department"
"6228",1987,"LA0400000","Rapides",NA,"LA","West South Central","South","RAPIDES","County","MSA counties from 25,000 thru 99,999",68453,138,22,160,16,25,41,154,47,201,2.94,"RAPIDES PARISH SHERIFF'S OFFICE                   ","Rapides Parish Sheriff's Office"
"6229",1987,"LA0520100","Covington",NA,"LA","West South Central","South","ST TAMMANY","City","Cities from 2,500 thru 9,999",9970,25,1,26,5,0,5,30,1,31,3.11,"COVINGTON POLICE DEPARTMENT                       ","Covington Police Department"
"6230",1987,"LA0400700","Woodworth",NA,"LA","West South Central","South","RAPIDES","City","Cities under 2,500",505,2,0,2,0,1,1,2,1,3,5.94,"WOODWORTH POLICE DEPARTMENT                       ","Woodworth Police Department"
"6231",1987,"LA0290300","Lockport",NA,"LA","West South Central","South","LAFOURCHE","City","Cities from 2,500 thru 9,999",2656,4,0,4,0,0,0,4,0,4,1.51,"LOCKPORT POLICE DEPARTMENT                        ","Lockport Police Department"
"6232",1987,"LA0340100","Bastrop",NA,"LA","West South Central","South","MOREHOUSE","City","Cities from 10,000 thru 24,999",17096,26,1,27,5,5,10,31,6,37,2.16,"BASTROP POLICE DEPARTMENT                         ","Bastrop Police Department"
"6233",1987,"LA0320000","Livingston",NA,"LA","West South Central","South","LIVINGSTON","County","MSA counties from 25,000 thru 99,999",61544,73,1,74,36,1,37,109,2,111,1.8,"LIVINGSTON PARISH SHERIFF'S OFFICE                ","Livingston Parish Sheriff's Office"
"6234",1987,"LA0390100","New Roads",NA,"LA","West South Central","South","POINTE COUPEE","City","Cities from 2,500 thru 9,999",3806,11,0,11,0,0,0,11,0,11,2.89,"NEW ROADS POLICE DEPARTMENT                       ","New Roads Police Department"
"6235",1987,"LA0490200","Opelousas",NA,"LA","West South Central","South","ST LANDRY","City","Cities from 10,000 thru 24,999",19583,31,1,32,5,1,6,36,2,38,1.94,"OPELOUSAS POLICE DEPARTMENT                       ","Opelousas Police Department"
"6236",1987,"LA0200200","Mamou",NA,"LA","West South Central","South","EVANGELINE","City","Cities from 2,500 thru 9,999",3310,10,0,10,3,0,3,13,0,13,3.93,"MAMOU POLICE DEPARTMENT                           ","Mamou Police Department"
"6237",1987,"LA0280000","Lafayette",NA,"LA","West South Central","South","LAFAYETTE","County","MSA counties from 25,000 thru 99,999",81335,315,0,315,85,1,86,400,1,401,4.93,"LAFAYETTE PARISH SHERIFF'S OFFICE                 ","Lafayette Parish Sheriff's Office"
"6238",1987,"LA0290100","Golden Meadow",NA,"LA","West South Central","South","LAFOURCHE","City","Cities under 2,500",2289,7,0,7,1,1,2,8,1,9,3.93,"GOLDEN MEADOW POLICE DEPARTMENT                   ","Golden Meadow Police Department"
"6239",1987,"LA0050100","Bunkie",NA,"LA","West South Central","South","AVOYELLES","City","Cities from 2,500 thru 9,999",5352,9,0,9,3,0,3,12,0,12,2.24,"BUNKIE POLICE DEPARTMENT                          ","Bunkie Police Department"
"6240",1987,"LA0390000","Pointe Coupee",NA,"LA","West South Central","South","POINTE COUPEE","County","Non-MSA counties from 10,000 thru 24,999",20871,37,1,38,8,0,8,45,1,46,2.2,"POINTE COUPEE PARISH SHERIFF'S OFFICE             ","Pointe Coupee Parish Sheriff's Office"
"6241",1987,"LA0260000","Jefferson",NA,"LA","West South Central","South","JEFFERSON","County","MSA counties 100,000 or over",356590,630,142,772,95,243,338,725,385,1110,3.11,"JEFFERSON PARISH SHERIFF'S OFFICE                 ","Jefferson Parish Sheriff's Office"
"6242",1987,"LA0170100","Baker",NA,"LA","West South Central","South","EAST BATON ROUGE","City","Cities from 10,000 thru 24,999",13776,21,0,21,4,0,4,25,0,25,1.81,"BAKER POLICE DEPARTMENT                           ","Baker Police Department"
"6243",1987,"LA0110000","Caldwell",NA,"LA","West South Central","South","CALDWELL","County","Non-MSA counties from 10,000 thru 24,999",11397,19,0,19,3,0,3,22,0,22,1.93,"CALDWELL PARISH SHERIFF'S OFFICE                  ","Caldwell Parish Sheriff's Office"
"6244",1987,"LA0020200","Oakdale",NA,"LA","West South Central","South","ALLEN","City","Cities from 2,500 thru 9,999",6977,13,0,13,4,0,4,17,0,17,2.44,"OAKDALE POLICE DEPARTMENT                         ","Oakdale Police Department"
"6245",1987,"LA0340300","Bonita",NA,"LA","West South Central","South","MOREHOUSE","City","Cities under 2,500",486,1,0,1,0,0,0,1,0,1,2.06,"BONITA POLICE DEPT.                               ","Bonita Police Police Department"
"6246",1987,"LA0230200","Jeanerette",NA,"LA","West South Central","South","IBERIA","City","Cities from 2,500 thru 9,999",6858,9,0,9,6,0,6,15,0,15,2.19,"JEANERETTE POLICE DEPARTMENT                      ","Jeanerette Police Department"
"6247",1987,"LA0540200","Waterproof",NA,"LA","West South Central","South","TENSAS","City","Cities under 2,500",1487,1,0,1,0,0,0,1,0,1,0.67,"WATERPROOF POLICE DEPARTMENT                      ","Waterproof Police Department"
"6248",1987,"LA0560000","Union",NA,"LA","West South Central","South","UNION","County","Non-MSA counties from 10,000 thru 24,999",18959,17,0,17,7,0,7,24,0,24,1.27,"UNION PARISH SHERIFF'S OFFICE                     ","Union Parish Sheriff's Office"
"6249",1987,"LA0500200","St. Martinville",NA,"LA","West South Central","South","ST MARTIN","City","Cities from 2,500 thru 9,999",8989,12,2,14,2,3,5,14,5,19,2.11,"ST. MARTINVILLE POLICE DEPARTMENT                 ","St. Martinville Police Department"
"6250",1987,"LA0290500","Thibodaux",NA,"LA","West South Central","South","LAFOURCHE","City","Cities from 10,000 thru 24,999",16550,36,0,36,4,4,8,40,4,44,2.66,"THIBODAUX POLICE DEPARTMENT                       ","Thibodaux Police Department"
"6251",1987,"LA0020100","Kinder",NA,"LA","West South Central","South","ALLEN","City","Cities from 2,500 thru 9,999",2567,6,0,6,0,0,0,6,0,6,2.34,"KINDER POLICE DEPARTMENT                          ","Kinder Police Department"
"6252",1987,"LA0520300","Mandeville",NA,"LA","West South Central","South","ST TAMMANY","City","Cities from 2,500 thru 9,999",8573,22,0,22,10,0,10,32,0,32,3.73,"MANDEVILLE POLICE DEPARTMENT                      ","Mandeville Police Department"
"6253",1987,"LA0570200","Kaplan",NA,"LA","West South Central","South","VERMILION","City","Cities from 2,500 thru 9,999",5064,11,1,12,5,0,5,16,1,17,3.36,"KAPLAN POLICE DEPARTMENT                          ","Kaplan Police Department"
"6254",1987,"LA0100100","De Quincy",NA,"LA","West South Central","South","CALCASIEU","City","Cities from 2,500 thru 9,999",4053,7,0,7,2,0,2,9,0,9,2.22,"DEQUINCY POLICE DEPARTMENT                        ","Dequincy Police Department"
"6255",1987,"LA0140100","Haynesville",NA,"LA","West South Central","South","CLAIBORNE","City","Cities from 2,500 thru 9,999",3399,7,0,7,0,0,0,7,0,7,2.06,"HAYNESVILLE POLICE DEPT                           ","Haynesville Police Police Department"
"6256",1987,"LA0260200","Harahan",NA,"LA","West South Central","South","JEFFERSON","City","Cities from 10,000 thru 24,999",11129,16,0,16,6,0,6,22,0,22,1.98,"HARAHAN POLICE DEPARTMENT                         ","Harahan Police Department"
"6257",1987,"LA0420000","Richland",NA,"LA","West South Central","South","RICHLAND","County","Non-MSA counties from 10,000 thru 24,999",14103,16,0,16,5,0,5,21,0,21,1.49,"RICHLAND PARISH SHERIFF'S OFFICE                  ","Richland Parish Sheriff's Office"
"6258",1987,"LA0170200","Baton Rouge",NA,"LA","West South Central","South","EAST BATON ROUGE","City","Cities from 100,000 thru 249,999",242539,536,5,541,102,76,178,638,81,719,2.96,"BATON ROUGE POLICE DEPARTMENT                     ","Baton Rouge Police Department"
"6259",1987,"LA0140000","Claiborne",NA,"LA","West South Central","South","CLAIBORNE","County","Non-MSA counties from 10,000 thru 24,999",10436,14,0,14,5,0,5,19,0,19,1.82,"CLAIBORNE PARISH SHERIFF'S OFFICE                 ","Claiborne Parish Sheriff's Office"
"6260",1987,"LA0510300","Morgan City",NA,"LA","West South Central","South","ST MARY","City","Cities from 10,000 thru 24,999",15886,31,2,33,15,1,16,46,3,49,3.08,"MORGAN CITY POLICE DEPARTMENT                     ","Morgan City Police Department"
"6261",1987,"LA0080000","Bossier",NA,"LA","West South Central","South","BOSSIER","County","MSA counties from 25,000 thru 99,999",33497,70,1,71,21,2,23,91,3,94,2.81,"BOSSIER PARISH SHERIFF'S OFFICE                   ","Bossier Parish Sheriff's Office"
"6262",1987,"LA0090100","Shreveport",NA,"LA","West South Central","South","BOSSIER, CADDO","City","Cities from 100,000 thru 249,999",218407,360,18,378,47,77,124,407,95,502,2.3,"SHREVEPORT POLICE DEPARTMENT                      ","Shreveport Police Department"
"6263",1987,"LA0620000","West Carroll",NA,"LA","West South Central","South","WEST CARROLL","County","Non-MSA counties from 10,000 thru 24,999",10525,13,0,13,4,0,4,17,0,17,1.62,"WEST CARROLL PARISH SHERIFF'S OFFICE              ","West Carroll Parish Sheriff's Office"
"6264",1987,"LA0030000","Ascension",NA,"LA","West South Central","South","ASCENSION","County","MSA counties from 25,000 thru 99,999",49483,86,1,87,24,2,26,110,3,113,2.28,"ASCENSION PARISH SHERIFF'S OFFICE                 ","Ascension Parish Sheriff's Office"
"6265",1987,"LA0520000","St. Tammany",NA,"LA","West South Central","South","ST TAMMANY","County","MSA counties from 25,000 thru 99,999",91879,163,0,163,74,0,74,237,0,237,2.58,"ST. TAMMANY PARISH SHERIFF'S OFFICE               ","St. Tammany Parish Sheriff's Office"
"6266",1987,"LA0540000","Tensas",NA,"LA","West South Central","South","TENSAS","County","Non-MSA counties under 10,000",6838,12,0,12,5,0,5,17,0,17,2.49,"TENSAS PARISH SHERIFF'S OFFICE                    ","Tensas Parish Sheriff's Office"
"6267",1987,"LA0150000","Concordia",NA,"LA","West South Central","South","CONCORDIA","County","Non-MSA counties from 10,000 thru 24,999",12705,21,0,21,12,2,14,33,2,35,2.75,"CONCORDIA PARISH SHERIFF'S OFFICE                 ","Concordia Parish Sheriff's Office"
"6268",1987,"LA0401000","Ball",NA,"LA","West South Central","South","RAPIDES","City","Cities from 2,500 thru 9,999",4162,5,0,5,0,1,1,5,1,6,1.44,"BALL POLICE DEPARTMENT                            ","Ball Police Department"
"6269",1987,"LA0320100","Denham Springs",NA,"LA","West South Central","South","LIVINGSTON","City","Cities from 10,000 thru 24,999",10802,14,0,14,5,2,7,19,2,21,1.94,"DENHAM SPRINGS POLICE DEPARTMENT                  ","Denham Springs Police Department"
"6270",1987,"LA0060000","Beauregard",NA,"LA","West South Central","South","BEAUREGARD","County","Non-MSA counties from 10,000 thru 24,999",20792,40,0,40,11,0,11,51,0,51,2.45,"BEAUREGARD PARISH SHERIFF'S OFFICE                ","Beauregard Parish Sheriff's Office"
"6271",1987,"LA0070100","Arcadia",NA,"LA","West South Central","South","BIENVILLE","City","Cities from 2,500 thru 9,999",3518,6,2,8,0,0,0,6,2,8,2.27,"ARCADIA POLICE DEPARTMENT                         ","Arcadia Police Department"
"6272",1987,"LA0140200","Homer",NA,"LA","West South Central","South","CLAIBORNE","City","Cities from 2,500 thru 9,999",4499,7,0,7,1,0,1,8,0,8,1.78,"HOMER POLICE DEPARTMENT                           ","Homer Police Department"
"6273",1987,"LA0420200","Rayville",NA,"LA","West South Central","South","RICHLAND","City","Cities from 2,500 thru 9,999",4440,7,0,7,0,0,0,7,0,7,1.58,"RAYVILLE POLICE DEPARTMENT                        ","Rayville Police Department"
"6274",1987,"LA0370100","Monroe",NA,"LA","West South Central","South","OUACHITA","City","Cities from 50,000 thru 99,999",55707,110,9,119,11,34,45,121,43,164,2.94,"MONROE POLICE DEPARTMENT                          ","Monroe Police Department"
"6275",1987,"LA0070000","Bienville",NA,"LA","West South Central","South","BIENVILLE","County","Non-MSA counties from 10,000 thru 24,999",13231,22,8,30,3,3,6,25,11,36,2.72,"BIENVILLE PARISH SHERIFF'S OFFICE                 ","Bienville Parish Sheriff's Office"
"6276",1987,"LANPD0000","New Orleans",NA,"LA","West South Central","South","ORLEANS","City","Cities from 500,000 thru 999,999",549536,1198,105,1303,135,298,433,1333,403,1736,3.16,"NEW ORLEANS POLICE DEPARTMENT                     ","New Orleans Police Department"
"6277",1987,"LA0340000","Morehouse",NA,"LA","West South Central","South","MOREHOUSE","County","Non-MSA counties from 10,000 thru 24,999",18502,34,0,34,8,0,8,42,0,42,2.27,"MOREHOUSE PARISH SHERIFF'S OFFICE                 ","Morehouse Parish Sheriff's Office"
"6278",1987,"LA0290000","Lafourche",NA,"LA","West South Central","South","LAFOURCHE","County","MSA counties from 25,000 thru 99,999",65222,127,9,136,17,11,28,144,20,164,2.51,"LAFOURCHE PARISH SHERIFF'S OFFICE                 ","Lafourche Parish Sheriff's Office"
"6279",1987,"LA0010200","Rayne",NA,"LA","West South Central","South","ACADIA","City","Cities from 2,500 thru 9,999",9395,15,1,16,4,0,4,19,1,20,2.13,"RAYNE POLICE DEPARTMENT                           ","Rayne Police Department"
"6280",1987,"LA0530300","Ponchatoula",NA,"LA","West South Central","South","TANGIPAHOA","City","Cities from 2,500 thru 9,999",6392,8,0,8,3,0,3,11,0,11,1.72,"PONCHATOULA POLICE DEPARTMENT                     ","Ponchatoula Police Department"
"6281",1987,"LA0550000","Terrebonne",NA,"LA","West South Central","South","TERREBONNE","County","MSA counties from 25,000 thru 99,999",62003,148,0,148,42,0,42,190,0,190,3.06,"TERREBONNE PARISH SHERIFF'S OFFICE                ","Terrebonne Parish Sheriff's Office"
"6282",1987,"LA0010300","Church Point",NA,"LA","West South Central","South","ACADIA","City","Cities from 2,500 thru 9,999",4618,11,0,11,3,0,3,14,0,14,3.03,"CHURCH POINT POLICE DEPARTMENT                    ","Church Point Police Department"
"6283",1987,"LA0160000","De Soto",NA,"LA","West South Central","South","DE SOTO","County","Non-MSA counties from 10,000 thru 24,999",20812,34,0,34,9,0,9,43,0,43,2.07,"DE SOTO PARISH SHERIFF'S OFFICE                   ","De Soto Parish Sheriff's Office"
"6284",1987,"LA0530400","Amite",NA,"LA","West South Central","South","TANGIPAHOA","City","Cities from 2,500 thru 9,999",4777,13,0,13,3,0,3,16,0,16,3.35,"AMITE POLICE DEPARTMENT                           ","Amite Police Department"
"6285",1987,"LA0100300","Sulphur",NA,"LA","West South Central","South","CALCASIEU","City","Cities from 10,000 thru 24,999",21258,27,3,30,0,7,7,27,10,37,1.74,"SULPHUR POLICE DEPARTMENT                         ","Sulphur Police Department"
"6286",1987,"LA0550100","Houma",NA,"LA","West South Central","South","TERREBONNE","City","Cities from 25,000 thru 49,999",38687,41,6,47,3,14,17,44,20,64,1.65,"HOUMA POLICE DEPARTMENT                           ","Houma Police Department"
"6287",1987,"LA0240000","Iberville",NA,"LA","West South Central","South","IBERVILLE","County","Non-MSA counties from 25,000 thru 99,999",25985,40,32,72,0,64,64,40,96,136,5.23,"IBERVILLE PARISH SHERIFF'S OFFICE                 ","Iberville Parish Sheriff's Office"
"6288",1987,"LA0270000","Jefferson Davis",NA,"LA","West South Central","South","JEFFERSON DAVIS","County","Non-MSA counties from 10,000 thru 24,999",16759,28,3,31,5,6,11,33,9,42,2.51,"JEFFERSON DAVIS PARISH SHERIFF'S OFFICE           ","Jefferson Davis Parish Sheriff's Office"
"6289",1987,"LA0310300","Grambling",NA,"LA","West South Central","South","LINCOLN","City","Cities from 2,500 thru 9,999",4509,5,0,5,2,0,2,7,0,7,1.55,"GRAMBLING POLICE DEPARTMENT                       ","Grambling Police Department"
"6290",1987,"LA0330000","Madison",NA,"LA","West South Central","South","MADISON","County","Non-MSA counties under 10,000",4182,11,0,11,6,0,6,17,0,17,4.07,"MADISON PARISH SHERIFF'S OFFICE                   ","Madison Parish Sheriff's Office"
"6291",1987,"LA0100200","Lake Charles",NA,"LA","West South Central","South","CALCASIEU","City","Cities from 50,000 thru 99,999",72743,89,1,90,23,3,26,112,4,116,1.59,"LAKE CHARLES POLICE DEPARTMENT                    ","Lake Charles Police Department"
"6292",1987,"LA0030200","Gonzales",NA,"LA","West South Central","South","ASCENSION","City","Cities from 2,500 thru 9,999",8890,23,0,23,7,0,7,30,0,30,3.37,"GONZALES POLICE DEPARTMENT                        ","Gonzales Police Department"
"6293",1987,"LA0020000","Allen",NA,"LA","West South Central","South","ALLEN","County","Non-MSA counties from 10,000 thru 24,999",11764,29,1,30,7,1,8,36,2,38,3.23,"ALLEN PARISH SHERIFF'S OFFICE                     ","Allen Parish Sheriff's Office"
"6294",1987,"LA0500000","St. Martin",NA,"LA","West South Central","South","ST MARTIN","County","MSA counties from 25,000 thru 99,999",29067,39,0,39,23,0,23,62,0,62,2.13,"ST. MARTIN PARISH SHERIFF'S OFFICE                ","St. Martin Parish Sheriff's Office"
"6295",1987,"LA0010000","Acadia",NA,"LA","West South Central","South","ACADIA","County","Non-MSA counties from 25,000 thru 99,999",28661,60,1,61,14,0,14,74,1,75,2.62,"ACADIA PARISH SHERIFF'S OFFICE                    ","Acadia Parish Sheriff's Office"
"6296",1987,"LA0260300","Kenner",NA,"LA","West South Central","South","JEFFERSON","City","Cities from 50,000 thru 99,999",75032,117,5,122,8,28,36,125,33,158,2.11,"KENNER POLICE DEPARTMENT                          ","Kenner Police Department"
"6297",1987,"LA0270400","Welsh",NA,"LA","West South Central","South","JEFFERSON DAVIS","City","Cities from 2,500 thru 9,999",3766,6,0,6,2,0,2,8,0,8,2.12,"WELSH POLICE DEPARTMENT                           ","Welsh Police Department"
"6298",1987,"LA0050000","Avoyelles",NA,"LA","West South Central","South","AVOYELLES","County","Non-MSA counties from 25,000 thru 99,999",29453,99,0,99,26,0,26,125,0,125,4.24,"AVOYELLES PARISH SHERIFF'S OFFICE                 ","Avoyelles Parish Sheriff's Office"
"6299",1987,"LA0170000","East Baton Rouge",NA,"LA","West South Central","South","EAST BATON ROUGE","County","MSA counties 100,000 or over",123415,410,0,410,125,0,125,535,0,535,4.33,"EAST BATON ROUGE PARISH SHERIFF'S OFFICE          ","East Baton Rouge Parish Sheriff's Office"
"6300",1987,"LA0180000","East Carroll",NA,"LA","West South Central","South","EAST CARROLL","County","Non-MSA counties under 10,000",5094,18,0,18,4,0,4,22,0,22,4.32,"EAST CARROLL PARISH SHERIFF'S OFFICE              ","East Carroll Parish Sheriff's Office"
"6301",1987,"LA0230000","Iberia",NA,"LA","West South Central","South","IBERIA","County","Non-MSA counties from 10,000 thru 24,999",24806,64,0,64,34,0,34,98,0,98,3.95,"IBERIA PARISH SHERIFF'S OFFICE                    ","Iberia Parish Sheriff's Office"
"6302",1987,"LA0310700","Louisiana Tech University",NA,"LA","West South Central","South","LINCOLN","University or College","Cities under 2,500",0,12,0,12,2,2,4,14,2,16,NA,"LOUISIANA TECH UNIVERSITY POLICE                  ","Louisiana Tech University Police"
"6303",1987,"LA0490100","Eunice",NA,"LA","West South Central","South","ACADIA, ST LANDRY","City","Cities from 10,000 thru 24,999",13042,28,0,28,5,1,6,33,1,34,2.61,"EUNICE POLICE DEPARTMENT                          ","Eunice Police Department"
"6304",1987,"LA0430000","Sabine",NA,"LA","West South Central","South","SABINE","County","Non-MSA counties from 10,000 thru 24,999",20317,21,0,21,7,2,9,28,2,30,1.48,"SABINE PARISH SHERIFF'S OFFICE                    ","Sabine Parish Sheriff's Office"
"6305",1987,"LA0410000","Red River",NA,"LA","West South Central","South","RED RIVER","County","Non-MSA counties from 10,000 thru 24,999",10802,31,0,31,6,0,6,37,0,37,3.43,"RED RIVER PARISH SHERIFF'S OFFICE                 ","Red River Parish Sheriff's Office"
"6306",1987,"LA0580100","Leesville",NA,"LA","West South Central","South","VERNON","City","Cities from 10,000 thru 24,999",11575,22,1,23,7,0,7,29,1,30,2.59,"LEESVILLE POLICE DEPARTMENT                       ","Leesville Police Department"
"6307",1987,"LA0590200","Franklinton",NA,"LA","West South Central","South","WASHINGTON","City","Cities from 2,500 thru 9,999",4460,10,0,10,2,0,2,12,0,12,2.69,"FRANKLINTON POLICE DEPARTMENT                     ","Franklinton Police Department"
"6308",1987,"LA0170400","Louisiana State University:","Baton Rouge","LA","West South Central","South","EAST BATON ROUGE","University or College","Cities under 2,500",0,34,0,34,4,2,6,38,2,40,NA,"LOUISIANA STATE UNIVERSITY POLICE DEPARTMENT      ","Louisiana State University Police Department"
"6309",1987,"LA0440000","St. Bernard",NA,"LA","West South Central","South","ST BERNARD","County","MSA counties from 25,000 thru 99,999",68085,84,5,89,12,15,27,96,20,116,1.7,"ST. BERNARD PARISH SHERIFF'S OFFICE               ","St. Bernard Parish Sheriff's Office"
"6310",1987,"LA0260400","Westwego",NA,"LA","West South Central","South","JEFFERSON","City","Cities from 10,000 thru 24,999",11902,16,0,16,2,0,2,18,0,18,1.51,"WESTWEGO POLICE DEPARTMENT                        ","Westwego Police Department"
"6311",1987,"LA0250100","Jonesboro",NA,"LA","West South Central","South","JACKSON","City","Cities from 2,500 thru 9,999",5035,9,0,9,3,0,3,12,0,12,2.38,"JONESBORO POLICE DEPARTMENT                       ","Jonesboro Police Department"
"6312",1987,"LA0170600","Southern University and A&M College:","Baton Rouge","LA","West South Central","South","EAST BATON ROUGE","University or College","Cities under 2,500",0,22,1,23,4,1,5,26,2,28,NA,"SOUTHERN UNIVERSITY AND A & M COLLEGE POLICE      ","Southern University And A & M College Police"
"6313",1987,"LA0240200","Plaquemine",NA,"LA","West South Central","South","IBERVILLE","City","Cities from 2,500 thru 9,999",7413,22,0,22,7,0,7,29,0,29,3.91,"PLAQUEMINE POLICE DEPARTMENT                      ","Plaquemine Police Department"
"6314",1987,"LA0351000","Northwestern State University",NA,"LA","West South Central","South","NATCHITOCHES","University or College","Cities under 2,500",0,12,0,12,2,1,3,14,1,15,NA,"NORTHWESTERN STATE UNIVERSITY OF LOUISIANA POLICE ","Northwestern State University Of Louisiana Police"
"6315",1987,"LA0230300","New Iberia",NA,"LA","West South Central","South","IBERIA","City","Cities from 25,000 thru 49,999",35876,47,4,51,5,12,17,52,16,68,1.9,"NEW IBERIA PD                                     ","New Iberia Police Department"
"6316",1987,"LA0170300","Zachary",NA,"LA","West South Central","South","EAST BATON ROUGE","City","Cities from 2,500 thru 9,999",9355,15,0,15,4,1,5,19,1,20,2.14,"ZACHARY POLICE DEPARTMENT                         ","Zachary Police Department"
"6317",1987,"LA0400100","Alexandria",NA,"LA","West South Central","South","RAPIDES","City","Cities from 50,000 thru 99,999",50979,110,16,126,4,4,8,114,20,134,2.63,"ALEXANDRIA POLICE DEPARTMENT                      ","Alexandria Police Department"
"6318",1987,"LA0310200","Ruston",NA,"LA","West South Central","South","LINCOLN","City","Cities from 10,000 thru 24,999",21248,31,0,31,4,1,5,35,1,36,1.69,"RUSTON POLICE DEPARTMENT                          ","Ruston Police Department"
"6319",1987,"LA0040000","Assumption",NA,"LA","West South Central","South","ASSUMPTION","County","Non-MSA counties from 10,000 thru 24,999",23290,35,3,38,0,6,6,35,9,44,1.89,"ASSUMPTION PARISH SHERIFF'S OFFICE                ","Assumption Parish Sheriff's Office"
"6320",1987,"LA0200000","Evangeline",NA,"LA","West South Central","South","EVANGELINE","County","Non-MSA counties from 10,000 thru 24,999",21932,57,0,57,19,0,19,76,0,76,3.47,"EVANGELINE PARISH SHERIFF'S OFFICE                ","Evangeline Parish Sheriff's Office"
"6321",1987,"LA0630000","West Feliciana",NA,"LA","West South Central","South","WEST FELICIANA","County","Non-MSA counties from 10,000 thru 24,999",13379,18,0,18,5,0,5,23,0,23,1.72,"WEST FELICIANA PARISH SHERIFF'S OFFICE            ","West Feliciana Parish Sheriff's Office"
"6322",1987,"LA0150200","Vidalia",NA,"LA","West South Central","South","CONCORDIA","City","Cities from 2,500 thru 9,999",6224,13,0,13,3,0,3,16,0,16,2.57,"VIDALIA POLICE DEPARTMENT                         ","Vidalia Police Department"
"6323",1987,"LA0530000","Tangipahoa",NA,"LA","West South Central","South","TANGIPAHOA","County","Non-MSA counties from 25,000 thru 99,999",57659,132,0,132,61,0,61,193,0,193,3.35,"TANGIPAHOA PARISH SHERIFF'S OFFICE                ","Tangipahoa Parish Sheriff's Office"
"6324",1987,"LA0530100","Hammond",NA,"LA","West South Central","South","TANGIPAHOA","City","Cities from 10,000 thru 24,999",19771,41,0,41,6,0,6,47,0,47,2.38,"HAMMOND POLICE DEPARTMENT                         ","Hammond Police Department"
"6325",1987,"LA0310000","Lincoln",NA,"LA","West South Central","South","LINCOLN","County","Non-MSA counties from 10,000 thru 24,999",15302,22,0,22,6,2,8,28,2,30,1.96,"LINCOLN PARISH SHERIFF'S OFFICE                   ","Lincoln Parish Sheriff's Office"
"6326",1987,"LA0300000","La Salle",NA,"LA","West South Central","South","LA SALLE","County","Non-MSA counties from 10,000 thru 24,999",12438,35,2,37,4,3,7,39,5,44,3.54,"LA SALLE PARISH SHERIFF'S OFFICE                  ","La Salle Parish Sheriff's Office"
"6327",1987,"LA0330100","Tallulah",NA,"LA","West South Central","South","MADISON","City","Cities from 10,000 thru 24,999",11080,9,0,9,5,0,5,14,0,14,1.26,"TALLULAH POLICE DEPT.                             ","Tallulah Police Police Department"
"6328",1987,"LA0640100","Winnfield",NA,"LA","West South Central","South","WINN","City","Cities from 2,500 thru 9,999",7403,15,0,15,4,1,5,19,1,20,2.7,"WINNFIELD POLICE DEPT                             ","Winnfield Police Police Department"
"6329",1987,"LA0570100","Abbeville",NA,"LA","West South Central","South","VERMILION","City","Cities from 10,000 thru 24,999",13508,25,3,28,2,3,5,27,6,33,2.44,"ABBEVILLE POLICE DEPARTMENT                       ","Abbeville Police Department"
"6330",1987,"LA0350100","Natchitoches",NA,"LA","West South Central","South","NATCHITOCHES","City","Cities from 10,000 thru 24,999",16055,34,2,36,7,4,11,41,6,47,2.93,"NATCHITOCHES POLICE DEPARTMENT                    ","Natchitoches Police Department"
"6331",1987,"LA0340400","Collinston",NA,"LA","West South Central","South","MOREHOUSE","City","Cities under 2,500",486,1,0,1,0,0,0,1,0,1,2.06,"COLLINSTON POLICE DEPT                            ","Collinston Police Police Department"
"6332",1987,"LA0130000","Catahoula",NA,"LA","West South Central","South","CATAHOULA","County","Non-MSA counties under 10,000",9335,21,0,21,6,2,8,27,2,29,3.11,"CATAHOULA PARISH SHERIFF'S OFFICE                 ","Catahoula Parish Sheriff's Office"
"6333",1987,"LA0590000","Washington",NA,"LA","West South Central","South","WASHINGTON","County","Non-MSA counties from 25,000 thru 99,999",25727,51,0,51,11,0,11,62,0,62,2.41,"WASHINGTON PARISH SHERIFF'S OFFICE                ","Washington Parish Sheriff's Office"
"6334",1987,"LA0590100","Bogalusa",NA,"LA","West South Central","South","WASHINGTON","City","Cities from 10,000 thru 24,999",17086,32,3,35,2,6,8,34,9,43,2.52,"BOGALUSA POLICE DEPARTMENT                        ","Bogalusa Police Department"
"6335",1987,"LA0130100","Jonesville",NA,"LA","West South Central","South","CATAHOULA","City","Cities from 2,500 thru 9,999",3152,7,0,7,3,0,3,10,0,10,3.17,"JONESVILLE POLICE DEPARTMENT                      ","Jonesville Police Department"
"6336",1987,"LA0100800","McNeese State University",NA,"LA","West South Central","South","CALCASIEU","University or College","Cities under 2,500",0,9,0,9,2,1,3,11,1,12,NA,"MCNEESE STATE UNIVERSITY POLICE                   ","Mcneese State University Police"
"6337",1987,"LA0370400","University of Louisiana:","Monroe","LA","West South Central","South","OUACHITA","University or College","Cities under 2,500",0,15,0,15,0,5,5,15,5,20,NA,"UNIVERSITY OF LOUISIANA - MONROE POLICE           ","University Of Louisiana - Monroe Police"
"6338",1987,"LA0350000","Natchitoches",NA,"LA","West South Central","South","NATCHITOCHES","County","Non-MSA counties from 10,000 thru 24,999",23488,44,0,44,5,0,5,49,0,49,2.09,"NATCHITOCHES PARISH SHERIFF'S OFFICE              ","Natchitoches Parish Sheriff's Office"
"6339",1987,"LA0510000","St. Mary",NA,"LA","West South Central","South","ST MARY","County","Non-MSA counties from 25,000 thru 99,999",25351,86,0,86,25,0,25,111,0,111,4.38,"ST. MARY PARISH SHERIFF'S OFFICE                  ","St. Mary Parish Sheriff's Office"
"6340",1986,"LA0170600","Southern University and A&M College:","Baton Rouge","LA","West South Central","South","EAST BATON ROUGE","University or College","Cities under 2,500",0,21,10,31,4,4,8,25,14,39,NA,"SOUTHERN UNIVERSITY AND A & M COLLEGE POLICE      ","Southern University And A & M College Police"
"6341",1986,"LA0240200","Plaquemine",NA,"LA","West South Central","South","IBERVILLE","City","Cities from 2,500 thru 9,999",7463,22,0,22,7,0,7,29,0,29,3.89,"PLAQUEMINE POLICE DEPARTMENT                      ","Plaquemine Police Department"
"6342",1986,"LA0190000","East Feliciana",NA,"LA","West South Central","South","EAST FELICIANA","County","Non-MSA counties from 10,000 thru 24,999",16701,13,0,13,6,0,6,19,0,19,1.14,"EAST FELICIANA PARISH SHERIFF'S OFFICE            ","East Feliciana Parish Sheriff's Office"
"6343",1986,"LA0210100","Winnsboro",NA,"LA","West South Central","South","FRANKLIN","City","Cities from 2,500 thru 9,999",5936,9,0,9,0,0,0,9,0,9,1.52,"WINNSBORO POLICE DEPARTMENT                       ","Winnsboro Police Department"
"6344",1986,"LA0570000","Vermilion",NA,"LA","West South Central","South","VERMILION","County","Non-MSA counties from 25,000 thru 99,999",34683,58,0,58,15,0,15,73,0,73,2.1,"VERMILION PARISH SHERIFF'S OFFICE                 ","Vermilion Parish Sheriff's Office"
"6345",1986,"LA0220000","Grant",NA,"LA","West South Central","South","GRANT","County","Non-MSA counties from 10,000 thru 24,999",18201,18,7,25,1,5,6,19,12,31,1.7,"GRANT PARISH SHERIFF'S OFFICE                     ","Grant Parish Sheriff's Office"
"6346",1986,"LA0050200","Marksville",NA,"LA","West South Central","South","AVOYELLES","City","Cities from 2,500 thru 9,999",5462,14,0,14,1,0,1,15,0,15,2.75,"MARKSVILLE POLICE DEPARTMENT                      ","Marksville Police Department"
"6347",1986,"LA0620100","Oak Grove",NA,"LA","West South Central","South","WEST CARROLL","City","Cities under 2,500",2494,5,0,5,1,1,2,6,1,7,2.81,"OAK GROVE POLICE DEPARTMENT                       ","Oak Grove Police Department"
"6348",1986,"LA0230400","Loreauville",NA,"LA","West South Central","South","IBERIA","City","Cities under 2,500",875,1,0,1,0,0,0,1,0,1,1.14,"LOREAUVILLE PD                                    ","Loreauville Police Department"
"6349",1986,"LA0080100","Bossier City",NA,"LA","West South Central","South","BOSSIER","City","Cities from 50,000 thru 99,999",55015,114,2,116,18,20,38,132,22,154,2.8,"BOSSIER CITY POLICE DEPT                          ","Bossier City Police Police Department"
"6350",1986,"LA0310100","Dubach",NA,"LA","West South Central","South","LINCOLN","City","Cities under 2,500",1240,3,0,3,0,0,0,3,0,3,2.42,"DUBACH POLICE DEPT                                ","Dubach Police Police Department"
"6351",1986,"LA0260100","Gretna",NA,"LA","West South Central","South","JEFFERSON","City","Cities from 10,000 thru 24,999",20536,64,10,74,3,7,10,67,17,84,4.09,"GRETNA POLICE DEPARTMENT                          ","Gretna Police Department"
"6352",1986,"LA0520100","Covington",NA,"LA","West South Central","South","ST TAMMANY","City","Cities from 2,500 thru 9,999",9208,24,2,26,6,0,6,30,2,32,3.48,"COVINGTON POLICE DEPARTMENT                       ","Covington Police Department"
"6353",1986,"LA0050300","Simmesport",NA,"LA","West South Central","South","AVOYELLES","City","Cities from 2,500 thru 9,999",2504,4,0,4,0,0,0,4,0,4,1.6,"SIMMESPORT POLICE DEPT.                           ","Simmesport Police Police Department"
"6354",1986,"LA0400000","Rapides",NA,"LA","West South Central","South","RAPIDES","County","MSA counties from 25,000 thru 99,999",69075,97,64,161,6,29,35,103,93,196,2.84,"RAPIDES PARISH SHERIFF'S OFFICE                   ","Rapides Parish Sheriff's Office"
"6355",1986,"LA0430100","Many",NA,"LA","West South Central","South","SABINE","City","Cities from 2,500 thru 9,999",4084,10,0,10,2,0,2,12,0,12,2.94,"MANY POLICE DEPARTMENT                            ","Many Police Department"
"6356",1986,"LA0180100","Lake Providence",NA,"LA","West South Central","South","EAST CARROLL","City","Cities from 2,500 thru 9,999",6260,4,0,4,5,0,5,9,0,9,1.44,"LAKE PROVIDENCE POLICE DEPARTMENT                 ","Lake Providence Police Department"
"6357",1986,"LA0290300","Lockport",NA,"LA","West South Central","South","LAFOURCHE","City","Cities from 2,500 thru 9,999",2613,4,0,4,0,0,0,4,0,4,1.53,"LOCKPORT POLICE DEPARTMENT                        ","Lockport Police Department"
"6358",1986,"LA0340100","Bastrop",NA,"LA","West South Central","South","MOREHOUSE","City","Cities from 10,000 thru 24,999",16713,26,1,27,7,6,13,33,7,40,2.39,"BASTROP POLICE DEPARTMENT                         ","Bastrop Police Department"
"6359",1986,"LA0260400","Westwego",NA,"LA","West South Central","South","JEFFERSON","City","Cities from 10,000 thru 24,999",12144,17,0,17,1,0,1,18,0,18,1.48,"WESTWEGO POLICE DEPARTMENT                        ","Westwego Police Department"
"6360",1986,"LA0440000","St. Bernard",NA,"LA","West South Central","South","ST BERNARD","County","MSA counties from 25,000 thru 99,999",67940,145,0,145,32,0,32,177,0,177,2.61,"ST. BERNARD PARISH SHERIFF'S OFFICE               ","St. Bernard Parish Sheriff's Office"
"6361",1986,"LA0210000","Franklin",NA,"LA","West South Central","South","FRANKLIN","County","Non-MSA counties from 10,000 thru 24,999",18378,27,0,27,5,0,5,32,0,32,1.74,"FRANKLIN PARISH SHERIFF'S OFFICE                  ","Franklin Parish Sheriff's Office"
"6362",1986,"LA0210400","Baskin",NA,"LA","West South Central","South","FRANKLIN","City","Cities under 2,500",260,1,0,1,0,0,0,1,0,1,3.85,"BASKIN POLICE DEPARTMENT                          ","Baskin Police Department"
"6363",1986,"LA0100000","Calcasieu",NA,"LA","West South Central","South","CALCASIEU","County","MSA counties from 25,000 thru 99,999",65584,243,0,243,68,0,68,311,0,311,4.74,"CALCASIEU PARISH SHERIFF'S OFFICE                 ","Calcasieu Parish Sheriff's Office"
"6364",1986,"LA0290100","Golden Meadow",NA,"LA","West South Central","South","LAFOURCHE","City","Cities under 2,500",2317,7,0,7,1,1,2,8,1,9,3.88,"GOLDEN MEADOW POLICE DEPARTMENT                   ","Golden Meadow Police Department"
"6365",1986,"LA0290000","Lafourche",NA,"LA","West South Central","South","LAFOURCHE","County","MSA counties from 25,000 thru 99,999",67055,83,16,99,10,21,31,93,37,130,1.94,"LAFOURCHE PARISH SHERIFF'S OFFICE                 ","Lafourche Parish Sheriff's Office"
"6366",1986,"LA0340000","Morehouse",NA,"LA","West South Central","South","MOREHOUSE","County","Non-MSA counties from 10,000 thru 24,999",18262,30,0,30,1,5,6,31,5,36,1.97,"MOREHOUSE PARISH SHERIFF'S OFFICE                 ","Morehouse Parish Sheriff's Office"
"6367",1986,"LA0120000","Cameron",NA,"LA","West South Central","South","CAMERON","County","Non-MSA counties from 10,000 thru 24,999",10101,53,17,70,0,3,3,53,20,73,7.23,"CAMERON PARISH SHERIFF'S OFFICE                   ","Cameron Parish Sheriff's Office"
"6368",1986,"LA0590200","Franklinton",NA,"LA","West South Central","South","WASHINGTON","City","Cities from 2,500 thru 9,999",4442,11,0,11,2,0,2,13,0,13,2.93,"FRANKLINTON POLICE DEPARTMENT                     ","Franklinton Police Department"
"6369",1986,"LA0170400","Louisiana State University:","Baton Rouge","LA","West South Central","South","EAST BATON ROUGE","University or College","Cities under 2,500",0,39,0,39,6,2,8,45,2,47,NA,"LOUISIANA STATE UNIVERSITY POLICE DEPARTMENT      ","Louisiana State University Police Department"
"6370",1986,"LA0580100","Leesville",NA,"LA","West South Central","South","VERNON","City","Cities from 10,000 thru 24,999",11507,22,1,23,7,0,7,29,1,30,2.61,"LEESVILLE POLICE DEPARTMENT                       ","Leesville Police Department"
"6371",1986,"LA0630000","West Feliciana",NA,"LA","West South Central","South","WEST FELICIANA","County","Non-MSA counties from 10,000 thru 24,999",13647,19,0,19,2,3,5,21,3,24,1.76,"WEST FELICIANA PARISH SHERIFF'S OFFICE            ","West Feliciana Parish Sheriff's Office"
"6372",1986,"LA0530000","Tangipahoa",NA,"LA","West South Central","South","TANGIPAHOA","County","Non-MSA counties from 25,000 thru 99,999",57891,113,0,113,45,0,45,158,0,158,2.73,"TANGIPAHOA PARISH SHERIFF'S OFFICE                ","Tangipahoa Parish Sheriff's Office"
"6373",1986,"LA0550000","Terrebonne",NA,"LA","West South Central","South","TERREBONNE","County","MSA counties from 25,000 thru 99,999",63351,147,0,147,32,0,32,179,0,179,2.83,"TERREBONNE PARISH SHERIFF'S OFFICE                ","Terrebonne Parish Sheriff's Office"
"6374",1986,"LA0530300","Ponchatoula",NA,"LA","West South Central","South","TANGIPAHOA","City","Cities from 2,500 thru 9,999",6433,9,0,9,3,0,3,12,0,12,1.87,"PONCHATOULA POLICE DEPARTMENT                     ","Ponchatoula Police Department"
"6375",1986,"LA0010200","Rayne",NA,"LA","West South Central","South","ACADIA","City","Cities from 2,500 thru 9,999",9602,12,0,12,4,0,4,16,0,16,1.67,"RAYNE POLICE DEPARTMENT                           ","Rayne Police Department"
"6376",1986,"LA0460000","St. Helena",NA,"LA","West South Central","South","ST HELENA","County","Non-MSA counties from 10,000 thru 24,999",10382,13,0,13,5,0,5,18,0,18,1.73,"ST. HELENA PARISH SHERIFF'S OFFICE                ","St. Helena Parish Sheriff's Office"
"6377",1986,"LA0270400","Welsh",NA,"LA","West South Central","South","JEFFERSON DAVIS","City","Cities from 2,500 thru 9,999",3851,6,0,6,2,0,2,8,0,8,2.08,"WELSH POLICE DEPARTMENT                           ","Welsh Police Department"
"6378",1986,"LA0260300","Kenner",NA,"LA","West South Central","South","JEFFERSON","City","Cities from 50,000 thru 99,999",74558,118,4,122,7,25,32,125,29,154,2.07,"KENNER POLICE DEPARTMENT                          ","Kenner Police Department"
"6379",1986,"LA0150200","Vidalia",NA,"LA","West South Central","South","CONCORDIA","City","Cities from 2,500 thru 9,999",6325,12,0,12,3,0,3,15,0,15,2.37,"VIDALIA POLICE DEPARTMENT                         ","Vidalia Police Department"
"6380",1986,"LA0200000","Evangeline",NA,"LA","West South Central","South","EVANGELINE","County","Non-MSA counties from 10,000 thru 24,999",22034,30,0,30,12,0,12,42,0,42,1.91,"EVANGELINE PARISH SHERIFF'S OFFICE                ","Evangeline Parish Sheriff's Office"
"6381",1986,"LA0040000","Assumption",NA,"LA","West South Central","South","ASSUMPTION","County","Non-MSA counties from 10,000 thru 24,999",23675,33,3,36,0,6,6,33,9,42,1.77,"ASSUMPTION PARISH SHERIFF'S OFFICE                ","Assumption Parish Sheriff's Office"
"6382",1986,"LA0500100","Breaux Bridge",NA,"LA","West South Central","South","ST MARTIN","City","Cities from 2,500 thru 9,999",6733,13,1,14,0,4,4,13,5,18,2.67,"BREAUX BRIDGE POLICE DEPARTMENT                   ","Breaux Bridge Police Department"
"6383",1986,"LA0340400","Collinston",NA,"LA","West South Central","South","MOREHOUSE","City","Cities under 2,500",449,1,0,1,0,0,0,1,0,1,2.23,"COLLINSTON POLICE DEPT                            ","Collinston Police Police Department"
"6384",1986,"LA0010100","Crowley",NA,"LA","West South Central","South","ACADIA","City","Cities from 10,000 thru 24,999",16628,27,0,27,4,0,4,31,0,31,1.86,"CROWLEY POLICE DEPARTMENT                         ","Crowley Police Department"
"6385",1986,"LA0170000","East Baton Rouge",NA,"LA","West South Central","South","EAST BATON ROUGE","County","MSA counties 100,000 or over",125364,410,0,410,121,0,121,531,0,531,4.24,"EAST BATON ROUGE PARISH SHERIFF'S OFFICE          ","East Baton Rouge Parish Sheriff's Office"
"6386",1986,"LA0230000","Iberia",NA,"LA","West South Central","South","IBERIA","County","Non-MSA counties from 25,000 thru 99,999",25372,62,0,62,36,0,36,98,0,98,3.86,"IBERIA PARISH SHERIFF'S OFFICE                    ","Iberia Parish Sheriff's Office"
"6387",1986,"LA0180000","East Carroll",NA,"LA","West South Central","South","EAST CARROLL","County","Non-MSA counties under 10,000",5301,14,0,14,5,0,5,19,0,19,3.58,"EAST CARROLL PARISH SHERIFF'S OFFICE              ","East Carroll Parish Sheriff's Office"
"6388",1986,"LA0150000","Concordia",NA,"LA","West South Central","South","CONCORDIA","County","Non-MSA counties from 10,000 thru 24,999",13134,22,0,22,6,0,6,28,0,28,2.13,"CONCORDIA PARISH SHERIFF'S OFFICE                 ","Concordia Parish Sheriff's Office"
"6389",1986,"LA0401000","Ball",NA,"LA","West South Central","South","RAPIDES","City","Cities from 2,500 thru 9,999",4061,7,0,7,0,1,1,7,1,8,1.97,"BALL POLICE DEPARTMENT                            ","Ball Police Department"
"6390",1986,"LA0060000","Beauregard",NA,"LA","West South Central","South","BEAUREGARD","County","Non-MSA counties from 10,000 thru 24,999",20586,38,0,38,13,0,13,51,0,51,2.48,"BEAUREGARD PARISH SHERIFF'S OFFICE                ","Beauregard Parish Sheriff's Office"
"6391",1986,"LA0070100","Arcadia",NA,"LA","West South Central","South","BIENVILLE","City","Cities from 2,500 thru 9,999",3509,6,0,6,0,0,0,6,0,6,1.71,"ARCADIA POLICE DEPARTMENT                         ","Arcadia Police Department"
"6392",1986,"LA0320100","Denham Springs",NA,"LA","West South Central","South","LIVINGSTON","City","Cities from 10,000 thru 24,999",10197,19,1,20,6,2,8,25,3,28,2.75,"DENHAM SPRINGS POLICE DEPARTMENT                  ","Denham Springs Police Department"
"6393",1986,"LA0130100","Jonesville",NA,"LA","West South Central","South","CATAHOULA","City","Cities from 2,500 thru 9,999",3116,6,0,6,3,0,3,9,0,9,2.89,"JONESVILLE POLICE DEPARTMENT                      ","Jonesville Police Department"
"6394",1986,"LA0350000","Natchitoches",NA,"LA","West South Central","South","NATCHITOCHES","County","Non-MSA counties from 10,000 thru 24,999",23746,41,4,45,5,0,5,46,4,50,2.11,"NATCHITOCHES PARISH SHERIFF'S OFFICE              ","Natchitoches Parish Sheriff's Office"
"6395",1986,"LA0370400","University of Louisiana:","Monroe","LA","West South Central","South","OUACHITA","University or College","Cities under 2,500",0,13,0,13,0,5,5,13,5,18,NA,"UNIVERSITY OF LOUISIANA - MONROE POLICE           ","University Of Louisiana - Monroe Police"
"6396",1986,"LA0480000","St. John the Baptist",NA,"LA","West South Central","South","ST JOHN THE BAPTIST","County","MSA counties from 25,000 thru 99,999",40204,100,3,103,31,1,32,131,4,135,3.36,"ST. JOHN THE BAPTIST PARISH SHERIFF'S OFFICE      ","St. John The Baptist Parish Sheriff's Office"
"6397",1986,"LA0090000","Caddo",NA,"LA","West South Central","South","CADDO","County","MSA counties from 25,000 thru 99,999",48613,258,0,258,88,0,88,346,0,346,7.12,"CADDO PARISH SHERIFF'S OFFICE                     ","Caddo Parish Sheriff's Office"
"6398",1986,"LA0060100","De Ridder",NA,"LA","West South Central","South","BEAUREGARD","City","Cities from 10,000 thru 24,999",11690,15,0,15,5,0,5,20,0,20,1.71,"DERIDDER POLICE DEPARTMENT                        ","Deridder Police Department"
"6399",1986,"LA0250000","Jackson",NA,"LA","West South Central","South","JACKSON","County","Non-MSA counties from 10,000 thru 24,999",12310,27,0,27,2,0,2,29,0,29,2.36,"JACKSON PARISH SHERIFF'S OFFICE                   ","Jackson Parish Sheriff's Office"
"6400",1986,"LA0100800","McNeese State University",NA,"LA","West South Central","South","CALCASIEU","University or College","Cities under 2,500",0,10,0,10,2,2,4,12,2,14,NA,"MCNEESE STATE UNIVERSITY POLICE                   ","Mcneese State University Police"
"6401",1986,"LA0290500","Thibodaux",NA,"LA","West South Central","South","LAFOURCHE","City","Cities from 10,000 thru 24,999",17177,36,0,36,4,4,8,40,4,44,2.56,"THIBODAUX POLICE DEPARTMENT                       ","Thibodaux Police Department"
"6402",1986,"LA0150100","Ferriday",NA,"LA","West South Central","South","CONCORDIA","City","Cities from 2,500 thru 9,999",4525,11,0,11,2,0,2,13,0,13,2.87,"FERRIDAY POLICE DEPARTMENT                        ","Ferriday Police Department"
"6403",1986,"LA0400100","Alexandria",NA,"LA","West South Central","South","RAPIDES","City","Cities from 50,000 thru 99,999",52985,111,3,114,6,13,19,117,16,133,2.51,"ALEXANDRIA POLICE DEPARTMENT                      ","Alexandria Police Department"
"6404",1986,"LA0310200","Ruston",NA,"LA","West South Central","South","LINCOLN","City","Cities from 10,000 thru 24,999",21751,29,3,32,2,3,5,31,6,37,1.7,"RUSTON POLICE DEPARTMENT                          ","Ruston Police Department"
"6405",1986,"LA0240000","Iberville",NA,"LA","West South Central","South","IBERVILLE","County","Non-MSA counties from 25,000 thru 99,999",25906,45,27,72,1,61,62,46,88,134,5.17,"IBERVILLE PARISH SHERIFF'S OFFICE                 ","Iberville Parish Sheriff's Office"
"6406",1986,"LA0600000","Webster",NA,"LA","West South Central","South","WEBSTER","County","Non-MSA counties from 10,000 thru 24,999",23336,30,1,31,0,6,6,30,7,37,1.59,"WEBSTER PARISH SHERIFF'S OFFICE                   ","Webster Parish Sheriff's Office"
"6407",1986,"LA0510300","Morgan City",NA,"LA","West South Central","South","ST MARY","City","Cities from 10,000 thru 24,999",15461,37,2,39,15,1,16,52,3,55,3.56,"MORGAN CITY POLICE DEPARTMENT                     ","Morgan City Police Department"
"6408",1986,"LA0070000","Bienville",NA,"LA","West South Central","South","BIENVILLE","County","Non-MSA counties from 10,000 thru 24,999",13409,24,7,31,3,3,6,27,10,37,2.76,"BIENVILLE PARISH SHERIFF'S OFFICE                 ","Bienville Parish Sheriff's Office"
"6409",1986,"LA0140200","Homer",NA,"LA","West South Central","South","CLAIBORNE","City","Cities from 2,500 thru 9,999",4655,8,0,8,1,0,1,9,0,9,1.93,"HOMER POLICE DEPARTMENT                           ","Homer Police Department"
"6410",1986,"LA0420200","Rayville",NA,"LA","West South Central","South","RICHLAND","City","Cities from 2,500 thru 9,999",4620,7,0,7,0,0,0,7,0,7,1.52,"RAYVILLE POLICE DEPARTMENT                        ","Rayville Police Department"
"6411",1986,"LA0130000","Catahoula",NA,"LA","West South Central","South","CATAHOULA","County","Non-MSA counties under 10,000",9666,21,0,21,6,2,8,27,2,29,3,"CATAHOULA PARISH SHERIFF'S OFFICE                 ","Catahoula Parish Sheriff's Office"
"6412",1986,"LA0370100","Monroe",NA,"LA","West South Central","South","OUACHITA","City","Cities from 50,000 thru 99,999",56451,110,16,126,8,37,45,118,53,171,3.03,"MONROE POLICE DEPARTMENT                          ","Monroe Police Department"
"6413",1986,"LA0020200","Oakdale",NA,"LA","West South Central","South","ALLEN","City","Cities from 2,500 thru 9,999",7048,12,0,12,4,0,4,16,0,16,2.27,"OAKDALE POLICE DEPARTMENT                         ","Oakdale Police Department"
"6414",1986,"LA0310700","Louisiana Tech University",NA,"LA","West South Central","South","LINCOLN","University or College","Cities under 2,500",0,11,0,11,2,2,4,13,2,15,NA,"LOUISIANA TECH UNIVERSITY POLICE                  ","Louisiana Tech University Police"
"6415",1986,"LA0490100","Eunice",NA,"LA","West South Central","South","ACADIA, ST LANDRY","City","Cities from 10,000 thru 24,999",13504,26,0,26,5,1,6,31,1,32,2.37,"EUNICE POLICE DEPARTMENT                          ","Eunice Police Department"
"6416",1986,"LA0430000","Sabine",NA,"LA","West South Central","South","SABINE","County","Non-MSA counties from 10,000 thru 24,999",20435,19,0,19,5,2,7,24,2,26,1.27,"SABINE PARISH SHERIFF'S OFFICE                    ","Sabine Parish Sheriff's Office"
"6417",1986,"LA0410000","Red River",NA,"LA","West South Central","South","RED RIVER","County","Non-MSA counties from 10,000 thru 24,999",10980,26,0,26,6,0,6,32,0,32,2.91,"RED RIVER PARISH SHERIFF'S OFFICE                 ","Red River Parish Sheriff's Office"
"6418",1986,"LA0570200","Kaplan",NA,"LA","West South Central","South","VERMILION","City","Cities from 2,500 thru 9,999",5085,10,0,10,4,0,4,14,0,14,2.75,"KAPLAN POLICE DEPARTMENT                          ","Kaplan Police Department"
"6419",1986,"LA0520300","Mandeville",NA,"LA","West South Central","South","ST TAMMANY","City","Cities from 2,500 thru 9,999",8446,24,0,24,10,0,10,34,0,34,4.03,"MANDEVILLE POLICE DEPARTMENT                      ","Mandeville Police Department"
"6420",1986,"LA0090100","Shreveport",NA,"LA","West South Central","South","BOSSIER, CADDO","City","Cities from 100,000 thru 249,999",221895,395,17,412,43,71,114,438,88,526,2.37,"SHREVEPORT POLICE DEPARTMENT                      ","Shreveport Police Department"
"6421",1986,"LA0140000","Claiborne",NA,"LA","West South Central","South","CLAIBORNE","County","Non-MSA counties from 10,000 thru 24,999",10203,13,0,13,7,0,7,20,0,20,1.96,"CLAIBORNE PARISH SHERIFF'S OFFICE                 ","Claiborne Parish Sheriff's Office"
"6422",1986,"LA0080000","Bossier",NA,"LA","West South Central","South","BOSSIER","County","MSA counties from 25,000 thru 99,999",33746,67,0,67,19,3,22,86,3,89,2.64,"BOSSIER PARISH SHERIFF'S OFFICE                   ","Bossier Parish Sheriff's Office"
"6423",1986,"LA0470000","St. James",NA,"LA","West South Central","South","ST JAMES","County","Non-MSA counties from 10,000 thru 24,999",22190,46,1,47,6,15,21,52,16,68,3.06,"ST. JAMES PARISH SHERIFF'S OFFICE                 ","St. James Parish Sheriff's Office"
"6424",1986,"LALSP0000","State Police",NA,"LA","West South Central","South","UNMAPPED COUNTY","State Police","Non-MSA counties under 10,000",0,723,98,821,6,174,180,729,272,1001,NA,"LOUISIANA STATE POLICE                            ","Louisiana State Police"
"6425",1986,"LA0370000","Ouachita",NA,"LA","West South Central","South","OUACHITA","County","MSA counties from 25,000 thru 99,999",71211,137,0,137,53,0,53,190,0,190,2.67,"OUACHITA PARISH SHERIFF'S OFFICE                  ","Ouachita Parish Sheriff's Office"
"6426",1986,"LA0300100","Jena",NA,"LA","West South Central","South","LA SALLE","City","Cities from 2,500 thru 9,999",4660,5,0,5,0,0,0,5,0,5,1.07,"JENA POLICE DEPARTMENT                            ","Jena Police Department"
"6427",1986,"LA0510200","Franklin",NA,"LA","West South Central","South","ST MARY","City","Cities from 2,500 thru 9,999",9770,16,0,16,7,0,7,23,0,23,2.35,"FRANKLIN POLICE DEPARTMENT                        ","Franklin Police Department"
"6428",1986,"LA0100400","Vinton",NA,"LA","West South Central","South","CALCASIEU","City","Cities from 2,500 thru 9,999",3796,12,0,12,1,0,1,13,0,13,3.42,"VINTON POLICE DEPARTMENT                          ","Vinton Police Department"
"6429",1986,"LA0430200","Zwolle",NA,"LA","West South Central","South","SABINE","City","Cities from 2,500 thru 9,999",2854,4,0,4,0,0,0,4,0,4,1.4,"ZWOLLE POLICE DEPARTMENT                          ","Zwolle Police Department"
"6430",1986,"LA0370200","West Monroe",NA,"LA","West South Central","South","OUACHITA","City","Cities from 10,000 thru 24,999",16221,45,2,47,6,1,7,51,3,54,3.33,"WEST MONROE POLICE DEPARTMENT                     ","West Monroe Police Department"
"6431",1986,"LA0100200","Lake Charles",NA,"LA","West South Central","South","CALCASIEU","City","Cities from 50,000 thru 99,999",75728,89,0,89,22,3,25,111,3,114,1.51,"LAKE CHARLES POLICE DEPARTMENT                    ","Lake Charles Police Department"
"6432",1986,"LA0530100","Hammond",NA,"LA","West South Central","South","TANGIPAHOA","City","Cities from 10,000 thru 24,999",19947,41,0,41,6,0,6,47,0,47,2.36,"HAMMOND POLICE DEPARTMENT                         ","Hammond Police Department"
"6433",1986,"LA0570100","Abbeville",NA,"LA","West South Central","South","VERMILION","City","Cities from 10,000 thru 24,999",13778,25,3,28,2,3,5,27,6,33,2.4,"ABBEVILLE POLICE DEPARTMENT                       ","Abbeville Police Department"
"6434",1986,"LA0640100","Winnfield",NA,"LA","West South Central","South","WINN","City","Cities from 2,500 thru 9,999",7701,13,1,14,4,1,5,17,2,19,2.47,"WINNFIELD POLICE DEPT                             ","Winnfield Police Police Department"
"6435",1986,"LA0030200","Gonzales",NA,"LA","West South Central","South","ASCENSION","City","Cities from 2,500 thru 9,999",8762,23,0,23,6,0,6,29,0,29,3.31,"GONZALES POLICE DEPARTMENT                        ","Gonzales Police Department"
"6436",1986,"LA0310300","Grambling",NA,"LA","West South Central","South","LINCOLN","City","Cities from 2,500 thru 9,999",4569,5,0,5,2,0,2,7,0,7,1.53,"GRAMBLING POLICE DEPARTMENT                       ","Grambling Police Department"
"6437",1986,"LA0270000","Jefferson Davis",NA,"LA","West South Central","South","JEFFERSON DAVIS","County","Non-MSA counties from 10,000 thru 24,999",16827,30,3,33,3,6,9,33,9,42,2.5,"JEFFERSON DAVIS PARISH SHERIFF'S OFFICE           ","Jefferson Davis Parish Sheriff's Office"
"6438",1986,"LANPD0000","New Orleans",NA,"LA","West South Central","South","ORLEANS","City","Cities from 500,000 thru 999,999",563927,1185,67,1252,120,154,274,1305,221,1526,2.71,"NEW ORLEANS POLICE DEPARTMENT                     ","New Orleans Police Department"
"6439",1986,"LA0330000","Madison",NA,"LA","West South Central","South","MADISON","County","Non-MSA counties under 10,000",4405,13,0,13,7,0,7,20,0,20,4.54,"MADISON PARISH SHERIFF'S OFFICE                   ","Madison Parish Sheriff's Office"
"6440",1986,"LA0170300","Zachary",NA,"LA","West South Central","South","EAST BATON ROUGE","City","Cities from 2,500 thru 9,999",9004,15,0,15,4,1,5,19,1,20,2.22,"ZACHARY POLICE DEPARTMENT                         ","Zachary Police Department"
"6441",1986,"LA0350100","Natchitoches",NA,"LA","West South Central","South","NATCHITOCHES","City","Cities from 10,000 thru 24,999",16619,30,1,31,9,0,9,39,1,40,2.41,"NATCHITOCHES POLICE DEPARTMENT                    ","Natchitoches Police Department"
"6442",1986,"LA0330100","Tallulah",NA,"LA","West South Central","South","MADISON","City","Cities from 10,000 thru 24,999",11218,11,0,11,6,0,6,17,0,17,1.52,"TALLULAH POLICE DEPT.                             ","Tallulah Police Police Department"
"6443",1986,"LA0310000","Lincoln",NA,"LA","West South Central","South","LINCOLN","County","Non-MSA counties from 10,000 thru 24,999",15248,21,0,21,6,2,8,27,2,29,1.9,"LINCOLN PARISH SHERIFF'S OFFICE                   ","Lincoln Parish Sheriff's Office"
"6444",1986,"LA0300000","La Salle",NA,"LA","West South Central","South","LA SALLE","County","Non-MSA counties from 10,000 thru 24,999",13006,20,7,27,0,4,4,20,11,31,2.38,"LA SALLE PARISH SHERIFF'S OFFICE                  ","La Salle Parish Sheriff's Office"
"6445",1986,"LA0230300","New Iberia",NA,"LA","West South Central","South","IBERIA","City","Cities from 25,000 thru 49,999",36181,50,8,58,6,11,17,56,19,75,2.07,"NEW IBERIA PD                                     ","New Iberia Police Department"
"6446",1986,"LA0530900","Southeastern Louisiana University",NA,"LA","West South Central","South","TANGIPAHOA","University or College","Cities under 2,500",0,15,0,15,4,2,6,19,2,21,NA,"SOUTHEASTERN LOUISIANA UNIVERSITY POLICE          ","Southeastern Louisiana University Police"
"6447",1986,"LA0580000","Vernon",NA,"LA","West South Central","South","VERNON","County","Non-MSA counties from 25,000 thru 99,999",49527,47,0,47,11,1,12,58,1,59,1.19,"VERNON PARISH SHERIFF'S OFFICE                    ","Vernon Parish Sheriff's Office"
"6448",1986,"LA0510100","Berwick",NA,"LA","West South Central","South","ST MARY","City","Cities from 2,500 thru 9,999",4765,9,0,9,0,0,0,9,0,9,1.89,"BERWICK POLICE DEPARTMENT                         ","Berwick Police Department"
"6449",1986,"LA0270200","Jennings",NA,"LA","West South Central","South","JEFFERSON DAVIS","City","Cities from 10,000 thru 24,999",12591,21,0,21,9,0,9,30,0,30,2.38,"JENNINGS POLICE DEPARTMENT                        ","Jennings Police Department"
"6450",1986,"LA0450000","St. Charles",NA,"LA","West South Central","South","ST CHARLES","County","MSA counties from 25,000 thru 99,999",42052,99,11,110,12,54,66,111,65,176,4.19,"ST. CHARLES PARISH SHERIFF'S OFFICE               ","St. Charles Parish Sheriff's Office"
"6451",1986,"LA0400200","Pineville",NA,"LA","West South Central","South","RAPIDES","City","Cities from 10,000 thru 24,999",13495,30,0,30,2,1,3,32,1,33,2.45,"PINEVILLE POLICE DEPARTMENT                       ","Pineville Police Department"
"6452",1986,"LA0490200","Opelousas",NA,"LA","West South Central","South","ST LANDRY","City","Cities from 10,000 thru 24,999",20172,38,1,39,3,1,4,41,2,43,2.13,"OPELOUSAS POLICE DEPARTMENT                       ","Opelousas Police Department"
"6453",1986,"LA0280000","Lafayette",NA,"LA","West South Central","South","LAFAYETTE","County","MSA counties from 25,000 thru 99,999",88207,280,0,280,82,0,82,362,0,362,4.1,"LAFAYETTE PARISH SHERIFF'S OFFICE                 ","Lafayette Parish Sheriff's Office"
"6454",1986,"LA0200200","Mamou",NA,"LA","West South Central","South","EVANGELINE","City","Cities from 2,500 thru 9,999",3439,9,0,9,5,0,5,14,0,14,4.07,"MAMOU POLICE DEPARTMENT                           ","Mamou Police Department"
"6455",1986,"LA0390100","New Roads",NA,"LA","West South Central","South","POINTE COUPEE","City","Cities from 2,500 thru 9,999",3837,11,0,11,0,0,0,11,0,11,2.87,"NEW ROADS POLICE DEPARTMENT                       ","New Roads Police Department"
"6456",1986,"LA0320000","Livingston",NA,"LA","West South Central","South","LIVINGSTON","County","MSA counties from 25,000 thru 99,999",59544,82,1,83,29,0,29,111,1,112,1.88,"LIVINGSTON PARISH SHERIFF'S OFFICE                ","Livingston Parish Sheriff's Office"
"6457",1986,"LA0590000","Washington",NA,"LA","West South Central","South","WASHINGTON","County","Non-MSA counties from 10,000 thru 24,999",24847,47,0,47,9,0,9,56,0,56,2.25,"WASHINGTON PARISH SHERIFF'S OFFICE                ","Washington Parish Sheriff's Office"
"6458",1986,"LA0590100","Bogalusa",NA,"LA","West South Central","South","WASHINGTON","City","Cities from 10,000 thru 24,999",17060,30,3,33,2,7,9,32,10,42,2.46,"BOGALUSA POLICE DEPARTMENT                        ","Bogalusa Police Department"
"6459",1986,"LA0390000","Pointe Coupee",NA,"LA","West South Central","South","POINTE COUPEE","County","Non-MSA counties from 10,000 thru 24,999",21140,35,1,36,11,0,11,46,1,47,2.22,"POINTE COUPEE PARISH SHERIFF'S OFFICE             ","Pointe Coupee Parish Sheriff's Office"
"6460",1986,"LA0050100","Bunkie",NA,"LA","West South Central","South","AVOYELLES","City","Cities from 2,500 thru 9,999",5617,9,0,9,3,0,3,12,0,12,2.14,"BUNKIE POLICE DEPARTMENT                          ","Bunkie Police Department"
"6461",1986,"LA0260000","Jefferson",NA,"LA","West South Central","South","JEFFERSON","County","MSA counties 100,000 or over",360589,564,236,800,96,267,363,660,503,1163,3.23,"JEFFERSON PARISH SHERIFF'S OFFICE                 ","Jefferson Parish Sheriff's Office"
"6462",1986,"LA0170100","Baker",NA,"LA","West South Central","South","EAST BATON ROUGE","City","Cities from 10,000 thru 24,999",13967,22,0,22,4,0,4,26,0,26,1.86,"BAKER POLICE DEPARTMENT                           ","Baker Police Department"
"6463",1986,"LA0110000","Caldwell",NA,"LA","West South Central","South","CALDWELL","County","Non-MSA counties from 10,000 thru 24,999",11428,17,3,20,3,3,6,20,6,26,2.28,"CALDWELL PARISH SHERIFF'S OFFICE                  ","Caldwell Parish Sheriff's Office"
"6464",1986,"LA0230200","Jeanerette",NA,"LA","West South Central","South","IBERIA","City","Cities from 2,500 thru 9,999",7025,9,0,9,7,0,7,16,0,16,2.28,"JEANERETTE POLICE DEPARTMENT                      ","Jeanerette Police Department"
"6465",1986,"LA0600200","Springhill",NA,"LA","West South Central","South","WEBSTER","City","Cities from 2,500 thru 9,999",7003,10,0,10,1,0,1,11,0,11,1.57,"SPRINGHILL POLICE DEPARTMENT                      ","Springhill Police Department"
"6466",1986,"LA0560100","Farmerville",NA,"LA","West South Central","South","UNION","City","Cities from 2,500 thru 9,999",3918,9,0,9,2,0,2,11,0,11,2.81,"FARMERVILLE POLICE DEPARTMENT                     ","Farmerville Police Department"
"6467",1986,"LA0420100","Delhi",NA,"LA","West South Central","South","RICHLAND","City","Cities from 2,500 thru 9,999",3493,6,0,6,0,0,0,6,0,6,1.72,"DELHI POLICE DEPARTMENT                           ","Delhi Police Department"
"6468",1986,"LA0600100","Minden",NA,"LA","West South Central","South","WEBSTER","City","Cities from 10,000 thru 24,999",15545,24,0,24,3,0,3,27,0,27,1.74,"MINDEN POLICE DEPARTMENT                          ","Minden Police Department"
"6469",1986,"LA0530200","Kentwood",NA,"LA","West South Central","South","TANGIPAHOA","City","Cities from 2,500 thru 9,999",2760,9,0,9,1,0,1,10,0,10,3.62,"KENTWOOD POLICE DEPARTMENT                        ","Kentwood Police Department"
"6470",1986,"LA0380000","Plaquemines",NA,"LA","West South Central","South","PLAQUEMINES","County","Non-MSA counties from 25,000 thru 99,999",26955,114,0,114,22,0,22,136,0,136,5.05,"PLAQUEMINES PARISH SHERIFF'S OFFICE               ","Plaquemines Parish Sheriff's Office"
"6471",1986,"LA0160000","De Soto",NA,"LA","West South Central","South","DE SOTO","County","Non-MSA counties from 10,000 thru 24,999",20469,28,0,28,7,0,7,35,0,35,1.71,"DE SOTO PARISH SHERIFF'S OFFICE                   ","De Soto Parish Sheriff's Office"
"6472",1986,"LA0560000","Union",NA,"LA","West South Central","South","UNION","County","Non-MSA counties from 10,000 thru 24,999",18558,18,0,18,5,0,5,23,0,23,1.24,"UNION PARISH SHERIFF'S OFFICE                     ","Union Parish Sheriff's Office"
"6473",1986,"LA0500200","St. Martinville",NA,"LA","West South Central","South","ST MARTIN","City","Cities from 2,500 thru 9,999",8776,16,0,16,5,0,5,21,0,21,2.39,"ST. MARTINVILLE POLICE DEPARTMENT                 ","St. Martinville Police Department"
"6474",1986,"LA0100300","Sulphur",NA,"LA","West South Central","South","CALCASIEU","City","Cities from 10,000 thru 24,999",21655,25,3,28,0,6,6,25,9,34,1.57,"SULPHUR POLICE DEPARTMENT                         ","Sulphur Police Department"
"6475",1986,"LA0020100","Kinder",NA,"LA","West South Central","South","ALLEN","City","Cities from 2,500 thru 9,999",2727,6,0,6,0,0,0,6,0,6,2.2,"KINDER POLICE DEPARTMENT                          ","Kinder Police Department"
"6476",1986,"LA0510000","St. Mary",NA,"LA","West South Central","South","ST MARY","County","Non-MSA counties from 25,000 thru 99,999",27755,84,0,84,28,0,28,112,0,112,4.04,"ST. MARY PARISH SHERIFF'S OFFICE                  ","St. Mary Parish Sheriff's Office"
"6477",1986,"LA0050000","Avoyelles",NA,"LA","West South Central","South","AVOYELLES","County","Non-MSA counties from 25,000 thru 99,999",30106,38,0,38,12,0,12,50,0,50,1.66,"AVOYELLES PARISH SHERIFF'S OFFICE                 ","Avoyelles Parish Sheriff's Office"
"6478",1986,"LA0351000","Northwestern State University",NA,"LA","West South Central","South","NATCHITOCHES","University or College","Cities under 2,500",0,12,0,12,2,1,3,14,1,15,NA,"NORTHWESTERN STATE UNIVERSITY OF LOUISIANA POLICE ","Northwestern State University Of Louisiana Police"
"6479",1986,"LA0640000","Winn",NA,"LA","West South Central","South","WINN","County","Non-MSA counties from 10,000 thru 24,999",10042,19,0,19,5,0,5,24,0,24,2.39,"WINN PARISH SHERIFF'S OFFICE                      ","Winn Parish Sheriff's Office"
"6480",1986,"LA0510500","Baldwin",NA,"LA","West South Central","South","ST MARY","City","Cities from 2,500 thru 9,999",2844,4,0,4,1,0,1,5,0,5,1.76,"BALDWIN POLICE DEPARTMENT                         ","Baldwin Police Department"
"6481",1986,"LA0610100","Port Allen",NA,"LA","West South Central","South","WEST BATON ROUGE","City","Cities from 2,500 thru 9,999",6392,17,0,17,4,0,4,21,0,21,3.29,"PORT ALLEN POLICE DEPARTMENT                      ","Port Allen Police Department"
"6482",1986,"LA0550100","Houma",NA,"LA","West South Central","South","TERREBONNE","City","Cities from 25,000 thru 49,999",39527,52,6,58,3,19,22,55,25,80,2.02,"HOUMA POLICE DEPARTMENT                           ","Houma Police Department"
"6483",1986,"LA0510400","Patterson",NA,"LA","West South Central","South","ST MARY","City","Cities from 2,500 thru 9,999",5168,10,0,10,3,0,3,13,0,13,2.52,"PATTERSON POLICE DEPARTMENT                       ","Patterson Police Department"
"6484",1986,"LA0610000","West Baton Rouge",NA,"LA","West South Central","South","WEST BATON ROUGE","County","MSA counties from 10,000 thru 24,999",14151,37,1,38,9,0,9,46,1,47,3.32,"WEST BATON ROUGE PARISH SHERIFF'S OFFICE          ","West Baton Rouge Parish Sheriff's Office"
"6485",1986,"LA0140100","Haynesville",NA,"LA","West South Central","South","CLAIBORNE","City","Cities from 2,500 thru 9,999",3511,7,0,7,0,0,0,7,0,7,1.99,"HAYNESVILLE POLICE DEPT                           ","Haynesville Police Police Department"
"6486",1986,"LA0010800","Louisiana State University:","Eunice","LA","West South Central","South","ACADIA","University or College","Cities under 2,500",0,1,0,1,0,0,0,1,0,1,NA,"TRI PARISH NARCOTICS TASK FORCE CROWLEY           ","Tri Parish Narcotics Task Force Crowley"
"6487",1986,"LA0170200","Baton Rouge",NA,"LA","West South Central","South","EAST BATON ROUGE","City","Cities from 100,000 thru 249,999",246388,530,6,536,105,78,183,635,84,719,2.92,"BATON ROUGE POLICE DEPARTMENT                     ","Baton Rouge Police Department"
"6488",1986,"LA0100100","De Quincy",NA,"LA","West South Central","South","CALCASIEU","City","Cities from 2,500 thru 9,999",4134,10,0,10,2,0,2,12,0,12,2.9,"DEQUINCY POLICE DEPARTMENT                        ","Dequincy Police Department"
"6489",1986,"LA0200300","Ville Platte",NA,"LA","West South Central","South","EVANGELINE","City","Cities from 2,500 thru 9,999",9811,23,0,23,3,0,3,26,0,26,2.65,"VILLE PLATTE POLICE DEPARTMENT                    ","Ville Platte Police Department"
"6490",1986,"LA0090200","Vivian",NA,"LA","West South Central","South","CADDO","City","Cities from 2,500 thru 9,999",4708,10,0,10,4,0,4,14,0,14,2.97,"VIVIAN POLICE DEPARTMENT                          ","Vivian Police Department"
"6491",1986,"LA0100500","Westlake",NA,"LA","West South Central","South","CALCASIEU","City","Cities from 2,500 thru 9,999",5574,9,0,9,0,5,5,9,5,14,2.51,"WESTLAKE POLICE DEPARTMENT                        ","Westlake Police Department"
"6492",1986,"LA0160100","Mansfield",NA,"LA","West South Central","South","DE SOTO","City","Cities from 2,500 thru 9,999",7074,11,2,13,0,3,3,11,5,16,2.26,"MANSFIELD POLICE DEPARTMENT                       ","Mansfield Police Department"
"6493",1986,"LA0500000","St. Martin",NA,"LA","West South Central","South","ST MARTIN","County","MSA counties from 25,000 thru 99,999",30079,37,0,37,20,0,20,57,0,57,1.9,"ST. MARTIN PARISH SHERIFF'S OFFICE                ","St. Martin Parish Sheriff's Office"
"6494",1986,"LA0020000","Allen",NA,"LA","West South Central","South","ALLEN","County","Non-MSA counties from 10,000 thru 24,999",12227,35,0,35,8,0,8,43,0,43,3.52,"ALLEN PARISH SHERIFF'S OFFICE                     ","Allen Parish Sheriff's Office"
"6495",1986,"LA0010000","Acadia",NA,"LA","West South Central","South","ACADIA","County","Non-MSA counties from 25,000 thru 99,999",28563,66,1,67,12,1,13,78,2,80,2.8,"ACADIA PARISH SHERIFF'S OFFICE                    ","Acadia Parish Sheriff's Office"
"6496",1986,"LA0280300","Lafayette",NA,"LA","West South Central","South","LAFAYETTE","City","Cities from 50,000 thru 99,999",83321,147,37,184,18,9,27,165,46,211,2.53,"LAFAYETTE POLICE DEPARTMENT                       ","Lafayette Police Department"
"6497",1986,"LA0620000","West Carroll",NA,"LA","West South Central","South","WEST CARROLL","County","Non-MSA counties from 10,000 thru 24,999",10790,11,0,11,4,0,4,15,0,15,1.39,"WEST CARROLL PARISH SHERIFF'S OFFICE              ","West Carroll Parish Sheriff's Office"
"6498",1986,"LA0260200","Harahan",NA,"LA","West South Central","South","JEFFERSON","City","Cities from 10,000 thru 24,999",11065,17,0,17,7,0,7,24,0,24,2.17,"HARAHAN POLICE DEPARTMENT                         ","Harahan Police Department"
"6499",1986,"LA0540000","Tensas",NA,"LA","West South Central","South","TENSAS","County","Non-MSA counties under 10,000",6961,13,0,13,4,0,4,17,0,17,2.44,"TENSAS PARISH SHERIFF'S OFFICE                    ","Tensas Parish Sheriff's Office"
"6500",1986,"LA0520000","St. Tammany",NA,"LA","West South Central","South","ST TAMMANY","County","MSA counties from 25,000 thru 99,999",86171,145,0,145,61,0,61,206,0,206,2.39,"ST. TAMMANY PARISH SHERIFF'S OFFICE               ","St. Tammany Parish Sheriff's Office"
"6501",1986,"LA0030000","Ascension",NA,"LA","West South Central","South","ASCENSION","County","MSA counties from 25,000 thru 99,999",48847,91,1,92,23,2,25,114,3,117,2.4,"ASCENSION PARISH SHERIFF'S OFFICE                 ","Ascension Parish Sheriff's Office"
"6502",1986,"LA0420000","Richland",NA,"LA","West South Central","South","RICHLAND","County","Non-MSA counties from 10,000 thru 24,999",13863,16,0,16,5,0,5,21,0,21,1.51,"RICHLAND PARISH SHERIFF'S OFFICE                  ","Richland Parish Sheriff's Office"
"6503",1986,"LA0530400","Amite",NA,"LA","West South Central","South","TANGIPAHOA","City","Cities from 2,500 thru 9,999",4813,13,0,13,3,0,3,16,0,16,3.32,"AMITE POLICE DEPARTMENT                           ","Amite Police Department"
"6504",1986,"LA0010300","Church Point",NA,"LA","West South Central","South","ACADIA","City","Cities from 2,500 thru 9,999",4681,10,0,10,4,0,4,14,0,14,2.99,"CHURCH POINT POLICE DEPARTMENT                    ","Church Point Police Department"
"6505",1985,"LA0080000","Bossier",NA,"LA","West South Central","South","BOSSIER","County","MSA counties from 25,000 thru 99,999",32351,65,1,66,20,2,22,85,3,88,2.72,"BOSSIER PARISH SHERIFF'S OFFICE                   ","Bossier Parish Sheriff's Office"
"6506",1985,"LA0090100","Shreveport",NA,"LA","West South Central","South","BOSSIER, CADDO","City","Cities from 100,000 thru 249,999",220888,377,18,395,36,62,98,413,80,493,2.23,"SHREVEPORT POLICE DEPARTMENT                      ","Shreveport Police Department"
"6507",1985,"LA0140000","Claiborne",NA,"LA","West South Central","South","CLAIBORNE","County","Non-MSA counties under 10,000",9960,13,1,14,7,0,7,20,1,21,2.11,"CLAIBORNE PARISH SHERIFF'S OFFICE                 ","Claiborne Parish Sheriff's Office"
"6508",1985,"LA0280300","Lafayette",NA,"LA","West South Central","South","LAFAYETTE","City","Cities from 50,000 thru 99,999",87692,150,12,162,7,42,49,157,54,211,2.41,"LAFAYETTE POLICE DEPARTMENT                       ","Lafayette Police Department"
"6509",1985,"LA0120000","Cameron",NA,"LA","West South Central","South","CAMERON","County","Non-MSA counties from 10,000 thru 24,999",10041,53,17,70,0,3,3,53,20,73,7.27,"CAMERON PARISH SHERIFF'S OFFICE                   ","Cameron Parish Sheriff's Office"
"6510",1985,"LA0240000","Iberville",NA,"LA","West South Central","South","IBERVILLE","County","Non-MSA counties from 25,000 thru 99,999",25627,71,0,71,57,0,57,128,0,128,4.99,"IBERVILLE PARISH SHERIFF'S OFFICE                 ","Iberville Parish Sheriff's Office"
"6511",1985,"LA0150000","Concordia",NA,"LA","West South Central","South","CONCORDIA","County","Non-MSA counties from 10,000 thru 24,999",12927,22,0,22,6,0,6,28,0,28,2.17,"CONCORDIA PARISH SHERIFF'S OFFICE                 ","Concordia Parish Sheriff's Office"
"6512",1985,"LA0060000","Beauregard",NA,"LA","West South Central","South","BEAUREGARD","County","Non-MSA counties from 10,000 thru 24,999",20603,40,0,40,11,0,11,51,0,51,2.48,"BEAUREGARD PARISH SHERIFF'S OFFICE                ","Beauregard Parish Sheriff's Office"
"6513",1985,"LA0100300","Sulphur",NA,"LA","West South Central","South","CALCASIEU","City","Cities from 10,000 thru 24,999",21255,24,2,26,0,7,7,24,9,33,1.55,"SULPHUR POLICE DEPARTMENT                         ","Sulphur Police Department"
"6514",1985,"LA0530400","Amite",NA,"LA","West South Central","South","TANGIPAHOA","City","Cities from 2,500 thru 9,999",4613,13,0,13,3,0,3,16,0,16,3.47,"AMITE POLICE DEPARTMENT                           ","Amite Police Department"
"6515",1985,"LA0160000","De Soto",NA,"LA","West South Central","South","DE SOTO","County","Non-MSA counties from 10,000 thru 24,999",20470,29,0,29,7,0,7,36,0,36,1.76,"DE SOTO PARISH SHERIFF'S OFFICE                   ","De Soto Parish Sheriff's Office"
"6516",1985,"LA0010300","Church Point",NA,"LA","West South Central","South","ACADIA","City","Cities from 2,500 thru 9,999",4782,10,0,10,4,0,4,14,0,14,2.93,"CHURCH POINT POLICE DEPARTMENT                    ","Church Point Police Department"
"6517",1985,"LA0270000","Jefferson Davis",NA,"LA","West South Central","South","JEFFERSON DAVIS","County","Non-MSA counties from 10,000 thru 24,999",16553,29,1,30,9,0,9,38,1,39,2.36,"JEFFERSON DAVIS PARISH SHERIFF'S OFFICE           ","Jefferson Davis Parish Sheriff's Office"
"6518",1985,"LANPD0000","New Orleans",NA,"LA","West South Central","South","ORLEANS","City","Cities from 500,000 thru 999,999",561364,1254,142,1396,124,244,368,1378,386,1764,3.14,"NEW ORLEANS POLICE DEPARTMENT                     ","New Orleans Police Department"
"6519",1985,"LA0330000","Madison",NA,"LA","West South Central","South","MADISON","County","Non-MSA counties under 10,000",3906,13,0,13,5,0,5,18,0,18,4.61,"MADISON PARISH SHERIFF'S OFFICE                   ","Madison Parish Sheriff's Office"
"6520",1985,"LA0310300","Grambling",NA,"LA","West South Central","South","LINCOLN","City","Cities from 2,500 thru 9,999",4620,6,0,6,2,0,2,8,0,8,1.73,"GRAMBLING POLICE DEPARTMENT                       ","Grambling Police Department"
"6521",1985,"LA0160100","Mansfield",NA,"LA","West South Central","South","DE SOTO","City","Cities from 2,500 thru 9,999",6941,13,0,13,1,0,1,14,0,14,2.02,"MANSFIELD POLICE DEPARTMENT                       ","Mansfield Police Department"
"6522",1985,"LA0200300","Ville Platte",NA,"LA","West South Central","South","EVANGELINE","City","Cities from 2,500 thru 9,999",9632,25,0,25,3,0,3,28,0,28,2.91,"VILLE PLATTE POLICE DEPARTMENT                    ","Ville Platte Police Department"
"6523",1985,"LA0100500","Westlake",NA,"LA","West South Central","South","CALCASIEU","City","Cities from 2,500 thru 9,999",5638,9,0,9,1,3,4,10,3,13,2.31,"WESTLAKE POLICE DEPARTMENT                        ","Westlake Police Department"
"6524",1985,"LA0090200","Vivian",NA,"LA","West South Central","South","CADDO","City","Cities from 2,500 thru 9,999",4479,8,0,8,4,0,4,12,0,12,2.68,"VIVIAN POLICE DEPARTMENT                          ","Vivian Police Department"
"6525",1985,"LA0020100","Kinder",NA,"LA","West South Central","South","ALLEN","City","Cities from 2,500 thru 9,999",2714,6,0,6,0,0,0,6,0,6,2.21,"KINDER POLICE DEPARTMENT                          ","Kinder Police Department"
"6526",1985,"LA0230200","Jeanerette",NA,"LA","West South Central","South","IBERIA","City","Cities from 2,500 thru 9,999",7139,8,0,8,6,0,6,14,0,14,1.96,"JEANERETTE POLICE DEPARTMENT                      ","Jeanerette Police Department"
"6527",1985,"LA0500200","St. Martinville",NA,"LA","West South Central","South","ST MARTIN","City","Cities from 2,500 thru 9,999",8550,14,2,16,2,3,5,16,5,21,2.46,"ST. MARTINVILLE POLICE DEPARTMENT                 ","St. Martinville Police Department"
"6528",1985,"LA0560000","Union",NA,"LA","West South Central","South","UNION","County","Non-MSA counties from 10,000 thru 24,999",18517,18,0,18,5,0,5,23,0,23,1.24,"UNION PARISH SHERIFF'S OFFICE                     ","Union Parish Sheriff's Office"
"6529",1985,"LA0600100","Minden",NA,"LA","West South Central","South","WEBSTER","City","Cities from 10,000 thru 24,999",15717,24,0,24,4,0,4,28,0,28,1.78,"MINDEN POLICE DEPARTMENT                          ","Minden Police Department"
"6530",1985,"LA0530200","Kentwood",NA,"LA","West South Central","South","TANGIPAHOA","City","Cities from 2,500 thru 9,999",2706,9,0,9,1,0,1,10,0,10,3.7,"KENTWOOD POLICE DEPARTMENT                        ","Kentwood Police Department"
"6531",1985,"LA0560100","Farmerville",NA,"LA","West South Central","South","UNION","City","Cities from 2,500 thru 9,999",3873,10,0,10,2,0,2,12,0,12,3.1,"FARMERVILLE POLICE DEPARTMENT                     ","Farmerville Police Department"
"6532",1985,"LA0600200","Springhill",NA,"LA","West South Central","South","WEBSTER","City","Cities from 2,500 thru 9,999",6925,10,0,10,1,0,1,11,0,11,1.59,"SPRINGHILL POLICE DEPARTMENT                      ","Springhill Police Department"
"6533",1985,"LA0290000","Lafourche",NA,"LA","West South Central","South","LAFOURCHE","County","MSA counties from 25,000 thru 99,999",66660,112,30,142,9,21,30,121,51,172,2.58,"LAFOURCHE PARISH SHERIFF'S OFFICE                 ","Lafourche Parish Sheriff's Office"
"6534",1985,"LA0340000","Morehouse",NA,"LA","West South Central","South","MOREHOUSE","County","Non-MSA counties from 10,000 thru 24,999",18817,29,0,29,6,0,6,35,0,35,1.86,"MOREHOUSE PARISH SHERIFF'S OFFICE                 ","Morehouse Parish Sheriff's Office"
"6535",1985,"LA0010200","Rayne",NA,"LA","West South Central","South","ACADIA","City","Cities from 2,500 thru 9,999",9639,15,0,15,4,0,4,19,0,19,1.97,"RAYNE POLICE DEPARTMENT                           ","Rayne Police Department"
"6536",1985,"LA0320100","Denham Springs",NA,"LA","West South Central","South","LIVINGSTON","City","Cities from 2,500 thru 9,999",9708,21,0,21,5,2,7,26,2,28,2.88,"DENHAM SPRINGS POLICE DEPARTMENT                  ","Denham Springs Police Department"
"6537",1985,"LA0530300","Ponchatoula",NA,"LA","West South Central","South","TANGIPAHOA","City","Cities from 2,500 thru 9,999",5879,10,0,10,3,0,3,13,0,13,2.21,"PONCHATOULA POLICE DEPARTMENT                     ","Ponchatoula Police Department"
"6538",1985,"LA0550000","Terrebonne",NA,"LA","West South Central","South","TERREBONNE","County","MSA counties from 25,000 thru 99,999",63065,132,0,132,27,0,27,159,0,159,2.52,"TERREBONNE PARISH SHERIFF'S OFFICE                ","Terrebonne Parish Sheriff's Office"
"6539",1985,"LA0401000","Ball",NA,"LA","West South Central","South","RAPIDES","City","Cities from 2,500 thru 9,999",3877,6,0,6,0,0,0,6,0,6,1.55,"BALL POLICE DEPARTMENT                            ","Ball Police Department"
"6540",1985,"LA0510400","Patterson",NA,"LA","West South Central","South","ST MARY","City","Cities from 2,500 thru 9,999",5070,10,0,10,4,0,4,14,0,14,2.76,"PATTERSON POLICE DEPARTMENT                       ","Patterson Police Department"
"6541",1985,"LA0010800","Louisiana State University:","Eunice","LA","West South Central","South","ACADIA","University or College","Cities under 2,500",0,2,0,2,0,0,0,2,0,2,NA,"TRI PARISH NARCOTICS TASK FORCE CROWLEY           ","Tri Parish Narcotics Task Force Crowley"
"6542",1985,"LA0610000","West Baton Rouge",NA,"LA","West South Central","South","WEST BATON ROUGE","County","MSA counties from 10,000 thru 24,999",14138,42,1,43,9,0,9,51,1,52,3.68,"WEST BATON ROUGE PARISH SHERIFF'S OFFICE          ","West Baton Rouge Parish Sheriff's Office"
"6543",1985,"LA0550100","Houma",NA,"LA","West South Central","South","TERREBONNE","City","Cities from 25,000 thru 49,999",39349,56,5,61,3,19,22,59,24,83,2.11,"HOUMA POLICE DEPARTMENT                           ","Houma Police Department"
"6544",1985,"LA0420100","Delhi",NA,"LA","West South Central","South","RICHLAND","City","Cities from 2,500 thru 9,999",3350,6,0,6,0,0,0,6,0,6,1.79,"DELHI POLICE DEPARTMENT                           ","Delhi Police Department"
"6545",1985,"LA0380000","Plaquemines",NA,"LA","West South Central","South","PLAQUEMINES","County","Non-MSA counties from 25,000 thru 99,999",26808,100,0,100,17,0,17,117,0,117,4.36,"PLAQUEMINES PARISH SHERIFF'S OFFICE               ","Plaquemines Parish Sheriff's Office"
"6546",1985,"LA0030200","Gonzales",NA,"LA","West South Central","South","ASCENSION","City","Cities from 2,500 thru 9,999",8025,24,0,24,7,0,7,31,0,31,3.86,"GONZALES POLICE DEPARTMENT                        ","Gonzales Police Department"
"6547",1985,"LA0100200","Lake Charles",NA,"LA","West South Central","South","CALCASIEU","City","Cities from 50,000 thru 99,999",78270,93,0,93,21,0,21,114,0,114,1.46,"LAKE CHARLES POLICE DEPARTMENT                    ","Lake Charles Police Department"
"6548",1985,"LA0400200","Pineville",NA,"LA","West South Central","South","RAPIDES","City","Cities from 10,000 thru 24,999",13115,28,0,28,2,0,2,30,0,30,2.29,"PINEVILLE POLICE DEPARTMENT                       ","Pineville Police Department"
"6549",1985,"LA0270200","Jennings",NA,"LA","West South Central","South","JEFFERSON DAVIS","City","Cities from 10,000 thru 24,999",12749,19,0,19,10,0,10,29,0,29,2.27,"JENNINGS POLICE DEPARTMENT                        ","Jennings Police Department"
"6550",1985,"LA0450000","St. Charles",NA,"LA","West South Central","South","ST CHARLES","County","MSA counties from 25,000 thru 99,999",41869,105,3,108,67,0,67,172,3,175,4.18,"ST. CHARLES PARISH SHERIFF'S OFFICE               ","St. Charles Parish Sheriff's Office"
"6551",1985,"LA0420000","Richland",NA,"LA","West South Central","South","RICHLAND","County","Non-MSA counties from 10,000 thru 24,999",13864,17,0,17,5,0,5,22,0,22,1.59,"RICHLAND PARISH SHERIFF'S OFFICE                  ","Richland Parish Sheriff's Office"
"6552",1985,"LA0100100","De Quincy",NA,"LA","West South Central","South","CALCASIEU","City","Cities from 2,500 thru 9,999",4257,6,0,6,2,0,2,8,0,8,1.88,"DEQUINCY POLICE DEPARTMENT                        ","Dequincy Police Department"
"6553",1985,"LA0260200","Harahan",NA,"LA","West South Central","South","JEFFERSON","City","Cities from 10,000 thru 24,999",11299,17,0,17,3,4,7,20,4,24,2.12,"HARAHAN POLICE DEPARTMENT                         ","Harahan Police Department"
"6554",1985,"LA0140100","Haynesville",NA,"LA","West South Central","South","CLAIBORNE","City","Cities from 2,500 thru 9,999",3655,7,0,7,0,0,0,7,0,7,1.92,"HAYNESVILLE POLICE DEPT                           ","Haynesville Police Police Department"
"6555",1985,"LA0170200","Baton Rouge",NA,"LA","West South Central","South","EAST BATON ROUGE","City","Cities from 100,000 thru 249,999",245830,480,4,484,95,79,174,575,83,658,2.68,"BATON ROUGE POLICE DEPARTMENT                     ","Baton Rouge Police Department"
"6556",1985,"LA0010000","Acadia",NA,"LA","West South Central","South","ACADIA","County","Non-MSA counties from 25,000 thru 99,999",27894,61,0,61,14,2,16,75,2,77,2.76,"ACADIA PARISH SHERIFF'S OFFICE                    ","Acadia Parish Sheriff's Office"
"6557",1985,"LA0500000","St. Martin",NA,"LA","West South Central","South","ST MARTIN","County","MSA counties from 25,000 thru 99,999",30481,37,0,37,22,0,22,59,0,59,1.94,"ST. MARTIN PARISH SHERIFF'S OFFICE                ","St. Martin Parish Sheriff's Office"
"6558",1985,"LA0020000","Allen",NA,"LA","West South Central","South","ALLEN","County","Non-MSA counties from 10,000 thru 24,999",11943,35,0,35,8,0,8,43,0,43,3.6,"ALLEN PARISH SHERIFF'S OFFICE                     ","Allen Parish Sheriff's Office"
"6559",1985,"LA0390000","Pointe Coupee",NA,"LA","West South Central","South","POINTE COUPEE","County","Non-MSA counties from 10,000 thru 24,999",20904,35,1,36,11,0,11,46,1,47,2.25,"POINTE COUPEE PARISH SHERIFF'S OFFICE             ","Pointe Coupee Parish Sheriff's Office"
"6560",1985,"LA0520000","St. Tammany",NA,"LA","West South Central","South","ST TAMMANY","County","MSA counties from 25,000 thru 99,999",90106,123,0,123,63,0,63,186,0,186,2.06,"ST. TAMMANY PARISH SHERIFF'S OFFICE               ","St. Tammany Parish Sheriff's Office"
"6561",1985,"LA0060100","De Ridder",NA,"LA","West South Central","South","BEAUREGARD","City","Cities from 10,000 thru 24,999",11527,16,0,16,5,0,5,21,0,21,1.82,"DERIDDER POLICE DEPARTMENT                        ","Deridder Police Department"
"6562",1985,"LA0540000","Tensas",NA,"LA","West South Central","South","TENSAS","County","Non-MSA counties under 10,000",6914,13,0,13,3,2,5,16,2,18,2.6,"TENSAS PARISH SHERIFF'S OFFICE                    ","Tensas Parish Sheriff's Office"
"6563",1985,"LA0090000","Caddo",NA,"LA","West South Central","South","CADDO","County","MSA counties from 25,000 thru 99,999",48565,256,0,256,87,0,87,343,0,343,7.06,"CADDO PARISH SHERIFF'S OFFICE                     ","Caddo Parish Sheriff's Office"
"6564",1985,"LA0620000","West Carroll",NA,"LA","West South Central","South","WEST CARROLL","County","Non-MSA counties from 10,000 thru 24,999",10823,9,0,9,5,0,5,14,0,14,1.29,"WEST CARROLL PARISH SHERIFF'S OFFICE              ","West Carroll Parish Sheriff's Office"
"6565",1985,"LA0250000","Jackson",NA,"LA","West South Central","South","JACKSON","County","Non-MSA counties from 10,000 thru 24,999",12127,27,1,28,2,0,2,29,1,30,2.47,"JACKSON PARISH SHERIFF'S OFFICE                   ","Jackson Parish Sheriff's Office"
"6566",1985,"LA0030000","Ascension",NA,"LA","West South Central","South","ASCENSION","County","MSA counties from 25,000 thru 99,999",41178,81,1,82,21,2,23,102,3,105,2.55,"ASCENSION PARISH SHERIFF'S OFFICE                 ","Ascension Parish Sheriff's Office"
"6567",1985,"LA0510300","Morgan City",NA,"LA","West South Central","South","ST MARY","City","Cities from 10,000 thru 24,999",16697,42,2,44,16,1,17,58,3,61,3.65,"MORGAN CITY POLICE DEPARTMENT                     ","Morgan City Police Department"
"6568",1985,"LA0100400","Vinton",NA,"LA","West South Central","South","CALCASIEU","City","Cities from 2,500 thru 9,999",3931,11,0,11,1,0,1,12,0,12,3.05,"VINTON POLICE DEPARTMENT                          ","Vinton Police Department"
"6569",1985,"LA0520100","Covington",NA,"LA","West South Central","South","ST TAMMANY","City","Cities from 2,500 thru 9,999",8755,25,1,26,5,1,6,30,2,32,3.66,"COVINGTON POLICE DEPARTMENT                       ","Covington Police Department"
"6570",1985,"LA0050000","Avoyelles",NA,"LA","West South Central","South","AVOYELLES","County","Non-MSA counties from 25,000 thru 99,999",30121,37,0,37,9,0,9,46,0,46,1.53,"AVOYELLES PARISH SHERIFF'S OFFICE                 ","Avoyelles Parish Sheriff's Office"
"6571",1985,"LA0351000","Northwestern State University",NA,"LA","West South Central","South","NATCHITOCHES","University or College","Cities under 2,500",0,12,0,12,2,1,3,14,1,15,NA,"NORTHWESTERN STATE UNIVERSITY OF LOUISIANA POLICE ","Northwestern State University Of Louisiana Police"
"6572",1985,"LA0050300","Simmesport",NA,"LA","West South Central","South","AVOYELLES","City","Cities under 2,500",2380,4,0,4,0,0,0,4,0,4,1.68,"SIMMESPORT POLICE DEPT.                           ","Simmesport Police Police Department"
"6573",1985,"LA0430100","Many",NA,"LA","West South Central","South","SABINE","City","Cities from 2,500 thru 9,999",4084,10,0,10,2,0,2,12,0,12,2.94,"MANY POLICE DEPARTMENT                            ","Many Police Department"
"6574",1985,"LA0400000","Rapides",NA,"LA","West South Central","South","RAPIDES","County","MSA counties from 25,000 thru 99,999",68940,125,31,156,6,27,33,131,58,189,2.74,"RAPIDES PARISH SHERIFF'S OFFICE                   ","Rapides Parish Sheriff's Office"
"6575",1985,"LA0180100","Lake Providence",NA,"LA","West South Central","South","EAST CARROLL","City","Cities from 2,500 thru 9,999",6403,9,0,9,5,0,5,14,0,14,2.19,"LAKE PROVIDENCE POLICE DEPARTMENT                 ","Lake Providence Police Department"
"6576",1985,"LA0510000","St. Mary",NA,"LA","West South Central","South","ST MARY","County","Non-MSA counties from 25,000 thru 99,999",25879,84,0,84,24,0,24,108,0,108,4.17,"ST. MARY PARISH SHERIFF'S OFFICE                  ","St. Mary Parish Sheriff's Office"
"6577",1985,"LA0350000","Natchitoches",NA,"LA","West South Central","South","NATCHITOCHES","County","Non-MSA counties from 10,000 thru 24,999",23065,38,0,38,6,0,6,44,0,44,1.91,"NATCHITOCHES PARISH SHERIFF'S OFFICE              ","Natchitoches Parish Sheriff's Office"
"6578",1985,"LA0130100","Jonesville",NA,"LA","West South Central","South","CATAHOULA","City","Cities from 2,500 thru 9,999",2922,8,0,8,2,0,2,10,0,10,3.42,"JONESVILLE POLICE DEPARTMENT                      ","Jonesville Police Department"
"6579",1985,"LA0370400","University of Louisiana:","Monroe","LA","West South Central","South","OUACHITA","University or College","Cities under 2,500",0,13,0,13,1,5,6,14,5,19,NA,"UNIVERSITY OF LOUISIANA - MONROE POLICE           ","University Of Louisiana - Monroe Police"
"6580",1985,"LA0510200","Franklin",NA,"LA","West South Central","South","ST MARY","City","Cities from 2,500 thru 9,999",9981,13,0,13,6,1,7,19,1,20,2,"FRANKLIN POLICE DEPARTMENT                        ","Franklin Police Department"
"6581",1985,"LA0300100","Jena",NA,"LA","West South Central","South","LA SALLE","City","Cities from 2,500 thru 9,999",4602,5,0,5,0,0,0,5,0,5,1.09,"JENA POLICE DEPARTMENT                            ","Jena Police Department"
"6582",1985,"LALSP0000","State Police",NA,"LA","West South Central","South","UNMAPPED COUNTY","State Police","Non-MSA counties under 10,000",0,779,98,877,8,175,183,787,273,1060,NA,"LOUISIANA STATE POLICE                            ","Louisiana State Police"
"6583",1985,"LA0470000","St. James",NA,"LA","West South Central","South","ST JAMES","County","Non-MSA counties from 10,000 thru 24,999",22089,48,0,48,20,0,20,68,0,68,3.08,"ST. JAMES PARISH SHERIFF'S OFFICE                 ","St. James Parish Sheriff's Office"
"6584",1985,"LA0370000","Ouachita",NA,"LA","West South Central","South","OUACHITA","County","MSA counties from 25,000 thru 99,999",68977,133,0,133,52,0,52,185,0,185,2.68,"OUACHITA PARISH SHERIFF'S OFFICE                  ","Ouachita Parish Sheriff's Office"
"6585",1985,"LA0170100","Baker",NA,"LA","West South Central","South","EAST BATON ROUGE","City","Cities from 10,000 thru 24,999",13877,22,0,22,4,0,4,26,0,26,1.87,"BAKER POLICE DEPARTMENT                           ","Baker Police Department"
"6586",1985,"LA0260000","Jefferson",NA,"LA","West South Central","South","JEFFERSON","County","MSA counties 100,000 or over",358419,574,222,796,65,280,345,639,502,1141,3.18,"JEFFERSON PARISH SHERIFF'S OFFICE                 ","Jefferson Parish Sheriff's Office"
"6587",1985,"LA0050100","Bunkie",NA,"LA","West South Central","South","AVOYELLES","City","Cities from 2,500 thru 9,999",5608,9,0,9,3,0,3,12,0,12,2.14,"BUNKIE POLICE DEPARTMENT                          ","Bunkie Police Department"
"6588",1985,"LA0110000","Caldwell",NA,"LA","West South Central","South","CALDWELL","County","Non-MSA counties from 10,000 thru 24,999",11346,20,0,20,3,0,3,23,0,23,2.03,"CALDWELL PARISH SHERIFF'S OFFICE                  ","Caldwell Parish Sheriff's Office"
"6589",1985,"LA0590000","Washington",NA,"LA","West South Central","South","WASHINGTON","County","Non-MSA counties from 10,000 thru 24,999",24333,47,0,47,9,0,9,56,0,56,2.3,"WASHINGTON PARISH SHERIFF'S OFFICE                ","Washington Parish Sheriff's Office"
"6590",1985,"LA0590100","Bogalusa",NA,"LA","West South Central","South","WASHINGTON","City","Cities from 10,000 thru 24,999",17464,29,3,32,2,5,7,31,8,39,2.23,"BOGALUSA POLICE DEPARTMENT                        ","Bogalusa Police Department"
"6591",1985,"LA0290500","Thibodaux",NA,"LA","West South Central","South","LAFOURCHE","City","Cities from 10,000 thru 24,999",17104,33,1,34,4,6,10,37,7,44,2.57,"THIBODAUX POLICE DEPARTMENT                       ","Thibodaux Police Department"
"6592",1985,"LA0570200","Kaplan",NA,"LA","West South Central","South","VERMILION","City","Cities from 2,500 thru 9,999",5039,11,0,11,4,0,4,15,0,15,2.98,"KAPLAN POLICE DEPARTMENT                          ","Kaplan Police Department"
"6593",1985,"LA0520300","Mandeville",NA,"LA","West South Central","South","ST TAMMANY","City","Cities from 2,500 thru 9,999",6933,18,1,19,10,0,10,28,1,29,4.18,"MANDEVILLE POLICE DEPARTMENT                      ","Mandeville Police Department"
"6594",1985,"LA0530900","Southeastern Louisiana University",NA,"LA","West South Central","South","TANGIPAHOA","University or College","Cities under 2,500",0,14,0,14,4,2,6,18,2,20,NA,"SOUTHEASTERN LOUISIANA UNIVERSITY POLICE          ","Southeastern Louisiana University Police"
"6595",1985,"LA0510100","Berwick",NA,"LA","West South Central","South","ST MARY","City","Cities from 2,500 thru 9,999",4895,9,0,9,0,0,0,9,0,9,1.84,"BERWICK POLICE DEPARTMENT                         ","Berwick Police Department"
"6596",1985,"LA0580000","Vernon",NA,"LA","West South Central","South","VERNON","County","Non-MSA counties from 25,000 thru 99,999",50908,44,0,44,12,0,12,56,0,56,1.1,"VERNON PARISH SHERIFF'S OFFICE                    ","Vernon Parish Sheriff's Office"
"6597",1985,"LA0020200","Oakdale",NA,"LA","West South Central","South","ALLEN","City","Cities from 2,500 thru 9,999",7231,13,0,13,4,0,4,17,0,17,2.35,"OAKDALE POLICE DEPARTMENT                         ","Oakdale Police Department"
"6598",1985,"LA0640000","Winn",NA,"LA","West South Central","South","WINN","County","Non-MSA counties under 10,000",9955,19,0,19,5,0,5,24,0,24,2.41,"WINN PARISH SHERIFF'S OFFICE                      ","Winn Parish Sheriff's Office"
"6599",1985,"LA0510500","Baldwin",NA,"LA","West South Central","South","ST MARY","City","Cities from 2,500 thru 9,999",2942,4,0,4,1,0,1,5,0,5,1.7,"BALDWIN POLICE DEPARTMENT                         ","Baldwin Police Department"
"6600",1985,"LA0610100","Port Allen",NA,"LA","West South Central","South","WEST BATON ROUGE","City","Cities from 2,500 thru 9,999",6345,16,0,16,0,3,3,16,3,19,2.99,"PORT ALLEN POLICE DEPARTMENT                      ","Port Allen Police Department"
"6601",1985,"LA0430200","Zwolle",NA,"LA","West South Central","South","SABINE","City","Cities from 2,500 thru 9,999",2773,4,0,4,0,0,0,4,0,4,1.44,"ZWOLLE POLICE DEPARTMENT                          ","Zwolle Police Department"
"6602",1985,"LA0370200","West Monroe",NA,"LA","West South Central","South","OUACHITA","City","Cities from 10,000 thru 24,999",15853,44,2,46,6,1,7,50,3,53,3.34,"WEST MONROE POLICE DEPARTMENT                     ","West Monroe Police Department"
"6603",1985,"LA0600000","Webster",NA,"LA","West South Central","South","WEBSTER","County","Non-MSA counties from 10,000 thru 24,999",23043,30,1,31,0,6,6,30,7,37,1.61,"WEBSTER PARISH SHERIFF'S OFFICE                   ","Webster Parish Sheriff's Office"
"6604",1985,"LA0140200","Homer",NA,"LA","West South Central","South","CLAIBORNE","City","Cities from 2,500 thru 9,999",4659,8,0,8,1,0,1,9,0,9,1.93,"HOMER POLICE DEPARTMENT                           ","Homer Police Department"
"6605",1985,"LA0420200","Rayville",NA,"LA","West South Central","South","RICHLAND","City","Cities from 2,500 thru 9,999",4738,7,0,7,0,0,0,7,0,7,1.48,"RAYVILLE POLICE DEPARTMENT                        ","Rayville Police Department"
"6606",1985,"LA0070000","Bienville",NA,"LA","West South Central","South","BIENVILLE","County","Non-MSA counties from 10,000 thru 24,999",13373,24,6,30,2,2,4,26,8,34,2.54,"BIENVILLE PARISH SHERIFF'S OFFICE                 ","Bienville Parish Sheriff's Office"
"6607",1985,"LA0370100","Monroe",NA,"LA","West South Central","South","OUACHITA","City","Cities from 50,000 thru 99,999",58449,108,8,116,9,34,43,117,42,159,2.72,"MONROE POLICE DEPARTMENT                          ","Monroe Police Department"
"6608",1985,"LA0390100","New Roads",NA,"LA","West South Central","South","POINTE COUPEE","City","Cities from 2,500 thru 9,999",3997,12,0,12,0,0,0,12,0,12,3,"NEW ROADS POLICE DEPARTMENT                       ","New Roads Police Department"
"6609",1985,"LA0490200","Opelousas",NA,"LA","West South Central","South","ST LANDRY","City","Cities from 10,000 thru 24,999",20121,38,1,39,3,1,4,41,2,43,2.14,"OPELOUSAS POLICE DEPARTMENT                       ","Opelousas Police Department"
"6610",1985,"LA0320000","Livingston",NA,"LA","West South Central","South","LIVINGSTON","County","MSA counties from 25,000 thru 99,999",59672,64,2,66,37,0,37,101,2,103,1.73,"LIVINGSTON PARISH SHERIFF'S OFFICE                ","Livingston Parish Sheriff's Office"
"6611",1985,"LA0200200","Mamou",NA,"LA","West South Central","South","EVANGELINE","City","Cities from 2,500 thru 9,999",3374,7,0,7,4,0,4,11,0,11,3.26,"MAMOU POLICE DEPARTMENT                           ","Mamou Police Department"
"6612",1985,"LA0280000","Lafayette",NA,"LA","West South Central","South","LAFAYETTE","County","MSA counties from 25,000 thru 99,999",83098,269,0,269,81,0,81,350,0,350,4.21,"LAFAYETTE PARISH SHERIFF'S OFFICE                 ","Lafayette Parish Sheriff's Office"
"6613",1985,"LA0310700","Louisiana Tech University",NA,"LA","West South Central","South","LINCOLN","University or College","Cities under 2,500",0,11,1,12,1,1,2,12,2,14,NA,"LOUISIANA TECH UNIVERSITY POLICE                  ","Louisiana Tech University Police"
"6614",1985,"LA0490100","Eunice",NA,"LA","West South Central","South","ACADIA, ST LANDRY","City","Cities from 10,000 thru 24,999",13573,26,1,27,0,5,5,26,6,32,2.36,"EUNICE POLICE DEPARTMENT                          ","Eunice Police Department"
"6615",1985,"LA0410000","Red River",NA,"LA","West South Central","South","RED RIVER","County","Non-MSA counties from 10,000 thru 24,999",10944,25,0,25,6,0,6,31,0,31,2.83,"RED RIVER PARISH SHERIFF'S OFFICE                 ","Red River Parish Sheriff's Office"
"6616",1985,"LA0100800","McNeese State University",NA,"LA","West South Central","South","CALCASIEU","University or College","Cities under 2,500",0,11,0,11,2,1,3,13,1,14,NA,"MCNEESE STATE UNIVERSITY POLICE                   ","Mcneese State University Police"
"6617",1985,"LA0150100","Ferriday",NA,"LA","West South Central","South","CONCORDIA","City","Cities from 2,500 thru 9,999",4609,11,0,11,2,0,2,13,0,13,2.82,"FERRIDAY POLICE DEPARTMENT                        ","Ferriday Police Department"
"6618",1985,"LA0430000","Sabine",NA,"LA","West South Central","South","SABINE","County","Non-MSA counties from 10,000 thru 24,999",20353,20,0,20,6,0,6,26,0,26,1.28,"SABINE PARISH SHERIFF'S OFFICE                    ","Sabine Parish Sheriff's Office"
"6619",1985,"LA0190000","East Feliciana",NA,"LA","West South Central","South","EAST FELICIANA","County","Non-MSA counties from 10,000 thru 24,999",16597,13,0,13,6,0,6,19,0,19,1.14,"EAST FELICIANA PARISH SHERIFF'S OFFICE            ","East Feliciana Parish Sheriff's Office"
"6620",1985,"LA0240200","Plaquemine",NA,"LA","West South Central","South","IBERVILLE","City","Cities from 2,500 thru 9,999",7607,22,0,22,6,0,6,28,0,28,3.68,"PLAQUEMINE POLICE DEPARTMENT                      ","Plaquemine Police Department"
"6621",1985,"LA0480000","St. John the Baptist",NA,"LA","West South Central","South","ST JOHN THE BAPTIST","County","MSA counties from 25,000 thru 99,999",40062,92,0,92,24,0,24,116,0,116,2.9,"ST. JOHN THE BAPTIST PARISH SHERIFF'S OFFICE      ","St. John The Baptist Parish Sheriff's Office"
"6622",1985,"LA0640100","Winnfield",NA,"LA","West South Central","South","WINN","City","Cities from 2,500 thru 9,999",7716,13,0,13,4,1,5,17,1,18,2.33,"WINNFIELD POLICE DEPT                             ","Winnfield Police Police Department"
"6623",1985,"LA0340400","Collinston",NA,"LA","West South Central","South","MOREHOUSE","City","Cities under 2,500",485,1,0,1,0,0,0,1,0,1,2.06,"COLLINSTON POLICE DEPT                            ","Collinston Police Police Department"
"6624",1985,"LA0570100","Abbeville",NA,"LA","West South Central","South","VERMILION","City","Cities from 10,000 thru 24,999",13420,28,0,28,4,0,4,32,0,32,2.38,"ABBEVILLE POLICE DEPARTMENT                       ","Abbeville Police Department"
"6625",1985,"LA0530100","Hammond",NA,"LA","West South Central","South","TANGIPAHOA","City","Cities from 10,000 thru 24,999",17668,41,0,41,6,0,6,47,0,47,2.66,"HAMMOND POLICE DEPARTMENT                         ","Hammond Police Department"
"6626",1985,"LA0210000","Franklin",NA,"LA","West South Central","South","FRANKLIN","County","Non-MSA counties from 10,000 thru 24,999",18020,23,0,23,5,0,5,28,0,28,1.55,"FRANKLIN PARISH SHERIFF'S OFFICE                  ","Franklin Parish Sheriff's Office"
"6627",1985,"LA0100000","Calcasieu",NA,"LA","West South Central","South","CALCASIEU","County","MSA counties from 25,000 thru 99,999",62359,226,0,226,65,0,65,291,0,291,4.67,"CALCASIEU PARISH SHERIFF'S OFFICE                 ","Calcasieu Parish Sheriff's Office"
"6628",1985,"LA0210400","Baskin",NA,"LA","West South Central","South","FRANKLIN","City","Cities under 2,500",287,1,0,1,0,1,1,1,1,2,6.97,"BASKIN POLICE DEPARTMENT                          ","Baskin Police Department"
"6629",1985,"LA0290100","Golden Meadow",NA,"LA","West South Central","South","LAFOURCHE","City","Cities under 2,500",2402,7,0,7,1,1,2,8,1,9,3.75,"GOLDEN MEADOW POLICE DEPARTMENT                   ","Golden Meadow Police Department"
"6630",1985,"LA0490000","St. Landry",NA,"LA","West South Central","South","ST LANDRY","County","Non-MSA counties from 25,000 thru 99,999",55896,73,0,73,30,0,30,103,0,103,1.84,"ST. LANDRY PARISH SHERIFF'S OFFICE                ","St. Landry Parish Sheriff's Office"
"6631",1985,"LA0290300","Lockport",NA,"LA","West South Central","South","LAFOURCHE","City","Cities from 2,500 thru 9,999",2593,6,0,6,0,0,0,6,0,6,2.31,"LOCKPORT POLICE DEPARTMENT                        ","Lockport Police Department"
"6632",1985,"LA0340100","Bastrop",NA,"LA","West South Central","South","MOREHOUSE","City","Cities from 10,000 thru 24,999",15917,29,1,30,4,5,9,33,6,39,2.45,"BASTROP POLICE DEPARTMENT                         ","Bastrop Police Department"
"6633",1985,"LA0580100","Leesville",NA,"LA","West South Central","South","VERNON","City","Cities from 2,500 thru 9,999",9837,22,0,22,7,0,7,29,0,29,2.95,"LEESVILLE POLICE DEPARTMENT                       ","Leesville Police Department"
"6634",1985,"LA0590200","Franklinton",NA,"LA","West South Central","South","WASHINGTON","City","Cities from 2,500 thru 9,999",4390,10,0,10,2,0,2,12,0,12,2.73,"FRANKLINTON POLICE DEPARTMENT                     ","Franklinton Police Department"
"6635",1985,"LA0170400","Louisiana State University:","Baton Rouge","LA","West South Central","South","EAST BATON ROUGE","University or College","Cities under 2,500",0,34,0,34,6,2,8,40,2,42,NA,"LOUISIANA STATE UNIVERSITY POLICE DEPARTMENT      ","Louisiana State University Police Department"
"6636",1985,"LA0460000","St. Helena",NA,"LA","West South Central","South","ST HELENA","County","Non-MSA counties from 10,000 thru 24,999",10342,11,0,11,5,0,5,16,0,16,1.55,"ST. HELENA PARISH SHERIFF'S OFFICE                ","St. Helena Parish Sheriff's Office"
"6637",1985,"LA0530000","Tangipahoa",NA,"LA","West South Central","South","TANGIPAHOA","County","Non-MSA counties from 25,000 thru 99,999",60603,114,0,114,48,0,48,162,0,162,2.67,"TANGIPAHOA PARISH SHERIFF'S OFFICE                ","Tangipahoa Parish Sheriff's Office"
"6638",1985,"LA0260100","Gretna",NA,"LA","West South Central","South","JEFFERSON","City","Cities from 10,000 thru 24,999",21408,53,0,53,0,6,6,53,6,59,2.76,"GRETNA POLICE DEPARTMENT                          ","Gretna Police Department"
"6639",1985,"LA0310100","Dubach",NA,"LA","West South Central","South","LINCOLN","City","Cities under 2,500",1210,3,0,3,0,0,0,3,0,3,2.48,"DUBACH POLICE DEPT                                ","Dubach Police Police Department"
"6640",1985,"LA0630000","West Feliciana",NA,"LA","West South Central","South","WEST FELICIANA","County","Non-MSA counties from 10,000 thru 24,999",13555,19,1,20,1,4,5,20,5,25,1.84,"WEST FELICIANA PARISH SHERIFF'S OFFICE            ","West Feliciana Parish Sheriff's Office"
"6641",1985,"LA0200000","Evangeline",NA,"LA","West South Central","South","EVANGELINE","County","Non-MSA counties from 10,000 thru 24,999",22136,55,0,55,14,0,14,69,0,69,3.12,"EVANGELINE PARISH SHERIFF'S OFFICE                ","Evangeline Parish Sheriff's Office"
"6642",1985,"LA0270400","Welsh",NA,"LA","West South Central","South","JEFFERSON DAVIS","City","Cities from 2,500 thru 9,999",3832,8,0,8,1,0,1,9,0,9,2.35,"WELSH POLICE DEPARTMENT                           ","Welsh Police Department"
"6643",1985,"LA0040000","Assumption",NA,"LA","West South Central","South","ASSUMPTION","County","Non-MSA counties from 10,000 thru 24,999",23595,39,1,40,0,6,6,39,7,46,1.95,"ASSUMPTION PARISH SHERIFF'S OFFICE                ","Assumption Parish Sheriff's Office"
"6644",1985,"LA0150200","Vidalia",NA,"LA","West South Central","South","CONCORDIA","City","Cities from 2,500 thru 9,999",6361,14,0,14,3,0,3,17,0,17,2.67,"VIDALIA POLICE DEPARTMENT                         ","Vidalia Police Department"
"6645",1985,"LA0260300","Kenner",NA,"LA","West South Central","South","JEFFERSON","City","Cities from 50,000 thru 99,999",72819,127,3,130,7,12,19,134,15,149,2.05,"KENNER POLICE DEPARTMENT                          ","Kenner Police Department"
"6646",1985,"LA0030100","Donaldsonville",NA,"LA","West South Central","South","ASCENSION","City","Cities from 2,500 thru 9,999",8129,14,1,15,3,0,3,17,1,18,2.21,"DONALDSONVILLE PD                                 ","Donaldsonville Police Department"
"6647",1985,"LA0230400","Loreauville",NA,"LA","West South Central","South","IBERIA","City","Cities under 2,500",917,1,0,1,0,0,0,1,0,1,1.09,"LOREAUVILLE PD                                    ","Loreauville Police Department"
"6648",1985,"LA0570000","Vermilion",NA,"LA","West South Central","South","VERMILION","County","Non-MSA counties from 25,000 thru 99,999",34856,57,0,57,15,0,15,72,0,72,2.07,"VERMILION PARISH SHERIFF'S OFFICE                 ","Vermilion Parish Sheriff's Office"
"6649",1985,"LA0080100","Bossier City",NA,"LA","West South Central","South","BOSSIER","City","Cities from 50,000 thru 99,999",55981,107,1,108,18,15,33,125,16,141,2.52,"BOSSIER CITY POLICE DEPT                          ","Bossier City Police Police Department"
"6650",1985,"LA0050200","Marksville",NA,"LA","West South Central","South","AVOYELLES","City","Cities from 2,500 thru 9,999",5367,14,0,14,1,0,1,15,0,15,2.79,"MARKSVILLE POLICE DEPARTMENT                      ","Marksville Police Department"
"6651",1985,"LA0220000","Grant",NA,"LA","West South Central","South","GRANT","County","Non-MSA counties from 10,000 thru 24,999",18073,30,0,30,5,0,5,35,0,35,1.94,"GRANT PARISH SHERIFF'S OFFICE                     ","Grant Parish Sheriff's Office"
"6652",1985,"LA0620100","Oak Grove",NA,"LA","West South Central","South","WEST CARROLL","City","Cities under 2,500",2431,5,0,5,1,0,1,6,0,6,2.47,"OAK GROVE POLICE DEPARTMENT                       ","Oak Grove Police Department"
"6653",1985,"LA0010100","Crowley",NA,"LA","West South Central","South","ACADIA","City","Cities from 10,000 thru 24,999",16896,27,0,27,5,0,5,32,0,32,1.89,"CROWLEY POLICE DEPARTMENT                         ","Crowley Police Department"
"6654",1985,"LA0500100","Breaux Bridge",NA,"LA","West South Central","South","ST MARTIN","City","Cities from 2,500 thru 9,999",6416,12,1,13,0,4,4,12,5,17,2.65,"BREAUX BRIDGE POLICE DEPARTMENT                   ","Breaux Bridge Police Department"
"6655",1985,"LA0130000","Catahoula",NA,"LA","West South Central","South","CATAHOULA","County","Non-MSA counties under 10,000",9830,16,0,16,5,0,5,21,0,21,2.14,"CATAHOULA PARISH SHERIFF'S OFFICE                 ","Catahoula Parish Sheriff's Office"
"6656",1985,"LA0400100","Alexandria",NA,"LA","West South Central","South","RAPIDES","City","Cities from 50,000 thru 99,999",53531,115,0,115,7,16,23,122,16,138,2.58,"ALEXANDRIA POLICE DEPARTMENT                      ","Alexandria Police Department"
"6657",1985,"LA0310200","Ruston",NA,"LA","West South Central","South","LINCOLN","City","Cities from 10,000 thru 24,999",21695,29,4,33,2,3,5,31,7,38,1.75,"RUSTON POLICE DEPARTMENT                          ","Ruston Police Department"
"6658",1985,"LA0230300","New Iberia",NA,"LA","West South Central","South","IBERIA","City","Cities from 25,000 thru 49,999",36225,54,8,62,6,12,18,60,20,80,2.21,"NEW IBERIA PD                                     ","New Iberia Police Department"
"6659",1985,"LA0170300","Zachary",NA,"LA","West South Central","South","EAST BATON ROUGE","City","Cities from 2,500 thru 9,999",8099,15,0,15,4,1,5,19,1,20,2.47,"ZACHARY POLICE DEPARTMENT                         ","Zachary Police Department"
"6660",1985,"LA0350100","Natchitoches",NA,"LA","West South Central","South","NATCHITOCHES","City","Cities from 10,000 thru 24,999",17097,35,1,36,9,0,9,44,1,45,2.63,"NATCHITOCHES POLICE DEPARTMENT                    ","Natchitoches Police Department"
"6661",1985,"LA0300000","La Salle",NA,"LA","West South Central","South","LA SALLE","County","Non-MSA counties from 10,000 thru 24,999",12969,18,0,18,4,0,4,22,0,22,1.7,"LA SALLE PARISH SHERIFF'S OFFICE                  ","La Salle Parish Sheriff's Office"
"6662",1985,"LA0330100","Tallulah",NA,"LA","West South Central","South","MADISON","City","Cities from 10,000 thru 24,999",11657,12,0,12,7,0,7,19,0,19,1.63,"TALLULAH POLICE DEPT.                             ","Tallulah Police Police Department"
"6663",1985,"LA0310000","Lincoln",NA,"LA","West South Central","South","LINCOLN","County","Non-MSA counties from 10,000 thru 24,999",15047,21,0,21,7,0,7,28,0,28,1.86,"LINCOLN PARISH SHERIFF'S OFFICE                   ","Lincoln Parish Sheriff's Office"
"6664",1985,"LA0260400","Westwego",NA,"LA","West South Central","South","JEFFERSON","City","Cities from 10,000 thru 24,999",12781,17,0,17,0,1,1,17,1,18,1.41,"WESTWEGO POLICE DEPARTMENT                        ","Westwego Police Department"
"6665",1985,"LA0440000","St. Bernard",NA,"LA","West South Central","South","ST BERNARD","County","MSA counties from 25,000 thru 99,999",67673,145,0,145,32,0,32,177,0,177,2.62,"ST. BERNARD PARISH SHERIFF'S OFFICE               ","St. Bernard Parish Sheriff's Office"
"6666",1985,"LA0170000","East Baton Rouge",NA,"LA","West South Central","South","EAST BATON ROUGE","County","MSA counties 100,000 or over",125081,405,0,405,107,0,107,512,0,512,4.09,"EAST BATON ROUGE PARISH SHERIFF'S OFFICE          ","East Baton Rouge Parish Sheriff's Office"
"6667",1985,"LA0230000","Iberia",NA,"LA","West South Central","South","IBERIA","County","Non-MSA counties from 10,000 thru 24,999",24898,58,0,58,35,0,35,93,0,93,3.74,"IBERIA PARISH SHERIFF'S OFFICE                    ","Iberia Parish Sheriff's Office"
"6668",1985,"LA0180000","East Carroll",NA,"LA","West South Central","South","EAST CARROLL","County","Non-MSA counties under 10,000",5144,12,0,12,3,0,3,15,0,15,2.92,"EAST CARROLL PARISH SHERIFF'S OFFICE              ","East Carroll Parish Sheriff's Office"
"6669",1984,"LA0290100","Golden Meadow",NA,"LA","West South Central","South","LAFOURCHE","City","Cities under 2,500",2392,7,0,7,1,1,2,8,1,9,3.76,"GOLDEN MEADOW POLICE DEPARTMENT                   ","Golden Meadow Police Department"
"6670",1984,"LA0490000","St. Landry",NA,"LA","West South Central","South","ST LANDRY","County","Non-MSA counties from 25,000 thru 99,999",56010,73,0,73,30,0,30,103,0,103,1.84,"ST. LANDRY PARISH SHERIFF'S OFFICE                ","St. Landry Parish Sheriff's Office"
"6671",1984,"LA0010000","Acadia",NA,"LA","West South Central","South","ACADIA","County","Non-MSA counties from 25,000 thru 99,999",28377,62,0,62,13,2,15,75,2,77,2.71,"ACADIA PARISH SHERIFF'S OFFICE                    ","Acadia Parish Sheriff's Office"
"6672",1984,"LA0500000","St. Martin",NA,"LA","West South Central","South","ST MARTIN","County","MSA counties from 25,000 thru 99,999",28639,30,0,30,24,0,24,54,0,54,1.89,"ST. MARTIN PARISH SHERIFF'S OFFICE                ","St. Martin Parish Sheriff's Office"
"6673",1984,"LA0100000","Calcasieu",NA,"LA","West South Central","South","CALCASIEU","County","MSA counties from 25,000 thru 99,999",64982,286,0,286,75,0,75,361,0,361,5.56,"CALCASIEU PARISH SHERIFF'S OFFICE                 ","Calcasieu Parish Sheriff's Office"
"6674",1984,"LA0210400","Baskin",NA,"LA","West South Central","South","FRANKLIN","City","Cities under 2,500",286,1,0,1,0,1,1,1,1,2,6.99,"BASKIN POLICE DEPARTMENT                          ","Baskin Police Department"
"6675",1984,"LA0020000","Allen",NA,"LA","West South Central","South","ALLEN","County","Non-MSA counties from 10,000 thru 24,999",12143,33,0,33,7,0,7,40,0,40,3.29,"ALLEN PARISH SHERIFF'S OFFICE                     ","Allen Parish Sheriff's Office"
"6676",1984,"LA0210000","Franklin",NA,"LA","West South Central","South","FRANKLIN","County","Non-MSA counties from 10,000 thru 24,999",18645,23,0,23,5,0,5,28,0,28,1.5,"FRANKLIN PARISH SHERIFF'S OFFICE                  ","Franklin Parish Sheriff's Office"
"6677",1984,"LA0260000","Jefferson",NA,"LA","West South Central","South","JEFFERSON","County","MSA counties 100,000 or over",362100,522,268,790,49,287,336,571,555,1126,3.11,"JEFFERSON PARISH SHERIFF'S OFFICE                 ","Jefferson Parish Sheriff's Office"
"6678",1984,"LA0050100","Bunkie",NA,"LA","West South Central","South","AVOYELLES","City","Cities from 2,500 thru 9,999",5585,9,0,9,3,0,3,12,0,12,2.15,"BUNKIE POLICE DEPARTMENT                          ","Bunkie Police Department"
"6679",1984,"LA0110000","Caldwell",NA,"LA","West South Central","South","CALDWELL","County","Non-MSA counties from 10,000 thru 24,999",11188,16,5,21,4,3,7,20,8,28,2.5,"CALDWELL PARISH SHERIFF'S OFFICE                  ","Caldwell Parish Sheriff's Office"
"6680",1984,"LA0390000","Pointe Coupee",NA,"LA","West South Central","South","POINTE COUPEE","County","Non-MSA counties from 10,000 thru 24,999",21428,32,0,32,9,0,9,41,0,41,1.91,"POINTE COUPEE PARISH SHERIFF'S OFFICE             ","Pointe Coupee Parish Sheriff's Office"
"6681",1984,"LA0170100","Baker",NA,"LA","West South Central","South","EAST BATON ROUGE","City","Cities from 10,000 thru 24,999",13821,22,0,22,4,0,4,26,0,26,1.88,"BAKER POLICE DEPARTMENT                           ","Baker Police Department"
"6682",1984,"LA0340100","Bastrop",NA,"LA","West South Central","South","MOREHOUSE","City","Cities from 10,000 thru 24,999",15853,28,1,29,5,4,9,33,5,38,2.4,"BASTROP POLICE DEPARTMENT                         ","Bastrop Police Department"
"6683",1984,"LA0240200","Plaquemine",NA,"LA","West South Central","South","IBERVILLE","City","Cities from 2,500 thru 9,999",7576,20,0,20,6,0,6,26,0,26,3.43,"PLAQUEMINE POLICE DEPARTMENT                      ","Plaquemine Police Department"
"6684",1984,"LA0190000","East Feliciana",NA,"LA","West South Central","South","EAST FELICIANA","County","Non-MSA counties from 10,000 thru 24,999",16123,11,0,11,4,0,4,15,0,15,0.93,"EAST FELICIANA PARISH SHERIFF'S OFFICE            ","East Feliciana Parish Sheriff's Office"
"6685",1984,"LA0290300","Lockport",NA,"LA","West South Central","South","LAFOURCHE","City","Cities from 2,500 thru 9,999",2583,6,0,6,0,0,0,6,0,6,2.32,"LOCKPORT POLICE DEPARTMENT                        ","Lockport Police Department"
"6686",1984,"LA0340400","Collinston",NA,"LA","West South Central","South","MOREHOUSE","City","Cities under 2,500",483,1,0,1,0,0,0,1,0,1,2.07,"COLLINSTON POLICE DEPT                            ","Collinston Police Police Department"
"6687",1984,"LA0170400","Louisiana State University:","Baton Rouge","LA","West South Central","South","EAST BATON ROUGE","University or College","Cities under 2,500",0,37,0,37,6,2,8,43,2,45,NA,"LOUISIANA STATE UNIVERSITY POLICE DEPARTMENT      ","Louisiana State University Police Department"
"6688",1984,"LA0530100","Hammond",NA,"LA","West South Central","South","TANGIPAHOA","City","Cities from 10,000 thru 24,999",17597,42,0,42,6,2,8,48,2,50,2.84,"HAMMOND POLICE DEPARTMENT                         ","Hammond Police Department"
"6689",1984,"LA0240000","Iberville",NA,"LA","West South Central","South","IBERVILLE","County","Non-MSA counties from 25,000 thru 99,999",26196,71,0,71,57,0,57,128,0,128,4.89,"IBERVILLE PARISH SHERIFF'S OFFICE                 ","Iberville Parish Sheriff's Office"
"6690",1984,"LA0640100","Winnfield",NA,"LA","West South Central","South","WINN","City","Cities from 2,500 thru 9,999",7685,11,0,11,4,1,5,15,1,16,2.08,"WINNFIELD POLICE DEPT                             ","Winnfield Police Police Department"
"6691",1984,"LA0570100","Abbeville",NA,"LA","West South Central","South","VERMILION","City","Cities from 10,000 thru 24,999",13366,27,0,27,6,0,6,33,0,33,2.47,"ABBEVILLE POLICE DEPARTMENT                       ","Abbeville Police Department"
"6692",1984,"LA0290500","Thibodaux",NA,"LA","West South Central","South","LAFOURCHE","City","Cities from 10,000 thru 24,999",17035,35,1,36,5,5,10,40,6,46,2.7,"THIBODAUX POLICE DEPARTMENT                       ","Thibodaux Police Department"
"6693",1984,"LA0520100","Covington",NA,"LA","West South Central","South","ST TAMMANY","City","Cities from 2,500 thru 9,999",8720,25,0,25,4,0,4,29,0,29,3.33,"COVINGTON POLICE DEPARTMENT                       ","Covington Police Department"
"6694",1984,"LA0400000","Rapides",NA,"LA","West South Central","South","RAPIDES","County","MSA counties from 25,000 thru 99,999",69366,127,22,149,8,19,27,135,41,176,2.54,"RAPIDES PARISH SHERIFF'S OFFICE                   ","Rapides Parish Sheriff's Office"
"6695",1984,"LA0430100","Many",NA,"LA","West South Central","South","SABINE","City","Cities from 2,500 thru 9,999",4068,10,0,10,2,0,2,12,0,12,2.95,"MANY POLICE DEPARTMENT                            ","Many Police Department"
"6696",1984,"LA0600200","Springhill",NA,"LA","West South Central","South","WEBSTER","City","Cities from 2,500 thru 9,999",6897,10,0,10,1,0,1,11,0,11,1.59,"SPRINGHILL POLICE DEPARTMENT                      ","Springhill Police Department"
"6697",1984,"LA0420100","Delhi",NA,"LA","West South Central","South","RICHLAND","City","Cities from 2,500 thru 9,999",3336,6,0,6,0,0,0,6,0,6,1.8,"DELHI POLICE DEPARTMENT                           ","Delhi Police Department"
"6698",1984,"LA0380000","Plaquemines",NA,"LA","West South Central","South","PLAQUEMINES","County","Non-MSA counties from 25,000 thru 99,999",27122,98,1,99,11,2,13,109,3,112,4.13,"PLAQUEMINES PARISH SHERIFF'S OFFICE               ","Plaquemines Parish Sheriff's Office"
"6699",1984,"LA0560100","Farmerville",NA,"LA","West South Central","South","UNION","City","Cities from 2,500 thru 9,999",3857,11,0,11,1,0,1,12,0,12,3.11,"FARMERVILLE POLICE DEPARTMENT                     ","Farmerville Police Department"
"6700",1984,"LA0530200","Kentwood",NA,"LA","West South Central","South","TANGIPAHOA","City","Cities from 2,500 thru 9,999",2695,8,0,8,1,0,1,9,0,9,3.34,"KENTWOOD POLICE DEPARTMENT                        ","Kentwood Police Department"
"6701",1984,"LA0600100","Minden",NA,"LA","West South Central","South","WEBSTER","City","Cities from 10,000 thru 24,999",15654,21,0,21,2,1,3,23,1,24,1.53,"MINDEN POLICE DEPARTMENT                          ","Minden Police Department"
"6702",1984,"LA0180000","East Carroll",NA,"LA","West South Central","South","EAST CARROLL","County","Non-MSA counties under 10,000",5313,14,0,14,2,0,2,16,0,16,3.01,"EAST CARROLL PARISH SHERIFF'S OFFICE              ","East Carroll Parish Sheriff's Office"
"6703",1984,"LA0170000","East Baton Rouge",NA,"LA","West South Central","South","EAST BATON ROUGE","County","MSA counties 100,000 or over",123859,418,0,418,102,0,102,520,0,520,4.2,"EAST BATON ROUGE PARISH SHERIFF'S OFFICE          ","East Baton Rouge Parish Sheriff's Office"
"6704",1984,"LA0230000","Iberia",NA,"LA","West South Central","South","IBERIA","County","Non-MSA counties from 25,000 thru 99,999",25758,57,0,57,29,0,29,86,0,86,3.34,"IBERIA PARISH SHERIFF'S OFFICE                    ","Iberia Parish Sheriff's Office"
"6705",1984,"LA0260400","Westwego",NA,"LA","West South Central","South","JEFFERSON","City","Cities from 10,000 thru 24,999",12729,17,0,17,1,0,1,18,0,18,1.41,"WESTWEGO POLICE DEPARTMENT                        ","Westwego Police Department"
"6706",1984,"LA0440000","St. Bernard",NA,"LA","West South Central","South","ST BERNARD","County","MSA counties from 25,000 thru 99,999",67746,157,0,157,48,2,50,205,2,207,3.06,"ST. BERNARD PARISH SHERIFF'S OFFICE               ","St. Bernard Parish Sheriff's Office"
"6707",1984,"LA0010200","Rayne",NA,"LA","West South Central","South","ACADIA","City","Cities from 2,500 thru 9,999",9600,15,0,15,4,0,4,19,0,19,1.98,"RAYNE POLICE DEPARTMENT                           ","Rayne Police Department"
"6708",1984,"LA0550000","Terrebonne",NA,"LA","West South Central","South","TERREBONNE","County","MSA counties from 25,000 thru 99,999",63051,115,0,115,25,0,25,140,0,140,2.22,"TERREBONNE PARISH SHERIFF'S OFFICE                ","Terrebonne Parish Sheriff's Office"
"6709",1984,"LA0070000","Bienville",NA,"LA","West South Central","South","BIENVILLE","County","Non-MSA counties from 10,000 thru 24,999",12944,22,5,27,2,3,5,24,8,32,2.47,"BIENVILLE PARISH SHERIFF'S OFFICE                 ","Bienville Parish Sheriff's Office"
"6710",1984,"LA0530300","Ponchatoula",NA,"LA","West South Central","South","TANGIPAHOA","City","Cities from 2,500 thru 9,999",5855,11,0,11,2,0,2,13,0,13,2.22,"PONCHATOULA POLICE DEPARTMENT                     ","Ponchatoula Police Department"
"6711",1984,"LA0140200","Homer",NA,"LA","West South Central","South","CLAIBORNE","City","Cities from 2,500 thru 9,999",4640,7,0,7,1,0,1,8,0,8,1.72,"HOMER POLICE DEPARTMENT                           ","Homer Police Department"
"6712",1984,"LA0030100","Donaldsonville",NA,"LA","West South Central","South","ASCENSION","City","Cities from 2,500 thru 9,999",8096,14,1,15,3,0,3,17,1,18,2.22,"DONALDSONVILLE PD                                 ","Donaldsonville Police Department"
"6713",1984,"LA0570000","Vermilion",NA,"LA","West South Central","South","VERMILION","County","Non-MSA counties from 25,000 thru 99,999",33804,68,0,68,20,0,20,88,0,88,2.6,"VERMILION PARISH SHERIFF'S OFFICE                 ","Vermilion Parish Sheriff's Office"
"6714",1984,"LA0620100","Oak Grove",NA,"LA","West South Central","South","WEST CARROLL","City","Cities under 2,500",2421,5,0,5,1,0,1,6,0,6,2.48,"OAK GROVE POLICE DEPARTMENT                       ","Oak Grove Police Department"
"6715",1984,"LA0520300","Mandeville",NA,"LA","West South Central","South","ST TAMMANY","City","Cities from 2,500 thru 9,999",6905,12,0,12,9,0,9,21,0,21,3.04,"MANDEVILLE POLICE DEPARTMENT                      ","Mandeville Police Department"
"6716",1984,"LA0050300","Simmesport",NA,"LA","West South Central","South","AVOYELLES","City","Cities under 2,500",2370,4,0,4,0,0,0,4,0,4,1.69,"SIMMESPORT POLICE DEPT.                           ","Simmesport Police Police Department"
"6717",1984,"LA0180100","Lake Providence",NA,"LA","West South Central","South","EAST CARROLL","City","Cities from 2,500 thru 9,999",6377,10,0,10,5,0,5,15,0,15,2.35,"LAKE PROVIDENCE POLICE DEPARTMENT                 ","Lake Providence Police Department"
"6718",1984,"LA0570200","Kaplan",NA,"LA","West South Central","South","VERMILION","City","Cities from 2,500 thru 9,999",5019,11,0,11,4,0,4,15,0,15,2.99,"KAPLAN POLICE DEPARTMENT                          ","Kaplan Police Department"
"6719",1984,"LA0550100","Houma",NA,"LA","West South Central","South","TERREBONNE","City","Cities from 25,000 thru 49,999",39341,53,5,58,2,19,21,55,24,79,2.01,"HOUMA POLICE DEPARTMENT                           ","Houma Police Department"
"6720",1984,"LA0590200","Franklinton",NA,"LA","West South Central","South","WASHINGTON","City","Cities from 2,500 thru 9,999",4372,10,0,10,2,0,2,12,0,12,2.74,"FRANKLINTON POLICE DEPARTMENT                     ","Franklinton Police Department"
"6721",1984,"LA0580100","Leesville",NA,"LA","West South Central","South","VERNON","City","Cities from 2,500 thru 9,999",9797,20,1,21,8,1,9,28,2,30,3.06,"LEESVILLE POLICE DEPARTMENT                       ","Leesville Police Department"
"6722",1984,"LA0350100","Natchitoches",NA,"LA","West South Central","South","NATCHITOCHES","City","Cities from 10,000 thru 24,999",17028,34,1,35,9,0,9,43,1,44,2.58,"NATCHITOCHES POLICE DEPARTMENT                    ","Natchitoches Police Department"
"6723",1984,"LA0330100","Tallulah",NA,"LA","West South Central","South","MADISON","City","Cities from 10,000 thru 24,999",11610,13,0,13,6,1,7,19,1,20,1.72,"TALLULAH POLICE DEPT.                             ","Tallulah Police Police Department"
"6724",1984,"LA0300000","La Salle",NA,"LA","West South Central","South","LA SALLE","County","Non-MSA counties from 10,000 thru 24,999",13168,23,0,23,5,0,5,28,0,28,2.13,"LA SALLE PARISH SHERIFF'S OFFICE                  ","La Salle Parish Sheriff's Office"
"6725",1984,"LA0310000","Lincoln",NA,"LA","West South Central","South","LINCOLN","County","Non-MSA counties from 10,000 thru 24,999",14640,20,0,20,6,1,7,26,1,27,1.84,"LINCOLN PARISH SHERIFF'S OFFICE                   ","Lincoln Parish Sheriff's Office"
"6726",1984,"LA0170300","Zachary",NA,"LA","West South Central","South","EAST BATON ROUGE","City","Cities from 2,500 thru 9,999",8066,15,0,15,4,1,5,19,1,20,2.48,"ZACHARY POLICE DEPARTMENT                         ","Zachary Police Department"
"6727",1984,"LA0230300","New Iberia",NA,"LA","West South Central","South","IBERIA","City","Cities from 25,000 thru 49,999",36079,54,6,60,7,12,19,61,18,79,2.19,"NEW IBERIA PD                                     ","New Iberia Police Department"
"6728",1984,"LA0401000","Ball",NA,"LA","West South Central","South","RAPIDES","City","Cities from 2,500 thru 9,999",3861,4,0,4,0,0,0,4,0,4,1.04,"BALL POLICE DEPARTMENT                            ","Ball Police Department"
"6729",1984,"LA0320100","Denham Springs",NA,"LA","West South Central","South","LIVINGSTON","City","Cities from 2,500 thru 9,999",9669,16,0,16,5,2,7,21,2,23,2.38,"DENHAM SPRINGS POLICE DEPARTMENT                  ","Denham Springs Police Department"
"6730",1984,"LA0150000","Concordia",NA,"LA","West South Central","South","CONCORDIA","County","Non-MSA counties from 10,000 thru 24,999",13251,21,0,21,5,0,5,26,0,26,1.96,"CONCORDIA PARISH SHERIFF'S OFFICE                 ","Concordia Parish Sheriff's Office"
"6731",1984,"LA0370100","Monroe",NA,"LA","West South Central","South","OUACHITA","City","Cities from 50,000 thru 99,999",58213,100,6,106,9,34,43,109,40,149,2.56,"MONROE POLICE DEPARTMENT                          ","Monroe Police Department"
"6732",1984,"LA0420200","Rayville",NA,"LA","West South Central","South","RICHLAND","City","Cities from 2,500 thru 9,999",4719,7,0,7,0,0,0,7,0,7,1.48,"RAYVILLE POLICE DEPARTMENT                        ","Rayville Police Department"
"6733",1984,"LA0470000","St. James",NA,"LA","West South Central","South","ST JAMES","County","Non-MSA counties from 10,000 thru 24,999",22288,46,0,46,19,1,20,65,1,66,2.96,"ST. JAMES PARISH SHERIFF'S OFFICE                 ","St. James Parish Sheriff's Office"
"6734",1984,"LA0370000","Ouachita",NA,"LA","West South Central","South","OUACHITA","County","MSA counties from 25,000 thru 99,999",69838,128,0,128,49,0,49,177,0,177,2.53,"OUACHITA PARISH SHERIFF'S OFFICE                  ","Ouachita Parish Sheriff's Office"
"6735",1984,"LA0300100","Jena",NA,"LA","West South Central","South","LA SALLE","City","Cities from 2,500 thru 9,999",4583,5,0,5,0,0,0,5,0,5,1.09,"JENA POLICE DEPARTMENT                            ","Jena Police Department"
"6736",1984,"LA0100400","Vinton",NA,"LA","West South Central","South","CALCASIEU","City","Cities from 2,500 thru 9,999",3915,12,0,12,1,0,1,13,0,13,3.32,"VINTON POLICE DEPARTMENT                          ","Vinton Police Department"
"6737",1984,"LA0420000","Richland",NA,"LA","West South Central","South","RICHLAND","County","Non-MSA counties from 10,000 thru 24,999",14189,21,0,21,7,0,7,28,0,28,1.97,"RICHLAND PARISH SHERIFF'S OFFICE                  ","Richland Parish Sheriff's Office"
"6738",1984,"LA0260200","Harahan",NA,"LA","West South Central","South","JEFFERSON","City","Cities from 10,000 thru 24,999",11253,13,1,14,3,4,7,16,5,21,1.87,"HARAHAN POLICE DEPARTMENT                         ","Harahan Police Department"
"6739",1984,"LA0100100","De Quincy",NA,"LA","West South Central","South","CALCASIEU","City","Cities from 2,500 thru 9,999",4240,7,0,7,2,0,2,9,0,9,2.12,"DEQUINCY POLICE DEPARTMENT                        ","Dequincy Police Department"
"6740",1984,"LA0140100","Haynesville",NA,"LA","West South Central","South","CLAIBORNE","City","Cities from 2,500 thru 9,999",3640,7,0,7,0,0,0,7,0,7,1.92,"HAYNESVILLE POLICE DEPT                           ","Haynesville Police Police Department"
"6741",1984,"LA0170200","Baton Rouge",NA,"LA","West South Central","South","EAST BATON ROUGE","City","Cities from 100,000 thru 249,999",245085,484,6,490,93,93,186,577,99,676,2.76,"BATON ROUGE POLICE DEPARTMENT                     ","Baton Rouge Police Department"
"6742",1984,"LA0620000","West Carroll",NA,"LA","West South Central","South","WEST CARROLL","County","Non-MSA counties from 10,000 thru 24,999",10863,10,0,10,5,0,5,15,0,15,1.38,"WEST CARROLL PARISH SHERIFF'S OFFICE              ","West Carroll Parish Sheriff's Office"
"6743",1984,"LA0350000","Natchitoches",NA,"LA","West South Central","South","NATCHITOCHES","County","Non-MSA counties from 10,000 thru 24,999",24017,37,0,37,6,0,6,43,0,43,1.79,"NATCHITOCHES PARISH SHERIFF'S OFFICE              ","Natchitoches Parish Sheriff's Office"
"6744",1984,"LA0370400","University of Louisiana:","Monroe","LA","West South Central","South","OUACHITA","University or College","Cities under 2,500",0,14,0,14,2,2,4,16,2,18,NA,"UNIVERSITY OF LOUISIANA - MONROE POLICE           ","University Of Louisiana - Monroe Police"
"6745",1984,"LA0520000","St. Tammany",NA,"LA","West South Central","South","ST TAMMANY","County","MSA counties from 25,000 thru 99,999",79128,144,0,144,72,0,72,216,0,216,2.73,"ST. TAMMANY PARISH SHERIFF'S OFFICE               ","St. Tammany Parish Sheriff's Office"
"6746",1984,"LA0030000","Ascension",NA,"LA","West South Central","South","ASCENSION","County","MSA counties from 25,000 thru 99,999",37863,83,2,85,21,2,23,104,4,108,2.85,"ASCENSION PARISH SHERIFF'S OFFICE                 ","Ascension Parish Sheriff's Office"
"6747",1984,"LA0540000","Tensas",NA,"LA","West South Central","South","TENSAS","County","Non-MSA counties under 10,000",7067,13,0,13,3,0,3,16,0,16,2.26,"TENSAS PARISH SHERIFF'S OFFICE                    ","Tensas Parish Sheriff's Office"
"6748",1984,"LA0050000","Avoyelles",NA,"LA","West South Central","South","AVOYELLES","County","Non-MSA counties from 25,000 thru 99,999",30055,35,0,35,10,0,10,45,0,45,1.5,"AVOYELLES PARISH SHERIFF'S OFFICE                 ","Avoyelles Parish Sheriff's Office"
"6749",1984,"LA0510000","St. Mary",NA,"LA","West South Central","South","ST MARY","County","Non-MSA counties from 25,000 thru 99,999",28526,79,0,79,24,0,24,103,0,103,3.61,"ST. MARY PARISH SHERIFF'S OFFICE                  ","St. Mary Parish Sheriff's Office"
"6750",1984,"LA0010100","Crowley",NA,"LA","West South Central","South","ACADIA","City","Cities from 10,000 thru 24,999",16828,27,0,27,6,0,6,33,0,33,1.96,"CROWLEY POLICE DEPARTMENT                         ","Crowley Police Department"
"6751",1984,"LA0500100","Breaux Bridge",NA,"LA","West South Central","South","ST MARTIN","City","Cities from 2,500 thru 9,999",6390,13,0,13,4,0,4,17,0,17,2.66,"BREAUX BRIDGE POLICE DEPARTMENT                   ","Breaux Bridge Police Department"
"6752",1984,"LA0400200","Pineville",NA,"LA","West South Central","South","RAPIDES","City","Cities from 10,000 thru 24,999",13062,31,0,31,2,0,2,33,0,33,2.53,"PINEVILLE POLICE DEPARTMENT                       ","Pineville Police Department"
"6753",1984,"LA0450000","St. Charles",NA,"LA","West South Central","South","ST CHARLES","County","MSA counties from 25,000 thru 99,999",40540,106,0,106,69,5,74,175,5,180,4.44,"ST. CHARLES PARISH SHERIFF'S OFFICE               ","St. Charles Parish Sheriff's Office"
"6754",1984,"LA0270200","Jennings",NA,"LA","West South Central","South","JEFFERSON DAVIS","City","Cities from 10,000 thru 24,999",12698,20,0,20,8,0,8,28,0,28,2.21,"JENNINGS POLICE DEPARTMENT                        ","Jennings Police Department"
"6755",1984,"LA0510100","Berwick",NA,"LA","West South Central","South","ST MARY","City","Cities from 2,500 thru 9,999",4875,10,0,10,0,0,0,10,0,10,2.05,"BERWICK POLICE DEPARTMENT                         ","Berwick Police Department"
"6756",1984,"LA0530900","Southeastern Louisiana University",NA,"LA","West South Central","South","TANGIPAHOA","University or College","Cities under 2,500",0,14,0,14,4,1,5,18,1,19,NA,"SOUTHEASTERN LOUISIANA UNIVERSITY POLICE          ","Southeastern Louisiana University Police"
"6757",1984,"LA0580000","Vernon",NA,"LA","West South Central","South","VERNON","County","Non-MSA counties from 25,000 thru 99,999",49958,42,0,42,11,0,11,53,0,53,1.06,"VERNON PARISH SHERIFF'S OFFICE                    ","Vernon Parish Sheriff's Office"
"6758",1984,"LA0230200","Jeanerette",NA,"LA","West South Central","South","IBERIA","City","Cities from 2,500 thru 9,999",7110,8,0,8,6,0,6,14,0,14,1.97,"JEANERETTE POLICE DEPARTMENT                      ","Jeanerette Police Department"
"6759",1984,"LA0590000","Washington",NA,"LA","West South Central","South","WASHINGTON","County","Non-MSA counties from 10,000 thru 24,999",24386,47,0,47,10,0,10,57,0,57,2.34,"WASHINGTON PARISH SHERIFF'S OFFICE                ","Washington Parish Sheriff's Office"
"6760",1984,"LA0130100","Jonesville",NA,"LA","West South Central","South","CATAHOULA","City","Cities from 2,500 thru 9,999",2910,8,0,8,3,0,3,11,0,11,3.78,"JONESVILLE POLICE DEPARTMENT                      ","Jonesville Police Department"
"6761",1984,"LA0590100","Bogalusa",NA,"LA","West South Central","South","WASHINGTON","City","Cities from 10,000 thru 24,999",17393,34,1,35,2,7,9,36,8,44,2.53,"BOGALUSA POLICE DEPARTMENT                        ","Bogalusa Police Department"
"6762",1984,"LANPD0000","New Orleans",NA,"LA","West South Central","South","ORLEANS","City","Cities from 500,000 thru 999,999",576071,1208,220,1428,115,285,400,1323,505,1828,3.17,"NEW ORLEANS POLICE DEPARTMENT                     ","New Orleans Police Department"
"6763",1984,"LA0500200","St. Martinville",NA,"LA","West South Central","South","ST MARTIN","City","Cities from 2,500 thru 9,999",8515,15,0,15,4,0,4,19,0,19,2.23,"ST. MARTINVILLE POLICE DEPARTMENT                 ","St. Martinville Police Department"
"6764",1984,"LA0520200","Slidell",NA,"LA","West South Central","South","ST TAMMANY","City","Cities from 25,000 thru 49,999",30634,47,1,48,12,2,14,59,3,62,2.02,"SLIDELL POLICE DEPARTMENT                         ","Slidell Police Department"
"6765",1984,"LA0560000","Union",NA,"LA","West South Central","South","UNION","County","Non-MSA counties from 10,000 thru 24,999",18096,21,0,21,6,0,6,27,0,27,1.49,"UNION PARISH SHERIFF'S OFFICE                     ","Union Parish Sheriff's Office"
"6766",1984,"LA0020100","Kinder",NA,"LA","West South Central","South","ALLEN","City","Cities from 2,500 thru 9,999",2703,6,0,6,0,0,0,6,0,6,2.22,"KINDER POLICE DEPARTMENT                          ","Kinder Police Department"
"6767",1984,"LA0640000","Winn",NA,"LA","West South Central","South","WINN","County","Non-MSA counties from 10,000 thru 24,999",10301,19,0,19,5,0,5,24,0,24,2.33,"WINN PARISH SHERIFF'S OFFICE                      ","Winn Parish Sheriff's Office"
"6768",1984,"LA0510500","Baldwin",NA,"LA","West South Central","South","ST MARY","City","Cities from 2,500 thru 9,999",2930,4,0,4,0,0,0,4,0,4,1.37,"BALDWIN POLICE DEPARTMENT                         ","Baldwin Police Department"
"6769",1984,"LA0200200","Mamou",NA,"LA","West South Central","South","EVANGELINE","City","Cities from 2,500 thru 9,999",3360,8,0,8,3,0,3,11,0,11,3.27,"MAMOU POLICE DEPARTMENT                           ","Mamou Police Department"
"6770",1984,"LA0610100","Port Allen",NA,"LA","West South Central","South","WEST BATON ROUGE","City","Cities from 2,500 thru 9,999",6319,18,1,19,3,3,6,21,4,25,3.96,"PORT ALLEN POLICE DEPARTMENT                      ","Port Allen Police Department"
"6771",1984,"LA0130000","Catahoula",NA,"LA","West South Central","South","CATAHOULA","County","Non-MSA counties under 10,000",9758,16,0,16,5,0,5,21,0,21,2.15,"CATAHOULA PARISH SHERIFF'S OFFICE                 ","Catahoula Parish Sheriff's Office"
"6772",1984,"LA0310200","Ruston",NA,"LA","West South Central","South","LINCOLN","City","Cities from 10,000 thru 24,999",21607,27,3,30,2,3,5,29,6,35,1.62,"RUSTON POLICE DEPARTMENT                          ","Ruston Police Department"
"6773",1984,"LA0400100","Alexandria",NA,"LA","West South Central","South","RAPIDES","City","Cities from 50,000 thru 99,999",53315,112,1,113,6,14,20,118,15,133,2.49,"ALEXANDRIA POLICE DEPARTMENT                      ","Alexandria Police Department"
"6774",1984,"LA0290000","Lafourche",NA,"LA","West South Central","South","LAFOURCHE","County","MSA counties from 25,000 thru 99,999",66832,86,18,104,9,21,30,95,39,134,2.01,"LAFOURCHE PARISH SHERIFF'S OFFICE                 ","Lafourche Parish Sheriff's Office"
"6775",1984,"LA0120000","Cameron",NA,"LA","West South Central","South","CAMERON","County","Non-MSA counties from 10,000 thru 24,999",10101,50,3,53,0,16,16,50,19,69,6.83,"CAMERON PARISH SHERIFF'S OFFICE                   ","Cameron Parish Sheriff's Office"
"6776",1984,"LA0340000","Morehouse",NA,"LA","West South Central","South","MOREHOUSE","County","Non-MSA counties from 10,000 thru 24,999",19030,28,0,28,8,0,8,36,0,36,1.89,"MOREHOUSE PARISH SHERIFF'S OFFICE                 ","Morehouse Parish Sheriff's Office"
"6777",1984,"LA0390100","New Roads",NA,"LA","West South Central","South","POINTE COUPEE","City","Cities from 2,500 thru 9,999",3981,11,0,11,0,0,0,11,0,11,2.76,"NEW ROADS POLICE DEPARTMENT                       ","New Roads Police Department"
"6778",1984,"LA0280000","Lafayette",NA,"LA","West South Central","South","LAFAYETTE","County","MSA counties from 25,000 thru 99,999",80030,218,0,218,73,0,73,291,0,291,3.64,"LAFAYETTE PARISH SHERIFF'S OFFICE                 ","Lafayette Parish Sheriff's Office"
"6779",1984,"LA0320000","Livingston",NA,"LA","West South Central","South","LIVINGSTON","County","MSA counties from 25,000 thru 99,999",56212,81,0,81,25,0,25,106,0,106,1.89,"LIVINGSTON PARISH SHERIFF'S OFFICE                ","Livingston Parish Sheriff's Office"
"6780",1984,"LA0490200","Opelousas",NA,"LA","West South Central","South","ST LANDRY","City","Cities from 10,000 thru 24,999",20040,41,1,42,3,1,4,44,2,46,2.3,"OPELOUSAS POLICE DEPARTMENT                       ","Opelousas Police Department"
"6781",1984,"LA0100200","Lake Charles",NA,"LA","West South Central","South","CALCASIEU","City","Cities from 50,000 thru 99,999",77954,101,2,103,21,4,25,122,6,128,1.64,"LAKE CHARLES POLICE DEPARTMENT                    ","Lake Charles Police Department"
"6782",1984,"LA0270000","Jefferson Davis",NA,"LA","West South Central","South","JEFFERSON DAVIS","County","Non-MSA counties from 10,000 thru 24,999",17078,35,0,35,8,0,8,43,0,43,2.52,"JEFFERSON DAVIS PARISH SHERIFF'S OFFICE           ","Jefferson Davis Parish Sheriff's Office"
"6783",1984,"LA0330000","Madison",NA,"LA","West South Central","South","MADISON","County","Non-MSA counties under 10,000",4520,13,0,13,5,0,5,18,0,18,3.98,"MADISON PARISH SHERIFF'S OFFICE                   ","Madison Parish Sheriff's Office"
"6784",1984,"LA0310300","Grambling",NA,"LA","West South Central","South","LINCOLN","City","Cities from 2,500 thru 9,999",4601,7,0,7,2,0,2,9,0,9,1.96,"GRAMBLING POLICE DEPARTMENT                       ","Grambling Police Department"
"6785",1984,"LA0030200","Gonzales",NA,"LA","West South Central","South","ASCENSION","City","Cities from 2,500 thru 9,999",7993,27,0,27,3,0,3,30,0,30,3.75,"GONZALES POLICE DEPARTMENT                        ","Gonzales Police Department"
"6786",1984,"LA0220000","Grant",NA,"LA","West South Central","South","GRANT","County","Non-MSA counties from 10,000 thru 24,999",17653,6,0,6,31,2,33,37,2,39,2.21,"GRANT PARISH SHERIFF'S OFFICE                     ","Grant Parish Sheriff's Office"
"6787",1984,"LA0230400","Loreauville",NA,"LA","West South Central","South","IBERIA","City","Cities under 2,500",913,1,0,1,0,0,0,1,0,1,1.1,"LOREAUVILLE PD                                    ","Loreauville Police Department"
"6788",1984,"LA0050200","Marksville",NA,"LA","West South Central","South","AVOYELLES","City","Cities from 2,500 thru 9,999",5345,9,0,9,1,0,1,10,0,10,1.87,"MARKSVILLE POLICE DEPARTMENT                      ","Marksville Police Department"
"6789",1984,"LA0310100","Dubach",NA,"LA","West South Central","South","LINCOLN","City","Cities under 2,500",1205,2,0,2,0,0,0,2,0,2,1.66,"DUBACH POLICE DEPT                                ","Dubach Police Police Department"
"6790",1984,"LA0260100","Gretna",NA,"LA","West South Central","South","JEFFERSON","City","Cities from 10,000 thru 24,999",21322,47,1,48,6,4,10,53,5,58,2.72,"GRETNA POLICE DEPARTMENT                          ","Gretna Police Department"
"6791",1984,"LA0080100","Bossier City",NA,"LA","West South Central","South","BOSSIER","City","Cities from 50,000 thru 99,999",55755,99,5,104,5,30,35,104,35,139,2.49,"BOSSIER CITY POLICE DEPT                          ","Bossier City Police Police Department"
"6792",1984,"LA0460000","St. Helena",NA,"LA","West South Central","South","ST HELENA","County","Non-MSA counties from 10,000 thru 24,999",10258,9,0,9,5,0,5,14,0,14,1.36,"ST. HELENA PARISH SHERIFF'S OFFICE                ","St. Helena Parish Sheriff's Office"
"6793",1984,"LA0351000","Northwestern State University",NA,"LA","West South Central","South","NATCHITOCHES","University or College","Cities under 2,500",0,12,0,12,1,1,2,13,1,14,NA,"NORTHWESTERN STATE UNIVERSITY OF LOUISIANA POLICE ","Northwestern State University Of Louisiana Police"
"6794",1984,"LA0510200","Franklin",NA,"LA","West South Central","South","ST MARY","City","Cities from 2,500 thru 9,999",9941,15,1,16,7,0,7,22,1,23,2.31,"FRANKLIN POLICE DEPARTMENT                        ","Franklin Police Department"
"6795",1984,"LALSP0000","State Police",NA,"LA","West South Central","South","UNMAPPED COUNTY","State Police","Non-MSA counties under 10,000",0,813,93,906,9,189,198,822,282,1104,NA,"LOUISIANA STATE POLICE                            ","Louisiana State Police"
"6796",1984,"LA0040000","Assumption",NA,"LA","West South Central","South","ASSUMPTION","County","Non-MSA counties from 10,000 thru 24,999",23719,38,1,39,0,6,6,38,7,45,1.9,"ASSUMPTION PARISH SHERIFF'S OFFICE                ","Assumption Parish Sheriff's Office"
"6797",1984,"LA0150200","Vidalia",NA,"LA","West South Central","South","CONCORDIA","City","Cities from 2,500 thru 9,999",6335,10,0,10,4,0,4,14,0,14,2.21,"VIDALIA POLICE DEPARTMENT                         ","Vidalia Police Department"
"6798",1984,"LA0100800","McNeese State University",NA,"LA","West South Central","South","CALCASIEU","University or College","Cities under 2,500",0,11,0,11,1,1,2,12,1,13,NA,"MCNEESE STATE UNIVERSITY POLICE                   ","Mcneese State University Police"
"6799",1984,"LA0510300","Morgan City",NA,"LA","West South Central","South","ST MARY","City","Cities from 10,000 thru 24,999",16630,44,2,46,14,1,15,58,3,61,3.67,"MORGAN CITY POLICE DEPARTMENT                     ","Morgan City Police Department"
"6800",1984,"LA0020200","Oakdale",NA,"LA","West South Central","South","ALLEN","City","Cities from 2,500 thru 9,999",7202,13,0,13,4,0,4,17,0,17,2.36,"OAKDALE POLICE DEPARTMENT                         ","Oakdale Police Department"
"6801",1984,"LA0280300","Lafayette",NA,"LA","West South Central","South","LAFAYETTE","City","Cities from 50,000 thru 99,999",87338,150,11,161,4,39,43,154,50,204,2.34,"LAFAYETTE POLICE DEPARTMENT                       ","Lafayette Police Department"
"6802",1984,"LA0630000","West Feliciana",NA,"LA","West South Central","South","WEST FELICIANA","County","Non-MSA counties from 10,000 thru 24,999",13268,17,2,19,0,6,6,17,8,25,1.88,"WEST FELICIANA PARISH SHERIFF'S OFFICE            ","West Feliciana Parish Sheriff's Office"
"6803",1984,"LA0260300","Kenner",NA,"LA","West South Central","South","JEFFERSON","City","Cities from 50,000 thru 99,999",72525,100,2,102,10,7,17,110,9,119,1.64,"KENNER POLICE DEPARTMENT                          ","Kenner Police Department"
"6804",1984,"LA0270400","Welsh",NA,"LA","West South Central","South","JEFFERSON DAVIS","City","Cities from 2,500 thru 9,999",3817,7,0,7,1,0,1,8,0,8,2.1,"WELSH POLICE DEPARTMENT                           ","Welsh Police Department"
"6805",1984,"LA0530000","Tangipahoa",NA,"LA","West South Central","South","TANGIPAHOA","County","Non-MSA counties from 25,000 thru 99,999",56059,105,0,105,46,0,46,151,0,151,2.69,"TANGIPAHOA PARISH SHERIFF'S OFFICE                ","Tangipahoa Parish Sheriff's Office"
"6806",1984,"LA0610000","West Baton Rouge",NA,"LA","West South Central","South","WEST BATON ROUGE","County","MSA counties from 10,000 thru 24,999",13907,41,1,42,7,0,7,48,1,49,3.52,"WEST BATON ROUGE PARISH SHERIFF'S OFFICE          ","West Baton Rouge Parish Sheriff's Office"
"6807",1984,"LA0010800","Louisiana State University:","Eunice","LA","West South Central","South","ACADIA","University or College","Cities under 2,500",0,2,0,2,0,0,0,2,0,2,NA,"TRI PARISH NARCOTICS TASK FORCE CROWLEY           ","Tri Parish Narcotics Task Force Crowley"
"6808",1984,"LA0510400","Patterson",NA,"LA","West South Central","South","ST MARY","City","Cities from 2,500 thru 9,999",5050,9,1,10,4,0,4,13,1,14,2.77,"PATTERSON POLICE DEPARTMENT                       ","Patterson Police Department"
"6809",1984,"LA0310700","Louisiana Tech University",NA,"LA","West South Central","South","LINCOLN","University or College","Cities under 2,500",0,13,1,14,2,2,4,15,3,18,NA,"LOUISIANA TECH UNIVERSITY POLICE                  ","Louisiana Tech University Police"
"6810",1984,"LA0140000","Claiborne",NA,"LA","West South Central","South","CLAIBORNE","County","Non-MSA counties from 10,000 thru 24,999",10336,13,0,13,5,0,5,18,0,18,1.74,"CLAIBORNE PARISH SHERIFF'S OFFICE                 ","Claiborne Parish Sheriff's Office"
"6811",1984,"LA0430000","Sabine",NA,"LA","West South Central","South","SABINE","County","Non-MSA counties from 10,000 thru 24,999",20192,20,2,22,5,0,5,25,2,27,1.34,"SABINE PARISH SHERIFF'S OFFICE                    ","Sabine Parish Sheriff's Office"
"6812",1984,"LA0080000","Bossier",NA,"LA","West South Central","South","BOSSIER","County","MSA counties from 25,000 thru 99,999",31888,58,0,58,19,2,21,77,2,79,2.48,"BOSSIER PARISH SHERIFF'S OFFICE                   ","Bossier Parish Sheriff's Office"
"6813",1984,"LA0410000","Red River",NA,"LA","West South Central","South","RED RIVER","County","Non-MSA counties from 10,000 thru 24,999",11310,22,0,22,7,0,7,29,0,29,2.56,"RED RIVER PARISH SHERIFF'S OFFICE                 ","Red River Parish Sheriff's Office"
"6814",1984,"LA0490100","Eunice",NA,"LA","West South Central","South","ACADIA, ST LANDRY","City","Cities from 10,000 thru 24,999",13518,29,0,29,4,1,5,33,1,34,2.52,"EUNICE POLICE DEPARTMENT                          ","Eunice Police Department"
"6815",1984,"LA0090100","Shreveport",NA,"LA","West South Central","South","BOSSIER, CADDO","City","Cities from 100,000 thru 249,999",215180,377,18,395,36,62,98,413,80,493,2.29,"SHREVEPORT POLICE DEPARTMENT                      ","Shreveport Police Department"
"6816",1984,"LA0600000","Webster",NA,"LA","West South Central","South","WEBSTER","County","Non-MSA counties from 10,000 thru 24,999",22968,29,1,30,2,6,8,31,7,38,1.65,"WEBSTER PARISH SHERIFF'S OFFICE                   ","Webster Parish Sheriff's Office"
"6817",1984,"LA0370200","West Monroe",NA,"LA","West South Central","South","OUACHITA","City","Cities from 10,000 thru 24,999",15789,46,3,49,5,1,6,51,4,55,3.48,"WEST MONROE POLICE DEPARTMENT                     ","West Monroe Police Department"
"6818",1984,"LA0430200","Zwolle",NA,"LA","West South Central","South","SABINE","City","Cities from 2,500 thru 9,999",2762,4,0,4,0,0,0,4,0,4,1.45,"ZWOLLE POLICE DEPARTMENT                          ","Zwolle Police Department"
"6819",1984,"LA0480000","St. John the Baptist",NA,"LA","West South Central","South","ST JOHN THE BAPTIST","County","MSA counties from 25,000 thru 99,999",36735,82,2,84,23,1,24,105,3,108,2.94,"ST. JOHN THE BAPTIST PARISH SHERIFF'S OFFICE      ","St. John The Baptist Parish Sheriff's Office"
"6820",1984,"LA0090000","Caddo",NA,"LA","West South Central","South","CADDO","County","MSA counties from 25,000 thru 99,999",45800,234,0,234,78,0,78,312,0,312,6.81,"CADDO PARISH SHERIFF'S OFFICE                     ","Caddo Parish Sheriff's Office"
"6821",1984,"LA0060100","De Ridder",NA,"LA","West South Central","South","BEAUREGARD","City","Cities from 10,000 thru 24,999",11480,17,0,17,5,0,5,22,0,22,1.92,"DERIDDER POLICE DEPARTMENT                        ","Deridder Police Department"
"6822",1984,"LA0250000","Jackson",NA,"LA","West South Central","South","JACKSON","County","Non-MSA counties from 10,000 thru 24,999",12565,20,0,20,3,0,3,23,0,23,1.83,"JACKSON PARISH SHERIFF'S OFFICE                   ","Jackson Parish Sheriff's Office"
"6823",1984,"LA0100300","Sulphur",NA,"LA","West South Central","South","CALCASIEU","City","Cities from 10,000 thru 24,999",21169,25,2,27,1,6,7,26,8,34,1.61,"SULPHUR POLICE DEPARTMENT                         ","Sulphur Police Department"
"6824",1984,"LA0530400","Amite",NA,"LA","West South Central","South","TANGIPAHOA","City","Cities from 2,500 thru 9,999",4594,13,0,13,3,0,3,16,0,16,3.48,"AMITE POLICE DEPARTMENT                           ","Amite Police Department"
"6825",1984,"LA0010300","Church Point",NA,"LA","West South Central","South","ACADIA","City","Cities from 2,500 thru 9,999",4763,10,0,10,4,0,4,14,0,14,2.94,"CHURCH POINT POLICE DEPARTMENT                    ","Church Point Police Department"
"6826",1984,"LA0160000","De Soto",NA,"LA","West South Central","South","DE SOTO","County","Non-MSA counties from 10,000 thru 24,999",20099,27,0,27,8,0,8,35,0,35,1.74,"DE SOTO PARISH SHERIFF'S OFFICE                   ","De Soto Parish Sheriff's Office"
"6827",1984,"LA0200300","Ville Platte",NA,"LA","West South Central","South","EVANGELINE","City","Cities from 2,500 thru 9,999",9593,21,0,21,3,0,3,24,0,24,2.5,"VILLE PLATTE POLICE DEPARTMENT                    ","Ville Platte Police Department"
"6828",1984,"LA0160100","Mansfield",NA,"LA","West South Central","South","DE SOTO","City","Cities from 2,500 thru 9,999",6913,11,0,11,0,0,0,11,0,11,1.59,"MANSFIELD POLICE DEPARTMENT                       ","Mansfield Police Department"
"6829",1984,"LA0100500","Westlake",NA,"LA","West South Central","South","CALCASIEU","City","Cities from 2,500 thru 9,999",5615,10,0,10,0,4,4,10,4,14,2.49,"WESTLAKE POLICE DEPARTMENT                        ","Westlake Police Department"
"6830",1984,"LA0090200","Vivian",NA,"LA","West South Central","South","CADDO","City","Cities from 2,500 thru 9,999",4461,9,0,9,3,0,3,12,0,12,2.69,"VIVIAN POLICE DEPARTMENT                          ","Vivian Police Department"
"6831",1983,"LA0310000","Lincoln",NA,"LA","West South Central","South","LINCOLN","County","Non-MSA counties from 10,000 thru 24,999",14573,23,0,23,6,1,7,29,1,30,2.06,"LINCOLN PARISH SHERIFF'S OFFICE                   ","Lincoln Parish Sheriff's Office"
"6832",1983,"LA0170300","Zachary",NA,"LA","West South Central","South","EAST BATON ROUGE","City","Cities from 2,500 thru 9,999",7659,15,0,15,4,0,4,19,0,19,2.48,"ZACHARY POLICE DEPARTMENT                         ","Zachary Police Department"
"6833",1983,"LA0230300","New Iberia",NA,"LA","West South Central","South","IBERIA","City","Cities from 25,000 thru 49,999",34531,53,4,57,10,6,16,63,10,73,2.11,"NEW IBERIA PD                                     ","New Iberia Police Department"
"6834",1983,"LA0300000","La Salle",NA,"LA","West South Central","South","LA SALLE","County","Non-MSA counties from 10,000 thru 24,999",14392,21,0,21,5,0,5,26,0,26,1.81,"LA SALLE PARISH SHERIFF'S OFFICE                  ","La Salle Parish Sheriff's Office"
"6835",1983,"LA0330100","Tallulah",NA,"LA","West South Central","South","MADISON","City","Cities from 10,000 thru 24,999",10464,15,0,15,6,0,6,21,0,21,2.01,"TALLULAH POLICE DEPT.                             ","Tallulah Police Police Department"
"6836",1983,"LA0350100","Natchitoches",NA,"LA","West South Central","South","NATCHITOCHES","City","Cities from 10,000 thru 24,999",17624,31,0,31,7,1,8,38,1,39,2.21,"NATCHITOCHES POLICE DEPARTMENT                    ","Natchitoches Police Department"
"6837",1983,"LA0290100","Golden Meadow",NA,"LA","West South Central","South","LAFOURCHE","City","Cities under 2,500",2399,7,0,7,1,1,2,8,1,9,3.75,"GOLDEN MEADOW POLICE DEPARTMENT                   ","Golden Meadow Police Department"
"6838",1983,"LA0210000","Franklin",NA,"LA","West South Central","South","FRANKLIN","County","Non-MSA counties from 10,000 thru 24,999",18956,20,1,21,3,1,4,23,2,25,1.32,"FRANKLIN PARISH SHERIFF'S OFFICE                  ","Franklin Parish Sheriff's Office"
"6839",1983,"LA0100000","Calcasieu",NA,"LA","West South Central","South","CALCASIEU","County","MSA counties from 25,000 thru 99,999",62636,278,0,278,82,0,82,360,0,360,5.75,"CALCASIEU PARISH SHERIFF'S OFFICE                 ","Calcasieu Parish Sheriff's Office"
"6840",1983,"LA0490000","St. Landry",NA,"LA","West South Central","South","ST LANDRY","County","Non-MSA counties from 25,000 thru 99,999",56003,75,0,75,22,0,22,97,0,97,1.73,"ST. LANDRY PARISH SHERIFF'S OFFICE                ","St. Landry Parish Sheriff's Office"
"6841",1983,"LA0280000","Lafayette",NA,"LA","West South Central","South","LAFAYETTE","County","MSA counties from 25,000 thru 99,999",73069,192,0,192,61,0,61,253,0,253,3.46,"LAFAYETTE PARISH SHERIFF'S OFFICE                 ","Lafayette Parish Sheriff's Office"
"6842",1983,"LA0200200","Mamou",NA,"LA","West South Central","South","EVANGELINE","City","Cities from 2,500 thru 9,999",3371,8,0,8,4,0,4,12,0,12,3.56,"MAMOU POLICE DEPARTMENT                           ","Mamou Police Department"
"6843",1983,"LA0320000","Livingston",NA,"LA","West South Central","South","LIVINGSTON","County","MSA counties from 25,000 thru 99,999",52560,89,0,89,30,0,30,119,0,119,2.26,"LIVINGSTON PARISH SHERIFF'S OFFICE                ","Livingston Parish Sheriff's Office"
"6844",1983,"LA0490200","Opelousas",NA,"LA","West South Central","South","ST LANDRY","City","Cities from 10,000 thru 24,999",20083,41,1,42,3,1,4,44,2,46,2.29,"OPELOUSAS POLICE DEPARTMENT                       ","Opelousas Police Department"
"6845",1983,"LA0390100","New Roads",NA,"LA","West South Central","South","POINTE COUPEE","City","Cities from 2,500 thru 9,999",4134,12,0,12,0,0,0,12,0,12,2.9,"NEW ROADS POLICE DEPARTMENT                       ","New Roads Police Department"
"6846",1983,"LA0460000","St. Helena",NA,"LA","West South Central","South","ST HELENA","County","Non-MSA counties from 10,000 thru 24,999",10456,8,0,8,3,0,3,11,0,11,1.05,"ST. HELENA PARISH SHERIFF'S OFFICE                ","St. Helena Parish Sheriff's Office"
"6847",1983,"LA0530000","Tangipahoa",NA,"LA","West South Central","South","TANGIPAHOA","County","Non-MSA counties from 25,000 thru 99,999",56125,81,0,81,34,0,34,115,0,115,2.05,"TANGIPAHOA PARISH SHERIFF'S OFFICE                ","Tangipahoa Parish Sheriff's Office"
"6848",1983,"LA0630000","West Feliciana",NA,"LA","West South Central","South","WEST FELICIANA","County","Non-MSA counties from 10,000 thru 24,999",14333,17,0,17,5,0,5,22,0,22,1.53,"WEST FELICIANA PARISH SHERIFF'S OFFICE            ","West Feliciana Parish Sheriff's Office"
"6849",1983,"LA0310100","Dubach",NA,"LA","West South Central","South","LINCOLN","City","Cities under 2,500",1191,2,0,2,0,0,0,2,0,2,1.68,"DUBACH POLICE DEPT                                ","Dubach Police Police Department"
"6850",1983,"LA0260300","Kenner",NA,"LA","West South Central","South","JEFFERSON","City","Cities from 50,000 thru 99,999",70002,99,3,102,11,8,19,110,11,121,1.73,"KENNER POLICE DEPARTMENT                          ","Kenner Police Department"
"6851",1983,"LA0040000","Assumption",NA,"LA","West South Central","South","ASSUMPTION","County","Non-MSA counties from 10,000 thru 24,999",23322,30,3,33,0,6,6,30,9,39,1.67,"ASSUMPTION PARISH SHERIFF'S OFFICE                ","Assumption Parish Sheriff's Office"
"6852",1983,"LA0150200","Vidalia",NA,"LA","West South Central","South","CONCORDIA","City","Cities from 2,500 thru 9,999",6277,9,0,9,4,0,4,13,0,13,2.07,"VIDALIA POLICE DEPARTMENT                         ","Vidalia Police Department"
"6853",1983,"LA0270400","Welsh",NA,"LA","West South Central","South","JEFFERSON DAVIS","City","Cities from 2,500 thru 9,999",3713,8,0,8,1,0,1,9,0,9,2.42,"WELSH POLICE DEPARTMENT                           ","Welsh Police Department"
"6854",1983,"LA0200000","Evangeline",NA,"LA","West South Central","South","EVANGELINE","County","Non-MSA counties from 10,000 thru 24,999",22200,22,0,22,1,11,12,23,11,34,1.53,"EVANGELINE PARISH SHERIFF'S OFFICE                ","Evangeline Parish Sheriff's Office"
"6855",1983,"LA0500300","Parks",NA,"LA","West South Central","South","ST MARTIN","City","Cities under 2,500",568,1,0,1,0,1,1,1,1,2,3.52,"PARKS POLICE DEPARTMENT                           ","Parks Police Department"
"6856",1983,"LA0220000","Grant",NA,"LA","West South Central","South","GRANT","County","Non-MSA counties from 10,000 thru 24,999",17697,29,0,29,5,0,5,34,0,34,1.92,"GRANT PARISH SHERIFF'S OFFICE                     ","Grant Parish Sheriff's Office"
"6857",1983,"LA0050200","Marksville",NA,"LA","West South Central","South","AVOYELLES","City","Cities from 2,500 thru 9,999",5192,10,0,10,1,0,1,11,0,11,2.12,"MARKSVILLE POLICE DEPARTMENT                      ","Marksville Police Department"
"6858",1983,"LA0080100","Bossier City",NA,"LA","West South Central","South","BOSSIER","City","Cities from 50,000 thru 99,999",53748,100,6,106,3,27,30,103,33,136,2.53,"BOSSIER CITY POLICE DEPT                          ","Bossier City Police Police Department"
"6859",1983,"LA0570000","Vermilion",NA,"LA","West South Central","South","VERMILION","County","Non-MSA counties from 25,000 thru 99,999",32792,51,0,51,12,0,12,63,0,63,1.92,"VERMILION PARISH SHERIFF'S OFFICE                 ","Vermilion Parish Sheriff's Office"
"6860",1983,"LA0620100","Oak Grove",NA,"LA","West South Central","South","WEST CARROLL","City","Cities under 2,500",2327,5,0,5,1,1,2,6,1,7,3.01,"OAK GROVE POLICE DEPARTMENT                       ","Oak Grove Police Department"
"6861",1983,"LA0230400","Loreauville",NA,"LA","West South Central","South","IBERIA","City","Cities under 2,500",910,1,0,1,0,0,0,1,0,1,1.1,"LOREAUVILLE PD                                    ","Loreauville Police Department"
"6862",1983,"LA0030100","Donaldsonville",NA,"LA","West South Central","South","ASCENSION","City","Cities from 2,500 thru 9,999",8386,14,0,14,4,0,4,18,0,18,2.15,"DONALDSONVILLE PD                                 ","Donaldsonville Police Department"
"6863",1983,"LA0210100","Winnsboro",NA,"LA","West South Central","South","FRANKLIN","City","Cities from 2,500 thru 9,999",6210,8,0,8,0,0,0,8,0,8,1.29,"WINNSBORO POLICE DEPARTMENT                       ","Winnsboro Police Department"
"6864",1983,"LA0010100","Crowley",NA,"LA","West South Central","South","ACADIA","City","Cities from 10,000 thru 24,999",17075,27,0,27,5,1,6,32,1,33,1.93,"CROWLEY POLICE DEPARTMENT                         ","Crowley Police Department"
"6865",1983,"LA0500100","Breaux Bridge",NA,"LA","West South Central","South","ST MARTIN","City","Cities from 2,500 thru 9,999",6275,14,0,14,4,0,4,18,0,18,2.87,"BREAUX BRIDGE POLICE DEPARTMENT                   ","Breaux Bridge Police Department"
"6866",1983,"LA0640100","Winnfield",NA,"LA","West South Central","South","WINN","City","Cities from 2,500 thru 9,999",7728,10,0,10,5,0,5,15,0,15,1.94,"WINNFIELD POLICE DEPT                             ","Winnfield Police Police Department"
"6867",1983,"LA0340400","Collinston",NA,"LA","West South Central","South","MOREHOUSE","City","Cities under 2,500",462,1,0,1,0,0,0,1,0,1,2.16,"COLLINSTON POLICE DEPT                            ","Collinston Police Police Department"
"6868",1983,"LA0530100","Hammond",NA,"LA","West South Central","South","TANGIPAHOA","City","Cities from 10,000 thru 24,999",15610,36,0,36,5,0,5,41,0,41,2.63,"HAMMOND POLICE DEPARTMENT                         ","Hammond Police Department"
"6869",1983,"LA0570100","Abbeville",NA,"LA","West South Central","South","VERMILION","City","Cities from 10,000 thru 24,999",13097,26,0,26,8,0,8,34,0,34,2.6,"ABBEVILLE POLICE DEPARTMENT                       ","Abbeville Police Department"
"6870",1983,"LA0100800","McNeese State University",NA,"LA","West South Central","South","CALCASIEU","University or College","Cities under 2,500",0,10,0,10,2,1,3,12,1,13,NA,"MCNEESE STATE UNIVERSITY POLICE                   ","Mcneese State University Police"
"6871",1983,"LA0410000","Red River",NA,"LA","West South Central","South","RED RIVER","County","Non-MSA counties from 10,000 thru 24,999",10928,11,0,11,2,0,2,13,0,13,1.19,"RED RIVER PARISH SHERIFF'S OFFICE                 ","Red River Parish Sheriff's Office"
"6872",1983,"LA0490100","Eunice",NA,"LA","West South Central","South","ACADIA, ST LANDRY","City","Cities from 10,000 thru 24,999",13126,30,0,30,4,1,5,34,1,35,2.67,"EUNICE POLICE DEPARTMENT                          ","Eunice Police Department"
"6873",1983,"LA0420300","Mangham",NA,"LA","West South Central","South","RICHLAND","City","Cities under 2,500",924,5,0,5,0,0,0,5,0,5,5.41,"MANGHAM POLICE DEPARTMENT                         ","Mangham Police Department"
"6874",1983,"LA0430000","Sabine",NA,"LA","West South Central","South","SABINE","County","Non-MSA counties from 10,000 thru 24,999",19684,21,1,22,5,0,5,26,1,27,1.37,"SABINE PARISH SHERIFF'S OFFICE                    ","Sabine Parish Sheriff's Office"
"6875",1983,"LA0340100","Bastrop",NA,"LA","West South Central","South","MOREHOUSE","City","Cities from 10,000 thru 24,999",16279,27,0,27,5,3,8,32,3,35,2.15,"BASTROP POLICE DEPARTMENT                         ","Bastrop Police Department"
"6876",1983,"LA0290300","Lockport",NA,"LA","West South Central","South","LAFOURCHE","City","Cities from 2,500 thru 9,999",2570,6,0,6,0,0,0,6,0,6,2.33,"LOCKPORT POLICE DEPARTMENT                        ","Lockport Police Department"
"6877",1983,"LA0400100","Alexandria",NA,"LA","West South Central","South","RAPIDES","City","Cities from 50,000 thru 99,999",54532,106,6,112,6,12,18,112,18,130,2.38,"ALEXANDRIA POLICE DEPARTMENT                      ","Alexandria Police Department"
"6878",1983,"LA0310200","Ruston",NA,"LA","West South Central","South","LINCOLN","City","Cities from 10,000 thru 24,999",21752,28,3,31,2,3,5,30,6,36,1.66,"RUSTON POLICE DEPARTMENT                          ","Ruston Police Department"
"6879",1983,"LA0130000","Catahoula",NA,"LA","West South Central","South","CATAHOULA","County","Non-MSA counties under 10,000",9947,17,1,18,3,1,4,20,2,22,2.21,"CATAHOULA PARISH SHERIFF'S OFFICE                 ","Catahoula Parish Sheriff's Office"
"6880",1983,"LA0190000","East Feliciana",NA,"LA","West South Central","South","EAST FELICIANA","County","Non-MSA counties from 10,000 thru 24,999",16588,13,0,13,4,0,4,17,0,17,1.02,"EAST FELICIANA PARISH SHERIFF'S OFFICE            ","East Feliciana Parish Sheriff's Office"
"6881",1983,"LA0240200","Plaquemine",NA,"LA","West South Central","South","IBERVILLE","City","Cities from 2,500 thru 9,999",7918,18,0,18,8,0,8,26,0,26,3.28,"PLAQUEMINE POLICE DEPARTMENT                      ","Plaquemine Police Department"
"6882",1983,"LA0250100","Jonesboro",NA,"LA","West South Central","South","JACKSON","City","Cities from 2,500 thru 9,999",5151,9,0,9,3,0,3,12,0,12,2.33,"JONESBORO POLICE DEPARTMENT                       ","Jonesboro Police Department"
"6883",1983,"LA0170000","East Baton Rouge",NA,"LA","West South Central","South","EAST BATON ROUGE","County","MSA counties 100,000 or over",138675,407,0,407,106,0,106,513,0,513,3.7,"EAST BATON ROUGE PARISH SHERIFF'S OFFICE          ","East Baton Rouge Parish Sheriff's Office"
"6884",1983,"LA0230000","Iberia",NA,"LA","West South Central","South","IBERIA","County","Non-MSA counties from 25,000 thru 99,999",25076,41,7,48,8,20,28,49,27,76,3.03,"IBERIA PARISH SHERIFF'S OFFICE                    ","Iberia Parish Sheriff's Office"
"6885",1983,"LA0180000","East Carroll",NA,"LA","West South Central","South","EAST CARROLL","County","Non-MSA counties under 10,000",5715,12,0,12,4,0,4,16,0,16,2.8,"EAST CARROLL PARISH SHERIFF'S OFFICE              ","East Carroll Parish Sheriff's Office"
"6886",1983,"LA0480000","St. John the Baptist",NA,"LA","West South Central","South","ST JOHN THE BAPTIST","County","MSA counties from 25,000 thru 99,999",33744,80,3,83,23,2,25,103,5,108,3.2,"ST. JOHN THE BAPTIST PARISH SHERIFF'S OFFICE      ","St. John The Baptist Parish Sheriff's Office"
"6887",1983,"LA0590200","Franklinton",NA,"LA","West South Central","South","WASHINGTON","City","Cities from 2,500 thru 9,999",4402,11,0,11,2,0,2,13,0,13,2.95,"FRANKLINTON POLICE DEPARTMENT                     ","Franklinton Police Department"
"6888",1983,"LA0580100","Leesville",NA,"LA","West South Central","South","VERNON","City","Cities from 2,500 thru 9,999",9561,21,0,21,7,0,7,28,0,28,2.93,"LEESVILLE POLICE DEPARTMENT                       ","Leesville Police Department"
"6889",1983,"LA0170400","Louisiana State University:","Baton Rouge","LA","West South Central","South","EAST BATON ROUGE","University or College","Cities under 2,500",0,38,0,38,5,2,7,43,2,45,NA,"LOUISIANA STATE UNIVERSITY POLICE DEPARTMENT      ","Louisiana State University Police Department"
"6890",1983,"LA0260400","Westwego",NA,"LA","West South Central","South","JEFFERSON","City","Cities from 10,000 thru 24,999",13196,17,0,17,1,0,1,18,0,18,1.36,"WESTWEGO POLICE DEPARTMENT                        ","Westwego Police Department"
"6891",1983,"LA0440000","St. Bernard",NA,"LA","West South Central","South","ST BERNARD","County","MSA counties from 25,000 thru 99,999",67316,125,4,129,18,7,25,143,11,154,2.29,"ST. BERNARD PARISH SHERIFF'S OFFICE               ","St. Bernard Parish Sheriff's Office"
"6892",1983,"LA0370100","Monroe",NA,"LA","West South Central","South","OUACHITA","City","Cities from 50,000 thru 99,999",59536,100,7,107,10,31,41,110,38,148,2.49,"MONROE POLICE DEPARTMENT                          ","Monroe Police Department"
"6893",1983,"LA0070000","Bienville",NA,"LA","West South Central","South","BIENVILLE","County","Non-MSA counties from 10,000 thru 24,999",13503,25,2,27,2,3,5,27,5,32,2.37,"BIENVILLE PARISH SHERIFF'S OFFICE                 ","Bienville Parish Sheriff's Office"
"6894",1983,"LA0420200","Rayville",NA,"LA","West South Central","South","RICHLAND","City","Cities from 2,500 thru 9,999",4810,7,0,7,0,0,0,7,0,7,1.46,"RAYVILLE POLICE DEPARTMENT                        ","Rayville Police Department"
"6895",1983,"LA0140200","Homer",NA,"LA","West South Central","South","CLAIBORNE","City","Cities from 2,500 thru 9,999",4565,9,0,9,1,0,1,10,0,10,2.19,"HOMER POLICE DEPARTMENT                           ","Homer Police Department"
"6896",1983,"LA0430200","Zwolle",NA,"LA","West South Central","South","SABINE","City","Cities from 2,500 thru 9,999",2724,4,0,4,0,0,0,4,0,4,1.47,"ZWOLLE POLICE DEPARTMENT                          ","Zwolle Police Department"
"6897",1983,"LA0600000","Webster",NA,"LA","West South Central","South","WEBSTER","County","Non-MSA counties from 10,000 thru 24,999",23103,23,7,30,0,7,7,23,14,37,1.6,"WEBSTER PARISH SHERIFF'S OFFICE                   ","Webster Parish Sheriff's Office"
"6898",1983,"LA0370200","West Monroe",NA,"LA","West South Central","South","OUACHITA","City","Cities from 10,000 thru 24,999",15654,44,2,46,6,1,7,50,3,53,3.39,"WEST MONROE POLICE DEPARTMENT                     ","West Monroe Police Department"
"6899",1983,"LA0290500","Thibodaux",NA,"LA","West South Central","South","LAFOURCHE","City","Cities from 10,000 thru 24,999",16649,29,3,32,6,6,12,35,9,44,2.64,"THIBODAUX POLICE DEPARTMENT                       ","Thibodaux Police Department"
"6900",1983,"LA0570200","Kaplan",NA,"LA","West South Central","South","VERMILION","City","Cities from 2,500 thru 9,999",5271,11,0,11,4,0,4,15,0,15,2.85,"KAPLAN POLICE DEPARTMENT                          ","Kaplan Police Department"
"6901",1983,"LA0520300","Mandeville",NA,"LA","West South Central","South","ST TAMMANY","City","Cities from 2,500 thru 9,999",6352,13,0,13,7,0,7,20,0,20,3.15,"MANDEVILLE POLICE DEPARTMENT                      ","Mandeville Police Department"
"6902",1983,"LA0510300","Morgan City",NA,"LA","West South Central","South","ST MARY","City","Cities from 10,000 thru 24,999",17125,44,2,46,2,8,10,46,10,56,3.27,"MORGAN CITY POLICE DEPARTMENT                     ","Morgan City Police Department"
"6903",1983,"LA0350000","Natchitoches",NA,"LA","West South Central","South","NATCHITOCHES","County","Non-MSA counties from 10,000 thru 24,999",23846,38,0,38,5,1,6,43,1,44,1.85,"NATCHITOCHES PARISH SHERIFF'S OFFICE              ","Natchitoches Parish Sheriff's Office"
"6904",1983,"LA0370400","University of Louisiana:","Monroe","LA","West South Central","South","OUACHITA","University or College","Cities under 2,500",0,14,0,14,2,5,7,16,5,21,NA,"UNIVERSITY OF LOUISIANA - MONROE POLICE           ","University Of Louisiana - Monroe Police"
"6905",1983,"LA0130100","Jonesville",NA,"LA","West South Central","South","CATAHOULA","City","Cities from 2,500 thru 9,999",2979,10,0,10,3,1,4,13,1,14,4.7,"JONESVILLE POLICE DEPARTMENT                      ","Jonesville Police Department"
"6906",1983,"LA0050000","Avoyelles",NA,"LA","West South Central","South","AVOYELLES","County","Non-MSA counties from 25,000 thru 99,999",30386,27,0,27,7,0,7,34,0,34,1.12,"AVOYELLES PARISH SHERIFF'S OFFICE                 ","Avoyelles Parish Sheriff's Office"
"6907",1983,"LA0351000","Northwestern State University",NA,"LA","West South Central","South","NATCHITOCHES","University or College","Cities under 2,500",0,11,0,11,1,1,2,12,1,13,NA,"NORTHWESTERN STATE UNIVERSITY OF LOUISIANA POLICE ","Northwestern State University Of Louisiana Police"
"6908",1983,"LA0400000","Rapides",NA,"LA","West South Central","South","RAPIDES","County","MSA counties from 25,000 thru 99,999",71509,109,0,109,17,0,17,126,0,126,1.76,"RAPIDES PARISH SHERIFF'S OFFICE                   ","Rapides Parish Sheriff's Office"
"6909",1983,"LA0180100","Lake Providence",NA,"LA","West South Central","South","EAST CARROLL","City","Cities from 2,500 thru 9,999",6752,9,0,9,6,0,6,15,0,15,2.22,"LAKE PROVIDENCE POLICE DEPARTMENT                 ","Lake Providence Police Department"
"6910",1983,"LA0050300","Simmesport",NA,"LA","West South Central","South","AVOYELLES","City","Cities under 2,500",2455,4,0,4,0,0,0,4,0,4,1.63,"SIMMESPORT POLICE DEPT.                           ","Simmesport Police Police Department"
"6911",1983,"LA0430100","Many",NA,"LA","West South Central","South","SABINE","City","Cities from 2,500 thru 9,999",4252,10,0,10,1,0,1,11,0,11,2.59,"MANY POLICE DEPARTMENT                            ","Many Police Department"
"6912",1983,"LA0510000","St. Mary",NA,"LA","West South Central","South","ST MARY","County","Non-MSA counties from 25,000 thru 99,999",28494,69,0,69,23,0,23,92,0,92,3.23,"ST. MARY PARISH SHERIFF'S OFFICE                  ","St. Mary Parish Sheriff's Office"
"6913",1983,"LA0520100","Covington",NA,"LA","West South Central","South","ST TAMMANY","City","Cities from 2,500 thru 9,999",8299,22,0,22,4,0,4,26,0,26,3.13,"COVINGTON POLICE DEPARTMENT                       ","Covington Police Department"
"6914",1983,"LA0100400","Vinton",NA,"LA","West South Central","South","CALCASIEU","City","Cities from 2,500 thru 9,999",3735,8,3,11,0,1,1,8,4,12,3.21,"VINTON POLICE DEPARTMENT                          ","Vinton Police Department"
"6915",1983,"LA0510200","Franklin",NA,"LA","West South Central","South","ST MARY","City","Cities from 10,000 thru 24,999",10201,15,1,16,7,0,7,22,1,23,2.25,"FRANKLIN POLICE DEPARTMENT                        ","Franklin Police Department"
"6916",1983,"LA0470000","St. James",NA,"LA","West South Central","South","ST JAMES","County","Non-MSA counties from 10,000 thru 24,999",22681,48,0,48,17,2,19,65,2,67,2.95,"ST. JAMES PARISH SHERIFF'S OFFICE                 ","St. James Parish Sheriff's Office"
"6917",1983,"LA0370000","Ouachita",NA,"LA","West South Central","South","OUACHITA","County","MSA counties from 25,000 thru 99,999",70134,115,0,115,38,0,38,153,0,153,2.18,"OUACHITA PARISH SHERIFF'S OFFICE                  ","Ouachita Parish Sheriff's Office"
"6918",1983,"LA0300100","Jena",NA,"LA","West South Central","South","LA SALLE","City","Cities from 2,500 thru 9,999",3311,5,0,5,0,0,0,5,0,5,1.51,"JENA POLICE DEPARTMENT                            ","Jena Police Department"
"6919",1983,"LALSP0000","State Police",NA,"LA","West South Central","South","UNMAPPED COUNTY","State Police","Non-MSA counties under 10,000",0,829,151,980,9,204,213,838,355,1193,NA,"LOUISIANA STATE POLICE                            ","Louisiana State Police"
"6920",1983,"LA0590000","Washington",NA,"LA","West South Central","South","WASHINGTON","County","Non-MSA counties from 10,000 thru 24,999",24718,44,0,44,10,0,10,54,0,54,2.18,"WASHINGTON PARISH SHERIFF'S OFFICE                ","Washington Parish Sheriff's Office"
"6921",1983,"LA0590100","Bogalusa",NA,"LA","West South Central","South","WASHINGTON","City","Cities from 10,000 thru 24,999",17835,34,0,34,2,7,9,36,7,43,2.41,"BOGALUSA POLICE DEPARTMENT                        ","Bogalusa Police Department"
"6922",1983,"LA0010000","Acadia",NA,"LA","West South Central","South","ACADIA","County","Non-MSA counties from 25,000 thru 99,999",27958,50,0,50,15,0,15,65,0,65,2.32,"ACADIA PARISH SHERIFF'S OFFICE                    ","Acadia Parish Sheriff's Office"
"6923",1983,"LA0390000","Pointe Coupee",NA,"LA","West South Central","South","POINTE COUPEE","County","Non-MSA counties from 10,000 thru 24,999",21325,29,0,29,10,0,10,39,0,39,1.83,"POINTE COUPEE PARISH SHERIFF'S OFFICE             ","Pointe Coupee Parish Sheriff's Office"
"6924",1983,"LA0020000","Allen",NA,"LA","West South Central","South","ALLEN","County","Non-MSA counties from 10,000 thru 24,999",12317,19,14,33,1,7,8,20,21,41,3.33,"ALLEN PARISH SHERIFF'S OFFICE                     ","Allen Parish Sheriff's Office"
"6925",1983,"LA0500000","St. Martin",NA,"LA","West South Central","South","ST MARTIN","County","MSA counties from 25,000 thru 99,999",27144,37,0,37,20,0,20,57,0,57,2.1,"ST. MARTIN PARISH SHERIFF'S OFFICE                ","St. Martin Parish Sheriff's Office"
"6926",1983,"LA0270200","Jennings",NA,"LA","West South Central","South","JEFFERSON DAVIS","City","Cities from 10,000 thru 24,999",13130,19,0,19,9,0,9,28,0,28,2.13,"JENNINGS POLICE DEPARTMENT                        ","Jennings Police Department"
"6927",1983,"LA0450000","St. Charles",NA,"LA","West South Central","South","ST CHARLES","County","MSA counties from 25,000 thru 99,999",39555,89,14,103,9,46,55,98,60,158,3.99,"ST. CHARLES PARISH SHERIFF'S OFFICE               ","St. Charles Parish Sheriff's Office"
"6928",1983,"LA0400200","Pineville",NA,"LA","West South Central","South","RAPIDES","City","Cities from 10,000 thru 24,999",12566,27,0,27,2,0,2,29,0,29,2.31,"PINEVILLE POLICE DEPARTMENT                       ","Pineville Police Department"
"6929",1983,"LA0250000","Jackson",NA,"LA","West South Central","South","JACKSON","County","Non-MSA counties from 10,000 thru 24,999",13250,20,0,20,3,0,3,23,0,23,1.74,"JACKSON PARISH SHERIFF'S OFFICE                   ","Jackson Parish Sheriff's Office"
"6930",1983,"LA0030000","Ascension",NA,"LA","West South Central","South","ASCENSION","County","MSA counties from 25,000 thru 99,999",38332,70,2,72,22,2,24,92,4,96,2.5,"ASCENSION PARISH SHERIFF'S OFFICE                 ","Ascension Parish Sheriff's Office"
"6931",1983,"LA0520000","St. Tammany",NA,"LA","West South Central","South","ST TAMMANY","County","MSA counties from 25,000 thru 99,999",73276,139,0,139,58,1,59,197,1,198,2.7,"ST. TAMMANY PARISH SHERIFF'S OFFICE               ","St. Tammany Parish Sheriff's Office"
"6932",1983,"LA0540000","Tensas",NA,"LA","West South Central","South","TENSAS","County","Non-MSA counties under 10,000",7580,13,0,13,3,1,4,16,1,17,2.24,"TENSAS PARISH SHERIFF'S OFFICE                    ","Tensas Parish Sheriff's Office"
"6933",1983,"LA0620000","West Carroll",NA,"LA","West South Central","South","WEST CARROLL","County","Non-MSA counties from 10,000 thru 24,999",11175,9,0,9,4,1,5,13,1,14,1.25,"WEST CARROLL PARISH SHERIFF'S OFFICE              ","West Carroll Parish Sheriff's Office"
"6934",1983,"LA0060100","De Ridder",NA,"LA","West South Central","South","BEAUREGARD","City","Cities from 10,000 thru 24,999",11699,16,0,16,4,0,4,20,0,20,1.71,"DERIDDER POLICE DEPARTMENT                        ","Deridder Police Department"
"6935",1983,"LA0090000","Caddo",NA,"LA","West South Central","South","CADDO","County","MSA counties from 25,000 thru 99,999",57137,229,0,229,69,0,69,298,0,298,5.22,"CADDO PARISH SHERIFF'S OFFICE                     ","Caddo Parish Sheriff's Office"
"6936",1983,"LA0110000","Caldwell",NA,"LA","West South Central","South","CALDWELL","County","Non-MSA counties from 10,000 thru 24,999",11337,13,0,13,5,0,5,18,0,18,1.59,"CALDWELL PARISH SHERIFF'S OFFICE                  ","Caldwell Parish Sheriff's Office"
"6937",1983,"LA0170100","Baker",NA,"LA","West South Central","South","EAST BATON ROUGE","City","Cities from 10,000 thru 24,999",11465,22,0,22,3,0,3,25,0,25,2.18,"BAKER POLICE DEPARTMENT                           ","Baker Police Department"
"6938",1983,"LA0050100","Bunkie",NA,"LA","West South Central","South","AVOYELLES","City","Cities from 2,500 thru 9,999",5760,9,0,9,3,0,3,12,0,12,2.08,"BUNKIE POLICE DEPARTMENT                          ","Bunkie Police Department"
"6939",1983,"LA0260000","Jefferson",NA,"LA","West South Central","South","JEFFERSON","County","MSA counties 100,000 or over",361102,594,128,722,73,229,302,667,357,1024,2.84,"JEFFERSON PARISH SHERIFF'S OFFICE                 ","Jefferson Parish Sheriff's Office"
"6940",1983,"LA0530900","Southeastern Louisiana University",NA,"LA","West South Central","South","TANGIPAHOA","University or College","Cities under 2,500",0,14,0,14,4,2,6,18,2,20,NA,"SOUTHEASTERN LOUISIANA UNIVERSITY POLICE          ","Southeastern Louisiana University Police"
"6941",1983,"LA0580000","Vernon",NA,"LA","West South Central","South","VERNON","County","Non-MSA counties from 25,000 thru 99,999",46509,37,3,40,2,7,9,39,10,49,1.05,"VERNON PARISH SHERIFF'S OFFICE                    ","Vernon Parish Sheriff's Office"
"6942",1983,"LA0510100","Berwick",NA,"LA","West South Central","South","ST MARY","City","Cities from 2,500 thru 9,999",4707,10,0,10,0,0,0,10,0,10,2.12,"BERWICK POLICE DEPARTMENT                         ","Berwick Police Department"
"6943",1983,"LA0170200","Baton Rouge",NA,"LA","West South Central","South","EAST BATON ROUGE","City","Cities from 100,000 thru 249,999",231608,502,6,508,95,90,185,597,96,693,2.99,"BATON ROUGE POLICE DEPARTMENT                     ","Baton Rouge Police Department"
"6944",1983,"LA0100100","De Quincy",NA,"LA","West South Central","South","CALCASIEU","City","Cities from 2,500 thru 9,999",4147,7,0,7,2,0,2,9,0,9,2.17,"DEQUINCY POLICE DEPARTMENT                        ","Dequincy Police Department"
"6945",1983,"LA0260200","Harahan",NA,"LA","West South Central","South","JEFFERSON","City","Cities from 10,000 thru 24,999",11930,19,1,20,2,2,4,21,3,24,2.01,"HARAHAN POLICE DEPARTMENT                         ","Harahan Police Department"
"6946",1983,"LA0420000","Richland",NA,"LA","West South Central","South","RICHLAND","County","Non-MSA counties from 10,000 thru 24,999",14140,19,0,19,6,0,6,25,0,25,1.77,"RICHLAND PARISH SHERIFF'S OFFICE                  ","Richland Parish Sheriff's Office"
"6947",1983,"LA0140100","Haynesville",NA,"LA","West South Central","South","CLAIBORNE","City","Cities from 2,500 thru 9,999",3669,7,0,7,0,0,0,7,0,7,1.91,"HAYNESVILLE POLICE DEPT                           ","Haynesville Police Police Department"
"6948",1983,"LA0610100","Port Allen",NA,"LA","West South Central","South","WEST BATON ROUGE","City","Cities from 2,500 thru 9,999",6442,17,1,18,3,0,3,20,1,21,3.26,"PORT ALLEN POLICE DEPARTMENT                      ","Port Allen Police Department"
"6949",1983,"LA0510500","Baldwin",NA,"LA","West South Central","South","ST MARY","City","Cities from 2,500 thru 9,999",2807,4,0,4,0,0,0,4,0,4,1.43,"BALDWIN POLICE DEPARTMENT                         ","Baldwin Police Department"
"6950",1983,"LA0640000","Winn",NA,"LA","West South Central","South","WINN","County","Non-MSA counties from 10,000 thru 24,999",10489,19,0,19,5,0,5,24,0,24,2.29,"WINN PARISH SHERIFF'S OFFICE                      ","Winn Parish Sheriff's Office"
"6951",1983,"LA0020200","Oakdale",NA,"LA","West South Central","South","ALLEN","City","Cities from 2,500 thru 9,999",7509,14,0,14,3,0,3,17,0,17,2.26,"OAKDALE POLICE DEPARTMENT                         ","Oakdale Police Department"
"6952",1983,"LA0120000","Cameron",NA,"LA","West South Central","South","CAMERON","County","Non-MSA counties under 10,000",9779,45,4,49,1,15,16,46,19,65,6.65,"CAMERON PARISH SHERIFF'S OFFICE                   ","Cameron Parish Sheriff's Office"
"6953",1983,"LA0280300","Lafayette",NA,"LA","West South Central","South","LAFAYETTE","City","Cities from 50,000 thru 99,999",84025,152,10,162,12,37,49,164,47,211,2.51,"LAFAYETTE POLICE DEPARTMENT                       ","Lafayette Police Department"
"6954",1983,"LA0240000","Iberville",NA,"LA","West South Central","South","IBERVILLE","County","Non-MSA counties from 25,000 thru 99,999",25875,71,0,71,54,0,54,125,0,125,4.83,"IBERVILLE PARISH SHERIFF'S OFFICE                 ","Iberville Parish Sheriff's Office"
"6955",1983,"LA0100300","Sulphur",NA,"LA","West South Central","South","CALCASIEU","City","Cities from 10,000 thru 24,999",20834,23,3,26,1,6,7,24,9,33,1.58,"SULPHUR POLICE DEPARTMENT                         ","Sulphur Police Department"
"6956",1983,"LA0160000","De Soto",NA,"LA","West South Central","South","DE SOTO","County","Non-MSA counties from 10,000 thru 24,999",20300,26,0,26,7,0,7,33,0,33,1.63,"DE SOTO PARISH SHERIFF'S OFFICE                   ","De Soto Parish Sheriff's Office"
"6957",1983,"LA0010300","Church Point",NA,"LA","West South Central","South","ACADIA","City","Cities from 2,500 thru 9,999",4879,11,0,11,4,0,4,15,0,15,3.07,"CHURCH POINT POLICE DEPARTMENT                    ","Church Point Police Department"
"6958",1983,"LA0530400","Amite",NA,"LA","West South Central","South","TANGIPAHOA","City","Cities from 2,500 thru 9,999",4396,12,0,12,3,0,3,15,0,15,3.41,"AMITE POLICE DEPARTMENT                           ","Amite Police Department"
"6959",1983,"LA0340000","Morehouse",NA,"LA","West South Central","South","MOREHOUSE","County","Non-MSA counties from 10,000 thru 24,999",19428,27,0,27,7,0,7,34,0,34,1.75,"MOREHOUSE PARISH SHERIFF'S OFFICE                 ","Morehouse Parish Sheriff's Office"
"6960",1983,"LA0290000","Lafourche",NA,"LA","West South Central","South","LAFOURCHE","County","MSA counties from 25,000 thru 99,999",65505,110,21,131,16,13,29,126,34,160,2.44,"LAFOURCHE PARISH SHERIFF'S OFFICE                 ","Lafourche Parish Sheriff's Office"
"6961",1983,"LA0520200","Slidell",NA,"LA","West South Central","South","ST TAMMANY","City","Cities from 25,000 thru 49,999",28177,47,1,48,12,2,14,59,3,62,2.2,"SLIDELL POLICE DEPARTMENT                         ","Slidell Police Department"
"6962",1983,"LA0230200","Jeanerette",NA,"LA","West South Central","South","IBERIA","City","Cities from 2,500 thru 9,999",6869,8,0,8,5,0,5,13,0,13,1.89,"JEANERETTE POLICE DEPARTMENT                      ","Jeanerette Police Department"
"6963",1983,"LA0560000","Union",NA,"LA","West South Central","South","UNION","County","Non-MSA counties from 10,000 thru 24,999",18081,17,0,17,5,0,5,22,0,22,1.22,"UNION PARISH SHERIFF'S OFFICE                     ","Union Parish Sheriff's Office"
"6964",1983,"LA0500200","St. Martinville",NA,"LA","West South Central","South","ST MARTIN","City","Cities from 2,500 thru 9,999",8358,15,0,15,5,0,5,20,0,20,2.39,"ST. MARTINVILLE POLICE DEPARTMENT                 ","St. Martinville Police Department"
"6965",1983,"LA0020100","Kinder",NA,"LA","West South Central","South","ALLEN","City","Cities from 2,500 thru 9,999",2755,6,0,6,0,0,0,6,0,6,2.18,"KINDER POLICE DEPARTMENT                          ","Kinder Police Department"
"6966",1983,"LA0200300","Ville Platte",NA,"LA","West South Central","South","EVANGELINE","City","Cities from 2,500 thru 9,999",9703,25,0,25,3,0,3,28,0,28,2.89,"VILLE PLATTE POLICE DEPARTMENT                    ","Ville Platte Police Department"
"6967",1983,"LA0090200","Vivian",NA,"LA","West South Central","South","CADDO","City","Cities from 2,500 thru 9,999",4339,9,5,14,0,0,0,9,5,14,3.23,"VIVIAN POLICE DEPARTMENT                          ","Vivian Police Department"
"6968",1983,"LA0160100","Mansfield",NA,"LA","West South Central","South","DE SOTO","City","Cities from 2,500 thru 9,999",6847,11,0,11,1,0,1,12,0,12,1.75,"MANSFIELD POLICE DEPARTMENT                       ","Mansfield Police Department"
"6969",1983,"LA0100500","Westlake",NA,"LA","West South Central","South","CALCASIEU","City","Cities from 2,500 thru 9,999",5566,10,0,10,4,0,4,14,0,14,2.52,"WESTLAKE POLICE DEPARTMENT                        ","Westlake Police Department"
"6970",1983,"LA0080000","Bossier",NA,"LA","West South Central","South","BOSSIER","County","MSA counties from 25,000 thru 99,999",31067,55,0,55,17,0,17,72,0,72,2.32,"BOSSIER PARISH SHERIFF'S OFFICE                   ","Bossier Parish Sheriff's Office"
"6971",1983,"LA0140000","Claiborne",NA,"LA","West South Central","South","CLAIBORNE","County","Non-MSA counties under 10,000",9871,12,1,13,5,0,5,17,1,18,1.82,"CLAIBORNE PARISH SHERIFF'S OFFICE                 ","Claiborne Parish Sheriff's Office"
"6972",1983,"LA0090100","Shreveport",NA,"LA","West South Central","South","BOSSIER, CADDO","City","Cities from 100,000 thru 249,999",205832,362,21,383,38,58,96,400,79,479,2.33,"SHREVEPORT POLICE DEPARTMENT                      ","Shreveport Police Department"
"6973",1983,"LA0310300","Grambling",NA,"LA","West South Central","South","LINCOLN","City","Cities from 2,500 thru 9,999",4450,6,1,7,2,0,2,8,1,9,2.02,"GRAMBLING POLICE DEPARTMENT                       ","Grambling Police Department"
"6974",1983,"LANPD0000","New Orleans",NA,"LA","West South Central","South","ORLEANS","City","Cities from 500,000 thru 999,999",589508,1282,168,1450,134,231,365,1416,399,1815,3.08,"NEW ORLEANS POLICE DEPARTMENT                     ","New Orleans Police Department"
"6975",1983,"LA0270000","Jefferson Davis",NA,"LA","West South Central","South","JEFFERSON DAVIS","County","Non-MSA counties from 10,000 thru 24,999",17066,31,0,31,12,0,12,43,0,43,2.52,"JEFFERSON DAVIS PARISH SHERIFF'S OFFICE           ","Jefferson Davis Parish Sheriff's Office"
"6976",1983,"LA0330000","Madison",NA,"LA","West South Central","South","MADISON","County","Non-MSA counties under 10,000",5064,12,0,12,6,0,6,18,0,18,3.55,"MADISON PARISH SHERIFF'S OFFICE                   ","Madison Parish Sheriff's Office"
"6977",1983,"LA0600200","Springhill",NA,"LA","West South Central","South","WEBSTER","City","Cities from 2,500 thru 9,999",6877,10,0,10,1,0,1,11,0,11,1.6,"SPRINGHILL POLICE DEPARTMENT                      ","Springhill Police Department"
"6978",1983,"LA0560100","Farmerville",NA,"LA","West South Central","South","UNION","City","Cities from 2,500 thru 9,999",3983,12,0,12,1,0,1,13,0,13,3.26,"FARMERVILLE POLICE DEPARTMENT                     ","Farmerville Police Department"
"6979",1983,"LA0530200","Kentwood",NA,"LA","West South Central","South","TANGIPAHOA","City","Cities from 2,500 thru 9,999",2829,9,0,9,1,0,1,10,0,10,3.53,"KENTWOOD POLICE DEPARTMENT                        ","Kentwood Police Department"
"6980",1983,"LA0600100","Minden",NA,"LA","West South Central","South","WEBSTER","City","Cities from 10,000 thru 24,999",15987,20,0,20,2,1,3,22,1,23,1.44,"MINDEN POLICE DEPARTMENT                          ","Minden Police Department"
"6981",1983,"LA0060000","Beauregard",NA,"LA","West South Central","South","BEAUREGARD","County","Non-MSA counties from 10,000 thru 24,999",19631,27,0,27,9,0,9,36,0,36,1.83,"BEAUREGARD PARISH SHERIFF'S OFFICE                ","Beauregard Parish Sheriff's Office"
"6982",1983,"LA0150000","Concordia",NA,"LA","West South Central","South","CONCORDIA","County","Non-MSA counties from 10,000 thru 24,999",13246,16,2,18,6,2,8,22,4,26,1.96,"CONCORDIA PARISH SHERIFF'S OFFICE                 ","Concordia Parish Sheriff's Office"
"6983",1983,"LA0550100","Houma",NA,"LA","West South Central","South","TERREBONNE","City","Cities from 25,000 thru 49,999",34530,48,4,52,3,17,20,51,21,72,2.09,"HOUMA POLICE DEPARTMENT                           ","Houma Police Department"
"6984",1983,"LA0610000","West Baton Rouge",NA,"LA","West South Central","South","WEST BATON ROUGE","County","MSA counties from 10,000 thru 24,999",13616,37,3,40,0,7,7,37,10,47,3.45,"WEST BATON ROUGE PARISH SHERIFF'S OFFICE          ","West Baton Rouge Parish Sheriff's Office"
"6985",1983,"LA0510400","Patterson",NA,"LA","West South Central","South","ST MARY","City","Cities from 2,500 thru 9,999",4848,9,0,9,4,0,4,13,0,13,2.68,"PATTERSON POLICE DEPARTMENT                       ","Patterson Police Department"
"6986",1983,"LA0420100","Delhi",NA,"LA","West South Central","South","RICHLAND","City","Cities from 2,500 thru 9,999",3475,5,0,5,0,0,0,5,0,5,1.44,"DELHI POLICE DEPARTMENT                           ","Delhi Police Department"
"6987",1983,"LA0380000","Plaquemines",NA,"LA","West South Central","South","PLAQUEMINES","County","Non-MSA counties from 25,000 thru 99,999",27513,89,1,90,11,2,13,100,3,103,3.74,"PLAQUEMINES PARISH SHERIFF'S OFFICE               ","Plaquemines Parish Sheriff's Office"
"6988",1983,"LA0100200","Lake Charles",NA,"LA","West South Central","South","CALCASIEU","City","Cities from 50,000 thru 99,999",79914,108,3,111,23,4,27,131,7,138,1.73,"LAKE CHARLES POLICE DEPARTMENT                    ","Lake Charles Police Department"
"6989",1983,"LA0030200","Gonzales",NA,"LA","West South Central","South","ASCENSION","City","Cities from 2,500 thru 9,999",7720,25,0,25,5,0,5,30,0,30,3.89,"GONZALES POLICE DEPARTMENT                        ","Gonzales Police Department"
"6990",1983,"LA0530300","Ponchatoula",NA,"LA","West South Central","South","TANGIPAHOA","City","Cities from 2,500 thru 9,999",5727,10,0,10,2,0,2,12,0,12,2.1,"PONCHATOULA POLICE DEPARTMENT                     ","Ponchatoula Police Department"
"6991",1983,"LA0401000","Ball",NA,"LA","West South Central","South","RAPIDES","City","Cities from 2,500 thru 9,999",3589,4,0,4,0,0,0,4,0,4,1.11,"BALL POLICE DEPARTMENT                            ","Ball Police Department"
"6992",1983,"LA0550000","Terrebonne",NA,"LA","West South Central","South","TERREBONNE","County","Non-MSA counties from 25,000 thru 99,999",65582,126,0,126,38,0,38,164,0,164,2.5,"TERREBONNE PARISH SHERIFF'S OFFICE                ","Terrebonne Parish Sheriff's Office"
"6993",1983,"LA0010200","Rayne",NA,"LA","West South Central","South","ACADIA","City","Cities from 2,500 thru 9,999",9636,17,1,18,3,0,3,20,1,21,2.18,"RAYNE POLICE DEPARTMENT                           ","Rayne Police Department"
"6994",1983,"LA0320100","Denham Springs",NA,"LA","West South Central","South","LIVINGSTON","City","Cities from 2,500 thru 9,999",8845,17,0,17,5,0,5,22,0,22,2.49,"DENHAM SPRINGS POLICE DEPARTMENT                  ","Denham Springs Police Department"
"6995",1982,"LA0070000","Bienville",NA,"LA","West South Central","South","BIENVILLE","County","Non-MSA counties from 10,000 thru 24,999",13272,18,3,21,2,3,5,20,6,26,1.96,"BIENVILLE PARISH SHERIFF'S OFFICE                 ","Bienville Parish Sheriff's Office"
"6996",1982,"LA0140200","Homer",NA,"LA","West South Central","South","CLAIBORNE","City","Cities from 2,500 thru 9,999",4487,8,0,8,1,0,1,9,0,9,2.01,"HOMER POLICE DEPARTMENT                           ","Homer Police Department"
"6997",1982,"LA0420200","Rayville",NA,"LA","West South Central","South","RICHLAND","City","Cities from 2,500 thru 9,999",4728,7,0,7,0,0,0,7,0,7,1.48,"RAYVILLE POLICE DEPARTMENT                        ","Rayville Police Department"
"6998",1982,"LA0370100","Monroe",NA,"LA","West South Central","South","OUACHITA","City","Cities from 50,000 thru 99,999",58517,97,8,105,14,32,46,111,40,151,2.58,"MONROE POLICE DEPARTMENT                          ","Monroe Police Department"
"6999",1982,"LA0160100","Mansfield",NA,"LA","West South Central","South","DE SOTO","City","Cities from 2,500 thru 9,999",6730,11,2,13,1,0,1,12,2,14,2.08,"MANSFIELD POLICE DEPARTMENT                       ","Mansfield Police Department"
"7000",1982,"LA0420100","Delhi",NA,"LA","West South Central","South","RICHLAND","City","Cities from 2,500 thru 9,999",3416,6,0,6,0,0,0,6,0,6,1.76,"DELHI POLICE DEPARTMENT                           ","Delhi Police Department"
"7001",1982,"LA0380000","Plaquemines",NA,"LA","West South Central","South","PLAQUEMINES","County","Non-MSA counties from 25,000 thru 99,999",27042,80,0,80,12,2,14,92,2,94,3.48,"PLAQUEMINES PARISH SHERIFF'S OFFICE               ","Plaquemines Parish Sheriff's Office"
"7002",1982,"LA0090200","Vivian",NA,"LA","West South Central","South","CADDO","City","Cities from 2,500 thru 9,999",4265,8,0,8,2,0,2,10,0,10,2.34,"VIVIAN POLICE DEPARTMENT                          ","Vivian Police Department"
"7003",1982,"LA0100500","Westlake",NA,"LA","West South Central","South","CALCASIEU","City","Cities from 2,500 thru 9,999",5471,9,0,9,0,4,4,9,4,13,2.38,"WESTLAKE POLICE DEPARTMENT                        ","Westlake Police Department"
"7004",1982,"LA0200300","Ville Platte",NA,"LA","West South Central","South","EVANGELINE","City","Cities from 2,500 thru 9,999",9537,25,0,25,2,0,2,27,0,27,2.83,"VILLE PLATTE POLICE DEPARTMENT                    ","Ville Platte Police Department"
"7005",1982,"LA0050100","Bunkie",NA,"LA","West South Central","South","AVOYELLES","City","Cities from 2,500 thru 9,999",5662,8,0,8,3,0,3,11,0,11,1.94,"BUNKIE POLICE DEPARTMENT                          ","Bunkie Police Department"
"7006",1982,"LA0600100","Minden",NA,"LA","West South Central","South","WEBSTER","City","Cities from 10,000 thru 24,999",15714,20,0,20,2,1,3,22,1,23,1.46,"MINDEN POLICE DEPARTMENT                          ","Minden Police Department"
"7007",1982,"LA0110000","Caldwell",NA,"LA","West South Central","South","CALDWELL","County","Non-MSA counties from 10,000 thru 24,999",11143,14,0,14,4,0,4,18,0,18,1.62,"CALDWELL PARISH SHERIFF'S OFFICE                  ","Caldwell Parish Sheriff's Office"
"7008",1982,"LA0600200","Springhill",NA,"LA","West South Central","South","WEBSTER","City","Cities from 2,500 thru 9,999",6760,10,0,10,1,0,1,11,0,11,1.63,"SPRINGHILL POLICE DEPARTMENT                      ","Springhill Police Department"
"7009",1982,"LA0560100","Farmerville",NA,"LA","West South Central","South","UNION","City","Cities from 2,500 thru 9,999",3915,10,0,10,1,0,1,11,0,11,2.81,"FARMERVILLE POLICE DEPARTMENT                     ","Farmerville Police Department"
"7010",1982,"LA0170100","Baker",NA,"LA","West South Central","South","EAST BATON ROUGE","City","Cities from 10,000 thru 24,999",11269,23,0,23,3,0,3,26,0,26,2.31,"BAKER POLICE DEPARTMENT                           ","Baker Police Department"
"7011",1982,"LA0530200","Kentwood",NA,"LA","West South Central","South","TANGIPAHOA","City","Cities from 2,500 thru 9,999",2781,9,0,9,1,0,1,10,0,10,3.6,"KENTWOOD POLICE DEPARTMENT                        ","Kentwood Police Department"
"7012",1982,"LA0260000","Jefferson",NA,"LA","West South Central","South","JEFFERSON","County","MSA counties 100,000 or over",354919,575,226,801,50,282,332,625,508,1133,3.19,"JEFFERSON PARISH SHERIFF'S OFFICE                 ","Jefferson Parish Sheriff's Office"
"7013",1982,"LA0500000","St. Martin",NA,"LA","West South Central","South","ST MARTIN","County","Non-MSA counties from 25,000 thru 99,999",26680,32,0,32,15,0,15,47,0,47,1.76,"ST. MARTIN PARISH SHERIFF'S OFFICE                ","St. Martin Parish Sheriff's Office"
"7014",1982,"LA0390000","Pointe Coupee",NA,"LA","West South Central","South","POINTE COUPEE","County","Non-MSA counties from 10,000 thru 24,999",20960,26,0,26,9,0,9,35,0,35,1.67,"POINTE COUPEE PARISH SHERIFF'S OFFICE             ","Pointe Coupee Parish Sheriff's Office"
"7015",1982,"LA0020000","Allen",NA,"LA","West South Central","South","ALLEN","County","Non-MSA counties from 10,000 thru 24,999",12107,26,0,26,6,0,6,32,0,32,2.64,"ALLEN PARISH SHERIFF'S OFFICE                     ","Allen Parish Sheriff's Office"
"7016",1982,"LA0010000","Acadia",NA,"LA","West South Central","South","ACADIA","County","Non-MSA counties from 25,000 thru 99,999",27480,47,0,47,14,0,14,61,0,61,2.22,"ACADIA PARISH SHERIFF'S OFFICE                    ","Acadia Parish Sheriff's Office"
"7017",1982,"LA0180000","East Carroll",NA,"LA","West South Central","South","EAST CARROLL","County","Non-MSA counties under 10,000",5618,8,0,8,4,0,4,12,0,12,2.14,"EAST CARROLL PARISH SHERIFF'S OFFICE              ","East Carroll Parish Sheriff's Office"
"7018",1982,"LA0550100","Houma",NA,"LA","West South Central","South","TERREBONNE","City","Cities from 25,000 thru 49,999",33939,55,5,60,4,19,23,59,24,83,2.45,"HOUMA POLICE DEPARTMENT                           ","Houma Police Department"
"7019",1982,"LA0230000","Iberia",NA,"LA","West South Central","South","IBERIA","County","Non-MSA counties from 10,000 thru 24,999",24647,41,7,48,8,20,28,49,27,76,3.08,"IBERIA PARISH SHERIFF'S OFFICE                    ","Iberia Parish Sheriff's Office"
"7020",1982,"LA0170000","East Baton Rouge",NA,"LA","West South Central","South","EAST BATON ROUGE","County","MSA counties 100,000 or over",136301,382,1,383,105,0,105,487,1,488,3.58,"EAST BATON ROUGE PARISH SHERIFF'S OFFICE          ","East Baton Rouge Parish Sheriff's Office"
"7021",1982,"LA0150200","Vidalia",NA,"LA","West South Central","South","CONCORDIA","City","Cities from 2,500 thru 9,999",6170,10,0,10,3,0,3,13,0,13,2.11,"VIDALIA POLICE DEPARTMENT                         ","Vidalia Police Department"
"7022",1982,"LA0260300","Kenner",NA,"LA","West South Central","South","JEFFERSON","City","Cities from 50,000 thru 99,999",68804,94,3,97,11,8,19,105,11,116,1.69,"KENNER POLICE DEPARTMENT                          ","Kenner Police Department"
"7023",1982,"LA0200000","Evangeline",NA,"LA","West South Central","South","EVANGELINE","County","Non-MSA counties from 10,000 thru 24,999",21820,22,0,22,1,11,12,23,11,34,1.56,"EVANGELINE PARISH SHERIFF'S OFFICE                ","Evangeline Parish Sheriff's Office"
"7024",1982,"LA0040000","Assumption",NA,"LA","West South Central","South","ASSUMPTION","County","Non-MSA counties from 10,000 thru 24,999",22923,30,0,30,6,0,6,36,0,36,1.57,"ASSUMPTION PARISH SHERIFF'S OFFICE                ","Assumption Parish Sheriff's Office"
"7025",1982,"LA0270400","Welsh",NA,"LA","West South Central","South","JEFFERSON DAVIS","City","Cities from 2,500 thru 9,999",3650,5,1,6,1,0,1,6,1,7,1.92,"WELSH POLICE DEPARTMENT                           ","Welsh Police Department"
"7026",1982,"LA0480000","St. John the Baptist",NA,"LA","West South Central","South","ST JOHN THE BAPTIST","County","Non-MSA counties from 25,000 thru 99,999",33167,68,0,68,18,0,18,86,0,86,2.59,"ST. JOHN THE BAPTIST PARISH SHERIFF'S OFFICE      ","St. John The Baptist Parish Sheriff's Office"
"7027",1982,"LA0440000","St. Bernard",NA,"LA","West South Central","South","ST BERNARD","County","MSA counties from 25,000 thru 99,999",66164,125,4,129,18,7,25,143,11,154,2.33,"ST. BERNARD PARISH SHERIFF'S OFFICE               ","St. Bernard Parish Sheriff's Office"
"7028",1982,"LA0260400","Westwego",NA,"LA","West South Central","South","JEFFERSON","City","Cities from 10,000 thru 24,999",12971,16,0,16,1,0,1,17,0,17,1.31,"WESTWEGO POLICE DEPARTMENT                        ","Westwego Police Department"
"7029",1982,"LA0240000","Iberville",NA,"LA","West South Central","South","IBERVILLE","County","Non-MSA counties from 25,000 thru 99,999",25432,60,0,60,56,0,56,116,0,116,4.56,"IBERVILLE PARISH SHERIFF'S OFFICE                 ","Iberville Parish Sheriff's Office"
"7030",1982,"LA0430200","Zwolle",NA,"LA","West South Central","South","SABINE","City","Cities from 2,500 thru 9,999",2678,6,0,6,0,0,0,6,0,6,2.24,"ZWOLLE POLICE DEPARTMENT                          ","Zwolle Police Department"
"7031",1982,"LA0600000","Webster",NA,"LA","West South Central","South","WEBSTER","County","MSA counties from 10,000 thru 24,999",22708,26,0,26,8,5,13,34,5,39,1.72,"WEBSTER PARISH SHERIFF'S OFFICE                   ","Webster Parish Sheriff's Office"
"7032",1982,"LA0370200","West Monroe",NA,"LA","West South Central","South","OUACHITA","City","Cities from 10,000 thru 24,999",15386,41,3,44,5,1,6,46,4,50,3.25,"WEST MONROE POLICE DEPARTMENT                     ","West Monroe Police Department"
"7033",1982,"LA0530000","Tangipahoa",NA,"LA","West South Central","South","TANGIPAHOA","County","Non-MSA counties from 25,000 thru 99,999",55164,81,0,81,34,0,34,115,0,115,2.08,"TANGIPAHOA PARISH SHERIFF'S OFFICE                ","Tangipahoa Parish Sheriff's Office"
"7034",1982,"LA0630000","West Feliciana",NA,"LA","West South Central","South","WEST FELICIANA","County","Non-MSA counties from 10,000 thru 24,999",14088,18,1,19,0,5,5,18,6,24,1.7,"WEST FELICIANA PARISH SHERIFF'S OFFICE            ","West Feliciana Parish Sheriff's Office"
"7035",1982,"LA0290100","Golden Meadow",NA,"LA","West South Central","South","LAFOURCHE","City","Cities under 2,500",2358,7,0,7,1,1,2,8,1,9,3.82,"GOLDEN MEADOW POLICE DEPARTMENT                   ","Golden Meadow Police Department"
"7036",1982,"LA0210000","Franklin",NA,"LA","West South Central","South","FRANKLIN","County","Non-MSA counties from 10,000 thru 24,999",18632,21,1,22,3,0,3,24,1,25,1.34,"FRANKLIN PARISH SHERIFF'S OFFICE                  ","Franklin Parish Sheriff's Office"
"7037",1982,"LA0100000","Calcasieu",NA,"LA","West South Central","South","CALCASIEU","County","MSA counties from 25,000 thru 99,999",61564,225,1,226,65,0,65,290,1,291,4.73,"CALCASIEU PARISH SHERIFF'S OFFICE                 ","Calcasieu Parish Sheriff's Office"
"7038",1982,"LA0490000","St. Landry",NA,"LA","West South Central","South","ST LANDRY","County","Non-MSA counties from 25,000 thru 99,999",55044,70,0,70,27,0,27,97,0,97,1.76,"ST. LANDRY PARISH SHERIFF'S OFFICE                ","St. Landry Parish Sheriff's Office"
"7039",1982,"LA0210400","Baskin",NA,"LA","West South Central","South","FRANKLIN","City","Cities under 2,500",303,1,0,1,0,0,0,1,0,1,3.3,"BASKIN POLICE DEPARTMENT                          ","Baskin Police Department"
"7040",1982,"LA0090000","Caddo",NA,"LA","West South Central","South","CADDO","County","MSA counties from 25,000 thru 99,999",56159,220,0,220,56,0,56,276,0,276,4.91,"CADDO PARISH SHERIFF'S OFFICE                     ","Caddo Parish Sheriff's Office"
"7041",1982,"LA0020200","Oakdale",NA,"LA","West South Central","South","ALLEN","City","Cities from 2,500 thru 9,999",7381,13,0,13,3,0,3,16,0,16,2.17,"OAKDALE POLICE DEPARTMENT                         ","Oakdale Police Department"
"7042",1982,"LA0250000","Jackson",NA,"LA","West South Central","South","JACKSON","County","Non-MSA counties from 10,000 thru 24,999",13024,23,2,25,2,3,5,25,5,30,2.3,"JACKSON PARISH SHERIFF'S OFFICE                   ","Jackson Parish Sheriff's Office"
"7043",1982,"LA0060100","De Ridder",NA,"LA","West South Central","South","BEAUREGARD","City","Cities from 10,000 thru 24,999",11499,17,0,17,5,0,5,22,0,22,1.91,"DERIDDER POLICE DEPARTMENT                        ","Deridder Police Department"
"7044",1982,"LA0060000","Beauregard",NA,"LA","West South Central","South","BEAUREGARD","County","Non-MSA counties from 10,000 thru 24,999",19295,27,0,27,9,0,9,36,0,36,1.87,"BEAUREGARD PARISH SHERIFF'S OFFICE                ","Beauregard Parish Sheriff's Office"
"7045",1982,"LA0330100","Tallulah",NA,"LA","West South Central","South","MADISON","City","Cities from 10,000 thru 24,999",10285,14,0,14,6,0,6,20,0,20,1.94,"TALLULAH POLICE DEPT.                             ","Tallulah Police Police Department"
"7046",1982,"LA0350100","Natchitoches",NA,"LA","West South Central","South","NATCHITOCHES","City","Cities from 10,000 thru 24,999",17323,31,0,31,7,1,8,38,1,39,2.25,"NATCHITOCHES POLICE DEPARTMENT                    ","Natchitoches Police Department"
"7047",1982,"LA0530100","Hammond",NA,"LA","West South Central","South","TANGIPAHOA","City","Cities from 10,000 thru 24,999",15343,32,4,36,5,0,5,37,4,41,2.67,"HAMMOND POLICE DEPARTMENT                         ","Hammond Police Department"
"7048",1982,"LA0570100","Abbeville",NA,"LA","West South Central","South","VERMILION","City","Cities from 10,000 thru 24,999",12873,24,0,24,8,1,9,32,1,33,2.56,"ABBEVILLE POLICE DEPARTMENT                       ","Abbeville Police Department"
"7049",1982,"LA0310000","Lincoln",NA,"LA","West South Central","South","LINCOLN","County","Non-MSA counties from 10,000 thru 24,999",14324,20,0,20,4,2,6,24,2,26,1.82,"LINCOLN PARISH SHERIFF'S OFFICE                   ","Lincoln Parish Sheriff's Office"
"7050",1982,"LA0300000","La Salle",NA,"LA","West South Central","South","LA SALLE","County","Non-MSA counties from 10,000 thru 24,999",14146,20,0,20,5,0,5,25,0,25,1.77,"LA SALLE PARISH SHERIFF'S OFFICE                  ","La Salle Parish Sheriff's Office"
"7051",1982,"LA0640100","Winnfield",NA,"LA","West South Central","South","WINN","City","Cities from 2,500 thru 9,999",7596,11,0,11,4,0,4,15,0,15,1.97,"WINNFIELD POLICE DEPT                             ","Winnfield Police Police Department"
"7052",1982,"LA0010200","Rayne",NA,"LA","West South Central","South","ACADIA","City","Cities from 2,500 thru 9,999",9471,18,1,19,2,0,2,20,1,21,2.22,"RAYNE POLICE DEPARTMENT                           ","Rayne Police Department"
"7053",1982,"LA0530300","Ponchatoula",NA,"LA","West South Central","South","TANGIPAHOA","City","Cities from 2,500 thru 9,999",5629,10,0,10,3,0,3,13,0,13,2.31,"PONCHATOULA POLICE DEPARTMENT                     ","Ponchatoula Police Department"
"7054",1982,"LA0320100","Denham Springs",NA,"LA","West South Central","South","LIVINGSTON","City","Cities from 2,500 thru 9,999",8694,16,0,16,4,1,5,20,1,21,2.42,"DENHAM SPRINGS POLICE DEPARTMENT                  ","Denham Springs Police Department"
"7055",1982,"LA0550000","Terrebonne",NA,"LA","West South Central","South","TERREBONNE","County","Non-MSA counties from 25,000 thru 99,999",64459,105,0,105,36,0,36,141,0,141,2.19,"TERREBONNE PARISH SHERIFF'S OFFICE                ","Terrebonne Parish Sheriff's Office"
"7056",1982,"LA0401000","Ball",NA,"LA","West South Central","South","RAPIDES","City","Cities from 2,500 thru 9,999",3528,4,0,4,0,0,0,4,0,4,1.13,"BALL POLICE DEPARTMENT                            ","Ball Police Department"
"7057",1982,"LA0500100","Breaux Bridge",NA,"LA","West South Central","South","ST MARTIN","City","Cities from 2,500 thru 9,999",6168,9,0,9,4,0,4,13,0,13,2.11,"BREAUX BRIDGE POLICE DEPARTMENT                   ","Breaux Bridge Police Department"
"7058",1982,"LA0010100","Crowley",NA,"LA","West South Central","South","ACADIA","City","Cities from 10,000 thru 24,999",16783,27,0,27,6,0,6,33,0,33,1.97,"CROWLEY POLICE DEPARTMENT                         ","Crowley Police Department"
"7059",1982,"LA0170200","Baton Rouge",NA,"LA","West South Central","South","EAST BATON ROUGE","City","Cities from 100,000 thru 249,999",227642,512,8,520,97,95,192,609,103,712,3.13,"BATON ROUGE POLICE DEPARTMENT                     ","Baton Rouge Police Department"
"7060",1982,"LA0280300","Lafayette",NA,"LA","West South Central","South","LAFAYETTE","City","Cities from 50,000 thru 99,999",82587,124,7,131,9,25,34,133,32,165,2,"LAFAYETTE POLICE DEPARTMENT                       ","Lafayette Police Department"
"7061",1982,"LA0100100","De Quincy",NA,"LA","West South Central","South","CALCASIEU","City","Cities from 2,500 thru 9,999",4076,6,0,6,3,0,3,9,0,9,2.21,"DEQUINCY POLICE DEPARTMENT                        ","Dequincy Police Department"
"7062",1982,"LA0140100","Haynesville",NA,"LA","West South Central","South","CLAIBORNE","City","Cities from 2,500 thru 9,999",3607,7,0,7,0,0,0,7,0,7,1.94,"HAYNESVILLE POLICE DEPT                           ","Haynesville Police Police Department"
"7063",1982,"LA0610000","West Baton Rouge",NA,"LA","West South Central","South","WEST BATON ROUGE","County","MSA counties from 10,000 thru 24,999",13383,34,2,36,0,7,7,34,9,43,3.21,"WEST BATON ROUGE PARISH SHERIFF'S OFFICE          ","West Baton Rouge Parish Sheriff's Office"
"7064",1982,"LA0510400","Patterson",NA,"LA","West South Central","South","ST MARY","City","Cities from 2,500 thru 9,999",4765,11,0,11,3,0,3,14,0,14,2.94,"PATTERSON POLICE DEPARTMENT                       ","Patterson Police Department"
"7065",1982,"LA0620000","West Carroll",NA,"LA","West South Central","South","WEST CARROLL","County","Non-MSA counties from 10,000 thru 24,999",10984,11,0,11,3,0,3,14,0,14,1.27,"WEST CARROLL PARISH SHERIFF'S OFFICE              ","West Carroll Parish Sheriff's Office"
"7066",1982,"LA0540000","Tensas",NA,"LA","West South Central","South","TENSAS","County","Non-MSA counties under 10,000",7451,13,0,13,3,1,4,16,1,17,2.28,"TENSAS PARISH SHERIFF'S OFFICE                    ","Tensas Parish Sheriff's Office"
"7067",1982,"LA0030000","Ascension",NA,"LA","West South Central","South","ASCENSION","County","MSA counties from 25,000 thru 99,999",37676,66,3,69,21,2,23,87,5,92,2.44,"ASCENSION PARISH SHERIFF'S OFFICE                 ","Ascension Parish Sheriff's Office"
"7068",1982,"LA0520000","St. Tammany",NA,"LA","West South Central","South","ST TAMMANY","County","MSA counties from 25,000 thru 99,999",72022,116,0,116,48,0,48,164,0,164,2.28,"ST. TAMMANY PARISH SHERIFF'S OFFICE               ","St. Tammany Parish Sheriff's Office"
"7069",1982,"LA0170300","Zachary",NA,"LA","West South Central","South","EAST BATON ROUGE","City","Cities from 2,500 thru 9,999",7528,13,0,13,2,0,2,15,0,15,1.99,"ZACHARY POLICE DEPARTMENT                         ","Zachary Police Department"
"7070",1982,"LA0230300","New Iberia",NA,"LA","West South Central","South","IBERIA","City","Cities from 25,000 thru 49,999",33940,54,5,59,5,12,17,59,17,76,2.24,"NEW IBERIA PD                                     ","New Iberia Police Department"
"7071",1982,"LA0490100","Eunice",NA,"LA","West South Central","South","ACADIA, ST LANDRY","City","Cities from 10,000 thru 24,999",12902,30,0,30,4,1,5,34,1,35,2.71,"EUNICE POLICE DEPARTMENT                          ","Eunice Police Department"
"7072",1982,"LA0410000","Red River",NA,"LA","West South Central","South","RED RIVER","County","Non-MSA counties from 10,000 thru 24,999",10741,11,0,11,2,0,2,13,0,13,1.21,"RED RIVER PARISH SHERIFF'S OFFICE                 ","Red River Parish Sheriff's Office"
"7073",1982,"LA0430000","Sabine",NA,"LA","West South Central","South","SABINE","County","Non-MSA counties from 10,000 thru 24,999",19347,20,0,20,5,0,5,25,0,25,1.29,"SABINE PARISH SHERIFF'S OFFICE                    ","Sabine Parish Sheriff's Office"
"7074",1982,"LA0420300","Mangham",NA,"LA","West South Central","South","RICHLAND","City","Cities under 2,500",909,5,0,5,0,0,0,5,0,5,5.5,"MANGHAM POLICE DEPARTMENT                         ","Mangham Police Department"
"7075",1982,"LA0150100","Ferriday",NA,"LA","West South Central","South","CONCORDIA","City","Cities from 2,500 thru 9,999",4576,10,0,10,2,0,2,12,0,12,2.62,"FERRIDAY POLICE DEPARTMENT                        ","Ferriday Police Department"
"7076",1982,"LA0500300","Parks",NA,"LA","West South Central","South","ST MARTIN","City","Cities under 2,500",559,1,0,1,0,1,1,1,1,2,3.58,"PARKS POLICE DEPARTMENT                           ","Parks Police Department"
"7077",1982,"LA0290500","Thibodaux",NA,"LA","West South Central","South","LAFOURCHE","City","Cities from 10,000 thru 24,999",16364,30,3,33,4,5,9,34,8,42,2.57,"THIBODAUX POLICE DEPARTMENT                       ","Thibodaux Police Department"
"7078",1982,"LA0570200","Kaplan",NA,"LA","West South Central","South","VERMILION","City","Cities from 2,500 thru 9,999",5181,11,0,11,4,0,4,15,0,15,2.9,"KAPLAN POLICE DEPARTMENT                          ","Kaplan Police Department"
"7079",1982,"LA0520300","Mandeville",NA,"LA","West South Central","South","ST TAMMANY","City","Cities from 2,500 thru 9,999",6244,15,0,15,6,0,6,21,0,21,3.36,"MANDEVILLE POLICE DEPARTMENT                      ","Mandeville Police Department"
"7080",1982,"LA0520100","Covington",NA,"LA","West South Central","South","ST TAMMANY","City","Cities from 2,500 thru 9,999",8157,22,0,22,4,0,4,26,0,26,3.19,"COVINGTON POLICE DEPARTMENT                       ","Covington Police Department"
"7081",1982,"LA0400000","Rapides",NA,"LA","West South Central","South","RAPIDES","County","MSA counties from 25,000 thru 99,999",70285,102,0,102,16,0,16,118,0,118,1.68,"RAPIDES PARISH SHERIFF'S OFFICE                   ","Rapides Parish Sheriff's Office"
"7082",1982,"LA0430100","Many",NA,"LA","West South Central","South","SABINE","City","Cities from 2,500 thru 9,999",4180,10,0,10,1,0,1,11,0,11,2.63,"MANY POLICE DEPARTMENT                            ","Many Police Department"
"7083",1982,"LA0340400","Collinston",NA,"LA","West South Central","South","MOREHOUSE","City","Cities under 2,500",455,1,1,2,0,0,0,1,1,2,4.4,"COLLINSTON POLICE DEPT                            ","Collinston Police Police Department"
"7084",1982,"LA0580100","Leesville",NA,"LA","West South Central","South","VERNON","City","Cities from 2,500 thru 9,999",9398,21,0,21,7,0,7,28,0,28,2.98,"LEESVILLE POLICE DEPARTMENT                       ","Leesville Police Department"
"7085",1982,"LA0590200","Franklinton",NA,"LA","West South Central","South","WASHINGTON","City","Cities from 2,500 thru 9,999",4327,11,0,11,2,0,2,13,0,13,3,"FRANKLINTON POLICE DEPARTMENT                     ","Franklinton Police Department"
"7086",1982,"LA0180100","Lake Providence",NA,"LA","West South Central","South","EAST CARROLL","City","Cities from 2,500 thru 9,999",6637,9,0,9,6,0,6,15,0,15,2.26,"LAKE PROVIDENCE POLICE DEPARTMENT                 ","Lake Providence Police Department"
"7087",1982,"LA0050300","Simmesport",NA,"LA","West South Central","South","AVOYELLES","City","Cities under 2,500",2413,2,2,4,0,0,0,2,2,4,1.66,"SIMMESPORT POLICE DEPT.                           ","Simmesport Police Police Department"
"7088",1982,"LA0020100","Kinder",NA,"LA","West South Central","South","ALLEN","City","Cities from 2,500 thru 9,999",2708,5,0,5,0,0,0,5,0,5,1.85,"KINDER POLICE DEPARTMENT                          ","Kinder Police Department"
"7089",1982,"LA0520200","Slidell",NA,"LA","West South Central","South","ST TAMMANY","City","Cities from 25,000 thru 49,999",27695,49,1,50,10,1,11,59,2,61,2.2,"SLIDELL POLICE DEPARTMENT                         ","Slidell Police Department"
"7090",1982,"LA0500200","St. Martinville",NA,"LA","West South Central","South","ST MARTIN","City","Cities from 2,500 thru 9,999",8215,15,0,15,4,1,5,19,1,20,2.43,"ST. MARTINVILLE POLICE DEPARTMENT                 ","St. Martinville Police Department"
"7091",1982,"LA0560000","Union",NA,"LA","West South Central","South","UNION","County","Non-MSA counties from 10,000 thru 24,999",17772,17,0,17,5,0,5,22,0,22,1.24,"UNION PARISH SHERIFF'S OFFICE                     ","Union Parish Sheriff's Office"
"7092",1982,"LA0540200","Waterproof",NA,"LA","West South Central","South","TENSAS","City","Cities under 2,500",1359,1,0,1,0,0,0,1,0,1,0.74,"WATERPROOF POLICE DEPARTMENT                      ","Waterproof Police Department"
"7093",1982,"LA0230200","Jeanerette",NA,"LA","West South Central","South","IBERIA","City","Cities from 2,500 thru 9,999",6752,7,0,7,5,0,5,12,0,12,1.78,"JEANERETTE POLICE DEPARTMENT                      ","Jeanerette Police Department"
"7094",1982,"LA0290300","Lockport",NA,"LA","West South Central","South","LAFOURCHE","City","Cities from 2,500 thru 9,999",2526,6,0,6,0,0,0,6,0,6,2.38,"LOCKPORT POLICE DEPARTMENT                        ","Lockport Police Department"
"7095",1982,"LA0340100","Bastrop",NA,"LA","West South Central","South","MOREHOUSE","City","Cities from 10,000 thru 24,999",16001,26,1,27,6,4,10,32,5,37,2.31,"BASTROP POLICE DEPARTMENT                         ","Bastrop Police Department"
"7096",1982,"LA0250100","Jonesboro",NA,"LA","West South Central","South","JACKSON","City","Cities from 2,500 thru 9,999",5063,11,0,11,3,0,3,14,0,14,2.77,"JONESBORO POLICE DEPARTMENT                       ","Jonesboro Police Department"
"7097",1982,"LA0420000","Richland",NA,"LA","West South Central","South","RICHLAND","County","Non-MSA counties from 10,000 thru 24,999",13898,19,0,19,4,0,4,23,0,23,1.65,"RICHLAND PARISH SHERIFF'S OFFICE                  ","Richland Parish Sheriff's Office"
"7098",1982,"LA0240200","Plaquemine",NA,"LA","West South Central","South","IBERVILLE","City","Cities from 2,500 thru 9,999",7783,20,0,20,7,0,7,27,0,27,3.47,"PLAQUEMINE POLICE DEPARTMENT                      ","Plaquemine Police Department"
"7099",1982,"LA0190000","East Feliciana",NA,"LA","West South Central","South","EAST FELICIANA","County","Non-MSA counties from 10,000 thru 24,999",16304,12,0,12,5,0,5,17,0,17,1.04,"EAST FELICIANA PARISH SHERIFF'S OFFICE            ","East Feliciana Parish Sheriff's Office"
"7100",1982,"LA0450000","St. Charles",NA,"LA","West South Central","South","ST CHARLES","County","Non-MSA counties from 25,000 thru 99,999",38878,82,23,105,8,43,51,90,66,156,4.01,"ST. CHARLES PARISH SHERIFF'S OFFICE               ","St. Charles Parish Sheriff's Office"
"7101",1982,"LA0400200","Pineville",NA,"LA","West South Central","South","RAPIDES","City","Cities from 10,000 thru 24,999",12351,27,0,27,2,0,2,29,0,29,2.35,"PINEVILLE POLICE DEPARTMENT                       ","Pineville Police Department"
"7102",1982,"LA0270200","Jennings",NA,"LA","West South Central","South","JEFFERSON DAVIS","City","Cities from 10,000 thru 24,999",12906,20,0,20,10,0,10,30,0,30,2.32,"JENNINGS POLICE DEPARTMENT                        ","Jennings Police Department"
"7103",1982,"LA0050000","Avoyelles",NA,"LA","West South Central","South","AVOYELLES","County","Non-MSA counties from 25,000 thru 99,999",29866,22,0,22,11,0,11,33,0,33,1.1,"AVOYELLES PARISH SHERIFF'S OFFICE                 ","Avoyelles Parish Sheriff's Office"
"7104",1982,"LA0100200","Lake Charles",NA,"LA","West South Central","South","CALCASIEU","City","Cities from 50,000 thru 99,999",78546,103,3,106,9,13,22,112,16,128,1.63,"LAKE CHARLES POLICE DEPARTMENT                    ","Lake Charles Police Department"
"7105",1982,"LA0030200","Gonzales",NA,"LA","West South Central","South","ASCENSION","City","Cities from 2,500 thru 9,999",7588,25,0,25,4,0,4,29,0,29,3.82,"GONZALES POLICE DEPARTMENT                        ","Gonzales Police Department"
"7106",1982,"LA0580000","Vernon",NA,"LA","West South Central","South","VERNON","County","Non-MSA counties from 25,000 thru 99,999",45713,35,0,35,9,0,9,44,0,44,0.96,"VERNON PARISH SHERIFF'S OFFICE                    ","Vernon Parish Sheriff's Office"
"7107",1982,"LA0330000","Madison",NA,"LA","West South Central","South","MADISON","County","Non-MSA counties under 10,000",4978,10,0,10,6,0,6,16,0,16,3.21,"MADISON PARISH SHERIFF'S OFFICE                   ","Madison Parish Sheriff's Office"
"7108",1982,"LA0270000","Jefferson Davis",NA,"LA","West South Central","South","JEFFERSON DAVIS","County","Non-MSA counties from 10,000 thru 24,999",16774,33,0,33,11,0,11,44,0,44,2.62,"JEFFERSON DAVIS PARISH SHERIFF'S OFFICE           ","Jefferson Davis Parish Sheriff's Office"
"7109",1982,"LA0310300","Grambling",NA,"LA","West South Central","South","LINCOLN","City","Cities from 2,500 thru 9,999",4374,8,0,8,2,0,2,10,0,10,2.29,"GRAMBLING POLICE DEPARTMENT                       ","Grambling Police Department"
"7110",1982,"LA0510100","Berwick",NA,"LA","West South Central","South","ST MARY","City","Cities from 2,500 thru 9,999",4627,11,0,11,0,0,0,11,0,11,2.38,"BERWICK POLICE DEPARTMENT                         ","Berwick Police Department"
"7111",1982,"LA0300100","Jena",NA,"LA","West South Central","South","LA SALLE","City","Cities from 2,500 thru 9,999",3255,5,0,5,0,0,0,5,0,5,1.54,"JENA POLICE DEPARTMENT                            ","Jena Police Department"
"7112",1982,"LA0030100","Donaldsonville",NA,"LA","West South Central","South","ASCENSION","City","Cities from 2,500 thru 9,999",8243,13,0,13,3,0,3,16,0,16,1.94,"DONALDSONVILLE PD                                 ","Donaldsonville Police Department"
"7113",1982,"LA0570000","Vermilion",NA,"LA","West South Central","South","VERMILION","County","Non-MSA counties from 25,000 thru 99,999",32231,44,0,44,11,1,12,55,1,56,1.74,"VERMILION PARISH SHERIFF'S OFFICE                 ","Vermilion Parish Sheriff's Office"
"7114",1982,"LA0620100","Oak Grove",NA,"LA","West South Central","South","WEST CARROLL","City","Cities under 2,500",2288,4,0,4,2,0,2,6,0,6,2.62,"OAK GROVE POLICE DEPARTMENT                       ","Oak Grove Police Department"
"7115",1982,"LA0470000","St. James",NA,"LA","West South Central","South","ST JAMES","County","Non-MSA counties from 10,000 thru 24,999",22293,44,3,47,11,1,12,55,4,59,2.65,"ST. JAMES PARISH SHERIFF'S OFFICE                 ","St. James Parish Sheriff's Office"
"7116",1982,"LA0370000","Ouachita",NA,"LA","West South Central","South","OUACHITA","County","MSA counties from 25,000 thru 99,999",68933,106,0,106,34,0,34,140,0,140,2.03,"OUACHITA PARISH SHERIFF'S OFFICE                  ","Ouachita Parish Sheriff's Office"
"7117",1982,"LA0340000","Morehouse",NA,"LA","West South Central","South","MOREHOUSE","County","Non-MSA counties from 10,000 thru 24,999",19096,24,0,24,7,0,7,31,0,31,1.62,"MOREHOUSE PARISH SHERIFF'S OFFICE                 ","Morehouse Parish Sheriff's Office"
"7118",1982,"LA0290000","Lafourche",NA,"LA","West South Central","South","LAFOURCHE","County","Non-MSA counties from 25,000 thru 99,999",64384,90,20,110,13,11,24,103,31,134,2.08,"LAFOURCHE PARISH SHERIFF'S OFFICE                 ","Lafourche Parish Sheriff's Office"
"7119",1982,"LA0510300","Morgan City",NA,"LA","West South Central","South","ST MARY","City","Cities from 10,000 thru 24,999",16832,47,1,48,2,8,10,49,9,58,3.45,"MORGAN CITY POLICE DEPARTMENT                     ","Morgan City Police Department"
"7120",1982,"LA0510000","St. Mary",NA,"LA","West South Central","South","ST MARY","County","Non-MSA counties from 25,000 thru 99,999",28007,65,0,65,22,0,22,87,0,87,3.11,"ST. MARY PARISH SHERIFF'S OFFICE                  ","St. Mary Parish Sheriff's Office"
"7121",1982,"LA0510200","Franklin",NA,"LA","West South Central","South","ST MARY","City","Cities from 10,000 thru 24,999",10027,12,1,13,2,5,7,14,6,20,1.99,"FRANKLIN POLICE DEPARTMENT                        ","Franklin Police Department"
"7122",1982,"LA0100400","Vinton",NA,"LA","West South Central","South","CALCASIEU","City","Cities from 2,500 thru 9,999",3672,7,3,10,0,1,1,7,4,11,3,"VINTON POLICE DEPARTMENT                          ","Vinton Police Department"
"7123",1982,"LA0090100","Shreveport",NA,"LA","West South Central","South","BOSSIER, CADDO","City","Cities from 100,000 thru 249,999",202308,357,18,375,35,69,104,392,87,479,2.37,"SHREVEPORT POLICE DEPARTMENT                      ","Shreveport Police Department"
"7124",1982,"LA0080000","Bossier",NA,"LA","West South Central","South","BOSSIER","County","MSA counties from 25,000 thru 99,999",30535,51,0,51,16,0,16,67,0,67,2.19,"BOSSIER PARISH SHERIFF'S OFFICE                   ","Bossier Parish Sheriff's Office"
"7125",1982,"LA0140000","Claiborne",NA,"LA","West South Central","South","CLAIBORNE","County","Non-MSA counties under 10,000",9702,13,1,14,4,1,5,17,2,19,1.96,"CLAIBORNE PARISH SHERIFF'S OFFICE                 ","Claiborne Parish Sheriff's Office"
"7126",1982,"LA0230400","Loreauville",NA,"LA","West South Central","South","IBERIA","City","Cities under 2,500",895,1,0,1,0,0,0,1,0,1,1.12,"LOREAUVILLE PD                                    ","Loreauville Police Department"
"7127",1982,"LA0310100","Dubach",NA,"LA","West South Central","South","LINCOLN","City","Cities under 2,500",1171,2,0,2,0,0,0,2,0,2,1.71,"DUBACH POLICE DEPT                                ","Dubach Police Police Department"
"7128",1982,"LA0220000","Grant",NA,"LA","West South Central","South","GRANT","County","MSA counties from 10,000 thru 24,999",17394,24,0,24,5,0,5,29,0,29,1.67,"GRANT PARISH SHERIFF'S OFFICE                     ","Grant Parish Sheriff's Office"
"7129",1982,"LA0210100","Winnsboro",NA,"LA","West South Central","South","FRANKLIN","City","Cities from 2,500 thru 9,999",6104,8,0,8,0,0,0,8,0,8,1.31,"WINNSBORO POLICE DEPARTMENT                       ","Winnsboro Police Department"
"7130",1982,"LA0050200","Marksville",NA,"LA","West South Central","South","AVOYELLES","City","Cities from 2,500 thru 9,999",5104,9,0,9,1,0,1,10,0,10,1.96,"MARKSVILLE POLICE DEPARTMENT                      ","Marksville Police Department"
"7131",1982,"LA0080100","Bossier City",NA,"LA","West South Central","South","BOSSIER","City","Cities from 50,000 thru 99,999",52828,96,5,101,2,25,27,98,30,128,2.42,"BOSSIER CITY POLICE DEPT                          ","Bossier City Police Police Department"
"7132",1982,"LA0100300","Sulphur",NA,"LA","West South Central","South","CALCASIEU","City","Cities from 10,000 thru 24,999",20478,23,0,23,7,0,7,30,0,30,1.46,"SULPHUR POLICE DEPARTMENT                         ","Sulphur Police Department"
"7133",1982,"LA0160000","De Soto",NA,"LA","West South Central","South","DE SOTO","County","Non-MSA counties from 10,000 thru 24,999",19953,22,2,24,5,2,7,27,4,31,1.55,"DE SOTO PARISH SHERIFF'S OFFICE                   ","De Soto Parish Sheriff's Office"
"7134",1982,"LA0010300","Church Point",NA,"LA","West South Central","South","ACADIA","City","Cities from 2,500 thru 9,999",4796,9,0,9,0,4,4,9,4,13,2.71,"CHURCH POINT POLICE DEPARTMENT                    ","Church Point Police Department"
"7135",1982,"LA0530400","Amite",NA,"LA","West South Central","South","TANGIPAHOA","City","Cities from 2,500 thru 9,999",4321,12,0,12,3,0,3,15,0,15,3.47,"AMITE POLICE DEPARTMENT                           ","Amite Police Department"
"7136",1982,"LA0350000","Natchitoches",NA,"LA","West South Central","South","NATCHITOCHES","County","Non-MSA counties from 10,000 thru 24,999",23438,35,0,35,6,1,7,41,1,42,1.79,"NATCHITOCHES PARISH SHERIFF'S OFFICE              ","Natchitoches Parish Sheriff's Office"
"7137",1982,"LA0130100","Jonesville",NA,"LA","West South Central","South","CATAHOULA","City","Cities from 2,500 thru 9,999",2928,9,0,9,3,0,3,12,0,12,4.1,"JONESVILLE POLICE DEPARTMENT                      ","Jonesville Police Department"
"7138",1982,"LA0200200","Mamou",NA,"LA","West South Central","South","EVANGELINE","City","Cities from 2,500 thru 9,999",3314,8,0,8,3,0,3,11,0,11,3.32,"MAMOU POLICE DEPARTMENT                           ","Mamou Police Department"
"7139",1982,"LA0490200","Opelousas",NA,"LA","West South Central","South","ST LANDRY","City","Cities from 10,000 thru 24,999",19740,40,1,41,3,2,5,43,3,46,2.33,"OPELOUSAS POLICE DEPARTMENT                       ","Opelousas Police Department"
"7140",1982,"LA0280000","Lafayette",NA,"LA","West South Central","South","LAFAYETTE","County","MSA counties from 25,000 thru 99,999",71818,177,0,177,46,0,46,223,0,223,3.11,"LAFAYETTE PARISH SHERIFF'S OFFICE                 ","Lafayette Parish Sheriff's Office"
"7141",1982,"LA0320000","Livingston",NA,"LA","West South Central","South","LIVINGSTON","County","MSA counties from 25,000 thru 99,999",51660,51,0,51,21,0,21,72,0,72,1.39,"LIVINGSTON PARISH SHERIFF'S OFFICE                ","Livingston Parish Sheriff's Office"
"7142",1982,"LA0390100","New Roads",NA,"LA","West South Central","South","POINTE COUPEE","City","Cities from 2,500 thru 9,999",4064,8,0,8,0,0,0,8,0,8,1.97,"NEW ROADS POLICE DEPARTMENT                       ","New Roads Police Department"
"7143",1982,"LA0610100","Port Allen",NA,"LA","West South Central","South","WEST BATON ROUGE","City","Cities from 2,500 thru 9,999",6332,17,0,17,3,0,3,20,0,20,3.16,"PORT ALLEN POLICE DEPARTMENT                      ","Port Allen Police Department"
"7144",1982,"LA0640000","Winn",NA,"LA","West South Central","South","WINN","County","Non-MSA counties from 10,000 thru 24,999",10310,18,0,18,5,0,5,23,0,23,2.23,"WINN PARISH SHERIFF'S OFFICE                      ","Winn Parish Sheriff's Office"
"7145",1982,"LA0510500","Baldwin",NA,"LA","West South Central","South","ST MARY","City","Cities from 2,500 thru 9,999",2759,4,0,4,0,1,1,4,1,5,1.81,"BALDWIN POLICE DEPARTMENT                         ","Baldwin Police Department"
"7146",1982,"LA0130000","Catahoula",NA,"LA","West South Central","South","CATAHOULA","County","Non-MSA counties under 10,000",9777,16,1,17,3,1,4,19,2,21,2.15,"CATAHOULA PARISH SHERIFF'S OFFICE                 ","Catahoula Parish Sheriff's Office"
"7147",1982,"LA0590100","Bogalusa",NA,"LA","West South Central","South","WASHINGTON","City","Cities from 10,000 thru 24,999",17530,33,2,35,2,7,9,35,9,44,2.51,"BOGALUSA POLICE DEPARTMENT                        ","Bogalusa Police Department"
"7148",1982,"LA0310200","Ruston",NA,"LA","West South Central","South","LINCOLN","City","Cities from 10,000 thru 24,999",21380,26,4,30,2,2,4,28,6,34,1.59,"RUSTON POLICE DEPARTMENT                          ","Ruston Police Department"
"7149",1982,"LA0590000","Washington",NA,"LA","West South Central","South","WASHINGTON","County","Non-MSA counties from 10,000 thru 24,999",24295,40,0,40,10,0,10,50,0,50,2.06,"WASHINGTON PARISH SHERIFF'S OFFICE                ","Washington Parish Sheriff's Office"
"7150",1982,"LA0400100","Alexandria",NA,"LA","West South Central","South","RAPIDES","City","Cities from 50,000 thru 99,999",53599,101,4,105,5,11,16,106,15,121,2.26,"ALEXANDRIA POLICE DEPARTMENT                      ","Alexandria Police Department"
"7151",1982,"LA0460000","St. Helena",NA,"LA","West South Central","South","ST HELENA","County","Non-MSA counties from 10,000 thru 24,999",10277,9,0,9,2,0,2,11,0,11,1.07,"ST. HELENA PARISH SHERIFF'S OFFICE                ","St. Helena Parish Sheriff's Office"
"7152",1982,"LA0120000","Cameron",NA,"LA","West South Central","South","CAMERON","County","Non-MSA counties under 10,000",9612,47,0,47,4,8,12,51,8,59,6.14,"CAMERON PARISH SHERIFF'S OFFICE                   ","Cameron Parish Sheriff's Office"
"7153",1981,"LA0230000","Iberia",NA,"LA","West South Central","South","IBERIA","County","Non-MSA counties from 10,000 thru 24,999",24346,42,0,42,16,0,16,58,0,58,2.38,"IBERIA PARISH SHERIFF'S OFFICE                    ","Iberia Parish Sheriff's Office"
"7154",1981,"LA0260400","Westwego",NA,"LA","West South Central","South","JEFFERSON","City","Cities from 10,000 thru 24,999",12802,17,0,17,1,0,1,18,0,18,1.41,"WESTWEGO POLICE DEPARTMENT                        ","Westwego Police Department"
"7155",1981,"LA0180000","East Carroll",NA,"LA","West South Central","South","EAST CARROLL","County","Non-MSA counties under 10,000",5545,12,0,12,4,2,6,16,2,18,3.25,"EAST CARROLL PARISH SHERIFF'S OFFICE              ","East Carroll Parish Sheriff's Office"
"7156",1981,"LA0170000","East Baton Rouge",NA,"LA","West South Central","South","EAST BATON ROUGE","County","MSA counties 100,000 or over",134521,358,0,358,103,0,103,461,0,461,3.43,"EAST BATON ROUGE PARISH SHERIFF'S OFFICE          ","East Baton Rouge Parish Sheriff's Office"
"7157",1981,"LA0490000","St. Landry",NA,"LA","West South Central","South","ST LANDRY","County","Non-MSA counties from 25,000 thru 99,999",54325,64,0,64,25,0,25,89,0,89,1.64,"ST. LANDRY PARISH SHERIFF'S OFFICE                ","St. Landry Parish Sheriff's Office"
"7158",1981,"LA0210000","Franklin",NA,"LA","West South Central","South","FRANKLIN","County","Non-MSA counties from 10,000 thru 24,999",18388,18,3,21,3,1,4,21,4,25,1.36,"FRANKLIN PARISH SHERIFF'S OFFICE                  ","Franklin Parish Sheriff's Office"
"7159",1981,"LA0290100","Golden Meadow",NA,"LA","West South Central","South","LAFOURCHE","City","Cities under 2,500",2327,5,0,5,1,0,1,6,0,6,2.58,"GOLDEN MEADOW POLICE DEPARTMENT                   ","Golden Meadow Police Department"
"7160",1981,"LA0210400","Baskin",NA,"LA","West South Central","South","FRANKLIN","City","Cities under 2,500",299,1,0,1,0,0,0,1,0,1,3.34,"BASKIN POLICE DEPARTMENT                          ","Baskin Police Department"
"7161",1981,"LA0100000","Calcasieu",NA,"LA","West South Central","South","CALCASIEU","County","MSA counties from 25,000 thru 99,999",60760,194,1,195,65,0,65,259,1,260,4.28,"CALCASIEU PARISH SHERIFF'S OFFICE                 ","Calcasieu Parish Sheriff's Office"
"7162",1981,"LA0310300","Grambling",NA,"LA","West South Central","South","LINCOLN","City","Cities from 2,500 thru 9,999",4317,6,2,8,2,0,2,8,2,10,2.32,"GRAMBLING POLICE DEPARTMENT                       ","Grambling Police Department"
"7163",1981,"LA0530400","Amite",NA,"LA","West South Central","South","TANGIPAHOA","City","Cities from 2,500 thru 9,999",4264,7,0,7,3,0,3,10,0,10,2.35,"AMITE POLICE DEPARTMENT                           ","Amite Police Department"
"7164",1981,"LA0330000","Madison",NA,"LA","West South Central","South","MADISON","County","Non-MSA counties under 10,000",4913,10,0,10,6,0,6,16,0,16,3.26,"MADISON PARISH SHERIFF'S OFFICE                   ","Madison Parish Sheriff's Office"
"7165",1981,"LA0010300","Church Point",NA,"LA","West South Central","South","ACADIA","City","Cities from 2,500 thru 9,999",4733,8,0,8,4,0,4,12,0,12,2.54,"CHURCH POINT POLICE DEPARTMENT                    ","Church Point Police Department"
"7166",1981,"LA0270000","Jefferson Davis",NA,"LA","West South Central","South","JEFFERSON DAVIS","County","Non-MSA counties from 10,000 thru 24,999",16556,29,0,29,10,0,10,39,0,39,2.36,"JEFFERSON DAVIS PARISH SHERIFF'S OFFICE           ","Jefferson Davis Parish Sheriff's Office"
"7167",1981,"LA0100300","Sulphur",NA,"LA","West South Central","South","CALCASIEU","City","Cities from 10,000 thru 24,999",20210,23,0,23,7,0,7,30,0,30,1.48,"SULPHUR POLICE DEPARTMENT                         ","Sulphur Police Department"
"7168",1981,"LA0160000","De Soto",NA,"LA","West South Central","South","DE SOTO","County","Non-MSA counties from 10,000 thru 24,999",19692,18,0,18,5,0,5,23,0,23,1.17,"DE SOTO PARISH SHERIFF'S OFFICE                   ","De Soto Parish Sheriff's Office"
"7169",1981,"LA0310200","Ruston",NA,"LA","West South Central","South","LINCOLN","City","Cities from 10,000 thru 24,999",21101,24,3,27,2,3,5,26,6,32,1.52,"RUSTON POLICE DEPARTMENT                          ","Ruston Police Department"
"7170",1981,"LA0400100","Alexandria",NA,"LA","West South Central","South","RAPIDES","City","Cities from 50,000 thru 99,999",52899,95,4,99,5,10,15,100,14,114,2.16,"ALEXANDRIA POLICE DEPARTMENT                      ","Alexandria Police Department"
"7171",1981,"LA0130000","Catahoula",NA,"LA","West South Central","South","CATAHOULA","County","Non-MSA counties under 10,000",9649,14,0,14,3,1,4,17,1,18,1.87,"CATAHOULA PARISH SHERIFF'S OFFICE                 ","Catahoula Parish Sheriff's Office"
"7172",1981,"LA0370300","Sterlington",NA,"LA","West South Central","South","OUACHITA","City","Cities under 2,500",1384,2,0,2,0,0,0,2,0,2,1.45,"STERLINGTON POLICE DEPARTMENT                     ","Sterlington Police Department"
"7173",1981,"LA0390100","New Roads",NA,"LA","West South Central","South","POINTE COUPEE","City","Cities from 2,500 thru 9,999",4011,8,0,8,0,0,0,8,0,8,1.99,"NEW ROADS POLICE DEPARTMENT                       ","New Roads Police Department"
"7174",1981,"LA0280000","Lafayette",NA,"LA","West South Central","South","LAFAYETTE","County","MSA counties from 25,000 thru 99,999",70879,161,0,161,32,0,32,193,0,193,2.72,"LAFAYETTE PARISH SHERIFF'S OFFICE                 ","Lafayette Parish Sheriff's Office"
"7175",1981,"LA0490200","Opelousas",NA,"LA","West South Central","South","ST LANDRY","City","Cities from 10,000 thru 24,999",19482,37,0,37,2,2,4,39,2,41,2.1,"OPELOUSAS POLICE DEPARTMENT                       ","Opelousas Police Department"
"7176",1981,"LA0320000","Livingston",NA,"LA","West South Central","South","LIVINGSTON","County","MSA counties from 25,000 thru 99,999",50985,52,0,52,18,0,18,70,0,70,1.37,"LIVINGSTON PARISH SHERIFF'S OFFICE                ","Livingston Parish Sheriff's Office"
"7177",1981,"LA0200200","Mamou",NA,"LA","West South Central","South","EVANGELINE","City","Cities from 2,500 thru 9,999",3271,9,0,9,2,0,2,11,0,11,3.36,"MAMOU POLICE DEPARTMENT                           ","Mamou Police Department"
"7178",1981,"LA0590100","Bogalusa",NA,"LA","West South Central","South","WASHINGTON","City","Cities from 10,000 thru 24,999",17301,30,2,32,2,7,9,32,9,41,2.37,"BOGALUSA POLICE DEPARTMENT                        ","Bogalusa Police Department"
"7179",1981,"LA0590000","Washington",NA,"LA","West South Central","South","WASHINGTON","County","Non-MSA counties from 10,000 thru 24,999",23977,40,0,40,11,0,11,51,0,51,2.13,"WASHINGTON PARISH SHERIFF'S OFFICE                ","Washington Parish Sheriff's Office"
"7180",1981,"LA0120000","Cameron",NA,"LA","West South Central","South","CAMERON","County","Non-MSA counties under 10,000",9486,52,0,52,8,0,8,60,0,60,6.33,"CAMERON PARISH SHERIFF'S OFFICE                   ","Cameron Parish Sheriff's Office"
"7181",1981,"LA0610100","Port Allen",NA,"LA","West South Central","South","WEST BATON ROUGE","City","Cities from 2,500 thru 9,999",6249,17,0,17,3,0,3,20,0,20,3.2,"PORT ALLEN POLICE DEPARTMENT                      ","Port Allen Police Department"
"7182",1981,"LA0340000","Morehouse",NA,"LA","West South Central","South","MOREHOUSE","County","Non-MSA counties from 10,000 thru 24,999",18845,23,1,24,0,6,6,23,7,30,1.59,"MOREHOUSE PARISH SHERIFF'S OFFICE                 ","Morehouse Parish Sheriff's Office"
"7183",1981,"LA0510500","Baldwin",NA,"LA","West South Central","South","ST MARY","City","Cities from 2,500 thru 9,999",2723,4,1,5,0,0,0,4,1,5,1.84,"BALDWIN POLICE DEPARTMENT                         ","Baldwin Police Department"
"7184",1981,"LA0640000","Winn",NA,"LA","West South Central","South","WINN","County","Non-MSA counties from 10,000 thru 24,999",10175,17,0,17,5,0,5,22,0,22,2.16,"WINN PARISH SHERIFF'S OFFICE                      ","Winn Parish Sheriff's Office"
"7185",1981,"LA0290000","Lafourche",NA,"LA","West South Central","South","LAFOURCHE","County","Non-MSA counties from 25,000 thru 99,999",63542,80,16,96,4,15,19,84,31,115,1.81,"LAFOURCHE PARISH SHERIFF'S OFFICE                 ","Lafourche Parish Sheriff's Office"
"7186",1981,"LA0030200","Gonzales",NA,"LA","West South Central","South","ASCENSION","City","Cities from 2,500 thru 9,999",7488,23,0,23,6,0,6,29,0,29,3.87,"GONZALES POLICE DEPARTMENT                        ","Gonzales Police Department"
"7187",1981,"LANPD0000","New Orleans",NA,"LA","West South Central","South","ORLEANS","City","Cities from 500,000 thru 999,999",571771,1254,243,1497,82,298,380,1336,541,1877,3.28,"NEW ORLEANS POLICE DEPARTMENT                     ","New Orleans Police Department"
"7188",1981,"LA0100200","Lake Charles",NA,"LA","West South Central","South","CALCASIEU","City","Cities from 50,000 thru 99,999",77520,96,2,98,16,5,21,112,7,119,1.54,"LAKE CHARLES POLICE DEPARTMENT                    ","Lake Charles Police Department"
"7189",1981,"LA0080000","Bossier",NA,"LA","West South Central","South","BOSSIER","County","MSA counties from 25,000 thru 99,999",30137,39,0,39,10,1,11,49,1,50,1.66,"BOSSIER PARISH SHERIFF'S OFFICE                   ","Bossier Parish Sheriff's Office"
"7190",1981,"LA0340500","Oak Ridge",NA,"LA","West South Central","South","MOREHOUSE","City","Cities under 2,500",260,1,1,2,0,0,0,1,1,2,7.69,"OAK RIDGE POLICE DEPT                             ","Oak Ridge Police Police Department"
"7191",1981,"LA0140000","Claiborne",NA,"LA","West South Central","South","CLAIBORNE","County","Non-MSA counties under 10,000",9575,13,1,14,4,0,4,17,1,18,1.88,"CLAIBORNE PARISH SHERIFF'S OFFICE                 ","Claiborne Parish Sheriff's Office"
"7192",1981,"LA0090100","Shreveport",NA,"LA","West South Central","South","BOSSIER, CADDO","City","Cities from 100,000 thru 249,999",199664,350,23,373,30,63,93,380,86,466,2.33,"SHREVEPORT POLICE DEPARTMENT                      ","Shreveport Police Department"
"7193",1981,"LA0580000","Vernon",NA,"LA","West South Central","South","VERNON","County","Non-MSA counties from 25,000 thru 99,999",45115,32,0,32,8,0,8,40,0,40,0.89,"VERNON PARISH SHERIFF'S OFFICE                    ","Vernon Parish Sheriff's Office"
"7194",1981,"LA0510100","Berwick",NA,"LA","West South Central","South","ST MARY","City","Cities from 2,500 thru 9,999",4567,9,0,9,0,0,0,9,0,9,1.97,"BERWICK POLICE DEPARTMENT                         ","Berwick Police Department"
"7195",1981,"LA0510200","Franklin",NA,"LA","West South Central","South","ST MARY","City","Cities from 2,500 thru 9,999",9896,13,0,13,1,5,6,14,5,19,1.92,"FRANKLIN POLICE DEPARTMENT                        ","Franklin Police Department"
"7196",1981,"LA0100400","Vinton",NA,"LA","West South Central","South","CALCASIEU","City","Cities from 2,500 thru 9,999",3624,8,0,8,1,0,1,9,0,9,2.48,"VINTON POLICE DEPARTMENT                          ","Vinton Police Department"
"7197",1981,"LA0050000","Avoyelles",NA,"LA","West South Central","South","AVOYELLES","County","Non-MSA counties from 25,000 thru 99,999",29477,21,0,21,11,0,11,32,0,32,1.09,"AVOYELLES PARISH SHERIFF'S OFFICE                 ","Avoyelles Parish Sheriff's Office"
"7198",1981,"LA0400200","Pineville",NA,"LA","West South Central","South","RAPIDES","City","Cities from 10,000 thru 24,999",12190,22,0,22,2,0,2,24,0,24,1.97,"PINEVILLE POLICE DEPARTMENT                       ","Pineville Police Department"
"7199",1981,"LA0270200","Jennings",NA,"LA","West South Central","South","JEFFERSON DAVIS","City","Cities from 10,000 thru 24,999",12737,17,0,17,8,0,8,25,0,25,1.96,"JENNINGS POLICE DEPARTMENT                        ","Jennings Police Department"
"7200",1981,"LA0450000","St. Charles",NA,"LA","West South Central","South","ST CHARLES","County","Non-MSA counties from 25,000 thru 99,999",38370,74,13,87,4,43,47,78,56,134,3.49,"ST. CHARLES PARISH SHERIFF'S OFFICE               ","St. Charles Parish Sheriff's Office"
"7201",1981,"LA0300100","Jena",NA,"LA","West South Central","South","LA SALLE","City","Cities from 2,500 thru 9,999",3213,4,0,4,1,0,1,5,0,5,1.56,"JENA POLICE DEPARTMENT                            ","Jena Police Department"
"7202",1981,"LA0470000","St. James",NA,"LA","West South Central","South","ST JAMES","County","Non-MSA counties from 10,000 thru 24,999",22002,44,0,44,11,0,11,55,0,55,2.5,"ST. JAMES PARISH SHERIFF'S OFFICE                 ","St. James Parish Sheriff's Office"
"7203",1981,"LA0370000","Ouachita",NA,"LA","West South Central","South","OUACHITA","County","MSA counties from 25,000 thru 99,999",68032,91,0,91,30,0,30,121,0,121,1.78,"OUACHITA PARISH SHERIFF'S OFFICE                  ","Ouachita Parish Sheriff's Office"
"7204",1981,"LA0510000","St. Mary",NA,"LA","West South Central","South","ST MARY","County","Non-MSA counties from 25,000 thru 99,999",27640,62,0,62,23,0,23,85,0,85,3.08,"ST. MARY PARISH SHERIFF'S OFFICE                  ","St. Mary Parish Sheriff's Office"
"7205",1981,"LA0510300","Morgan City",NA,"LA","West South Central","South","ST MARY","City","Cities from 10,000 thru 24,999",16612,44,1,45,2,6,8,46,7,53,3.19,"MORGAN CITY POLICE DEPARTMENT                     ","Morgan City Police Department"
"7206",1981,"LA0350000","Natchitoches",NA,"LA","West South Central","South","NATCHITOCHES","County","Non-MSA counties from 10,000 thru 24,999",23131,35,0,35,5,1,6,40,1,41,1.77,"NATCHITOCHES PARISH SHERIFF'S OFFICE              ","Natchitoches Parish Sheriff's Office"
"7207",1981,"LA0130100","Jonesville",NA,"LA","West South Central","South","CATAHOULA","City","Cities from 2,500 thru 9,999",2890,8,0,8,3,0,3,11,0,11,3.81,"JONESVILLE POLICE DEPARTMENT                      ","Jonesville Police Department"
"7208",1981,"LA0150100","Ferriday",NA,"LA","West South Central","South","CONCORDIA","City","Cities from 2,500 thru 9,999",4517,10,0,10,2,0,2,12,0,12,2.66,"FERRIDAY POLICE DEPARTMENT                        ","Ferriday Police Department"
"7209",1981,"LA0550100","Houma",NA,"LA","West South Central","South","TERREBONNE","City","Cities from 25,000 thru 49,999",33496,56,4,60,5,18,23,61,22,83,2.48,"HOUMA POLICE DEPARTMENT                           ","Houma Police Department"
"7210",1981,"LA0340100","Bastrop",NA,"LA","West South Central","South","MOREHOUSE","City","Cities from 10,000 thru 24,999",15792,28,1,29,5,4,9,33,5,38,2.41,"BASTROP POLICE DEPARTMENT                         ","Bastrop Police Department"
"7211",1981,"LA0290300","Lockport",NA,"LA","West South Central","South","LAFOURCHE","City","Cities under 2,500",2493,6,0,6,0,0,0,6,0,6,2.41,"LOCKPORT POLICE DEPARTMENT                        ","Lockport Police Department"
"7212",1981,"LA0260200","Harahan",NA,"LA","West South Central","South","JEFFERSON","City","Cities from 10,000 thru 24,999",11572,15,0,15,4,1,5,19,1,20,1.73,"HARAHAN POLICE DEPARTMENT                         ","Harahan Police Department"
"7213",1981,"LA0420000","Richland",NA,"LA","West South Central","South","RICHLAND","County","Non-MSA counties from 10,000 thru 24,999",13716,16,0,16,4,0,4,20,0,20,1.46,"RICHLAND PARISH SHERIFF'S OFFICE                  ","Richland Parish Sheriff's Office"
"7214",1981,"LA0190000","East Feliciana",NA,"LA","West South Central","South","EAST FELICIANA","County","Non-MSA counties from 10,000 thru 24,999",16091,8,0,8,6,0,6,14,0,14,0.87,"EAST FELICIANA PARISH SHERIFF'S OFFICE            ","East Feliciana Parish Sheriff's Office"
"7215",1981,"LA0250100","Jonesboro",NA,"LA","West South Central","South","JACKSON","City","Cities from 2,500 thru 9,999",4996,9,0,9,3,0,3,12,0,12,2.4,"JONESBORO POLICE DEPARTMENT                       ","Jonesboro Police Department"
"7216",1981,"LA0240200","Plaquemine",NA,"LA","West South Central","South","IBERVILLE","City","Cities from 2,500 thru 9,999",7681,21,0,21,6,0,6,27,0,27,3.52,"PLAQUEMINE POLICE DEPARTMENT                      ","Plaquemine Police Department"
"7217",1981,"LA0350100","Natchitoches",NA,"LA","West South Central","South","NATCHITOCHES","City","Cities from 10,000 thru 24,999",17097,31,0,31,8,0,8,39,0,39,2.28,"NATCHITOCHES POLICE DEPARTMENT                    ","Natchitoches Police Department"
"7218",1981,"LA0300000","La Salle",NA,"LA","West South Central","South","LA SALLE","County","Non-MSA counties from 10,000 thru 24,999",13961,22,0,22,7,0,7,29,0,29,2.08,"LA SALLE PARISH SHERIFF'S OFFICE                  ","La Salle Parish Sheriff's Office"
"7219",1981,"LA0240000","Iberville",NA,"LA","West South Central","South","IBERVILLE","County","Non-MSA counties from 25,000 thru 99,999",25100,58,0,58,57,0,57,115,0,115,4.58,"IBERVILLE PARISH SHERIFF'S OFFICE                 ","Iberville Parish Sheriff's Office"
"7220",1981,"LA0310000","Lincoln",NA,"LA","West South Central","South","LINCOLN","County","Non-MSA counties from 10,000 thru 24,999",14137,20,0,20,4,2,6,24,2,26,1.84,"LINCOLN PARISH SHERIFF'S OFFICE                   ","Lincoln Parish Sheriff's Office"
"7221",1981,"LA0330100","Tallulah",NA,"LA","West South Central","South","MADISON","City","Cities from 10,000 thru 24,999",10151,14,0,14,6,0,6,20,0,20,1.97,"TALLULAH POLICE DEPT.                             ","Tallulah Police Police Department"
"7222",1981,"LA0090200","Vivian",NA,"LA","West South Central","South","CADDO","City","Cities from 2,500 thru 9,999",4209,9,0,9,3,0,3,12,0,12,2.85,"VIVIAN POLICE DEPARTMENT                          ","Vivian Police Department"
"7223",1981,"LA0200300","Ville Platte",NA,"LA","West South Central","South","EVANGELINE","City","Cities from 2,500 thru 9,999",9413,22,0,22,1,0,1,23,0,23,2.44,"VILLE PLATTE POLICE DEPARTMENT                    ","Ville Platte Police Department"
"7224",1981,"LA0100500","Westlake",NA,"LA","West South Central","South","CALCASIEU","City","Cities from 2,500 thru 9,999",5399,9,0,9,1,3,4,10,3,13,2.41,"WESTLAKE POLICE DEPARTMENT                        ","Westlake Police Department"
"7225",1981,"LA0530200","Kentwood",NA,"LA","West South Central","South","TANGIPAHOA","City","Cities from 2,500 thru 9,999",2744,8,0,8,1,0,1,9,0,9,3.28,"KENTWOOD POLICE DEPARTMENT                        ","Kentwood Police Department"
"7226",1981,"LA0560100","Farmerville",NA,"LA","West South Central","South","UNION","City","Cities from 2,500 thru 9,999",3864,9,0,9,1,0,1,10,0,10,2.59,"FARMERVILLE POLICE DEPARTMENT                     ","Farmerville Police Department"
"7227",1981,"LA0600200","Springhill",NA,"LA","West South Central","South","WEBSTER","City","Cities from 2,500 thru 9,999",6671,10,0,10,1,0,1,11,0,11,1.65,"SPRINGHILL POLICE DEPARTMENT                      ","Springhill Police Department"
"7228",1981,"LA0190200","Jackson",NA,"LA","West South Central","South","EAST FELICIANA","City","Cities from 2,500 thru 9,999",3194,3,0,3,0,0,0,3,0,3,0.94,"JACKSON POLICE DEPARTMENT                         ","Jackson Police Department"
"7229",1981,"LA0600100","Minden",NA,"LA","West South Central","South","WEBSTER","City","Cities from 10,000 thru 24,999",15509,19,0,19,2,1,3,21,1,22,1.42,"MINDEN POLICE DEPARTMENT                          ","Minden Police Department"
"7230",1981,"LA0160100","Mansfield",NA,"LA","West South Central","South","DE SOTO","City","Cities from 2,500 thru 9,999",6642,12,0,12,0,0,0,12,0,12,1.81,"MANSFIELD POLICE DEPARTMENT                       ","Mansfield Police Department"
"7231",1981,"LA0230200","Jeanerette",NA,"LA","West South Central","South","IBERIA","City","Cities from 2,500 thru 9,999",6642,6,0,6,5,0,5,11,0,11,1.66,"JEANERETTE POLICE DEPARTMENT                      ","Jeanerette Police Department"
"7232",1981,"LA0420100","Delhi",NA,"LA","West South Central","South","RICHLAND","City","Cities from 2,500 thru 9,999",3372,6,0,6,0,0,0,6,0,6,1.78,"DELHI POLICE DEPARTMENT                           ","Delhi Police Department"
"7233",1981,"LA0380000","Plaquemines",NA,"LA","West South Central","South","PLAQUEMINES","County","Non-MSA counties from 25,000 thru 99,999",26689,72,1,73,12,2,14,84,3,87,3.26,"PLAQUEMINES PARISH SHERIFF'S OFFICE               ","Plaquemines Parish Sheriff's Office"
"7234",1981,"LA0020100","Kinder",NA,"LA","West South Central","South","ALLEN","City","Cities from 2,500 thru 9,999",2673,4,0,4,0,0,0,4,0,4,1.5,"KINDER POLICE DEPARTMENT                          ","Kinder Police Department"
"7235",1981,"LA0540200","Waterproof",NA,"LA","West South Central","South","TENSAS","City","Cities under 2,500",1341,1,0,1,0,0,0,1,0,1,0.75,"WATERPROOF POLICE DEPARTMENT                      ","Waterproof Police Department"
"7236",1981,"LA0520200","Slidell",NA,"LA","West South Central","South","ST TAMMANY","City","Cities from 25,000 thru 49,999",27334,40,1,41,11,1,12,51,2,53,1.94,"SLIDELL POLICE DEPARTMENT                         ","Slidell Police Department"
"7237",1981,"LA0560000","Union",NA,"LA","West South Central","South","UNION","County","Non-MSA counties from 10,000 thru 24,999",17539,16,0,16,3,0,3,19,0,19,1.08,"UNION PARISH SHERIFF'S OFFICE                     ","Union Parish Sheriff's Office"
"7238",1981,"LA0500200","St. Martinville",NA,"LA","West South Central","South","ST MARTIN","City","Cities from 2,500 thru 9,999",8108,10,0,10,6,0,6,16,0,16,1.97,"ST. MARTINVILLE POLICE DEPARTMENT                 ","St. Martinville Police Department"
"7239",1981,"LA0230300","New Iberia",NA,"LA","West South Central","South","IBERIA","City","Cities from 25,000 thru 49,999",33496,42,3,45,2,9,11,44,12,56,1.67,"NEW IBERIA PD                                     ","New Iberia Police Department"
"7240",1981,"LA0640100","Winnfield",NA,"LA","West South Central","South","WINN","City","Cities from 2,500 thru 9,999",7497,12,0,12,0,0,0,12,0,12,1.6,"WINNFIELD POLICE DEPT                             ","Winnfield Police Police Department"
"7241",1981,"LA0530100","Hammond",NA,"LA","West South Central","South","TANGIPAHOA","City","Cities from 10,000 thru 24,999",15143,32,4,36,5,0,5,37,4,41,2.71,"HAMMOND POLICE DEPARTMENT                         ","Hammond Police Department"
"7242",1981,"LA0170300","Zachary",NA,"LA","West South Central","South","EAST BATON ROUGE","City","Cities from 2,500 thru 9,999",7430,14,0,14,2,0,2,16,0,16,2.15,"ZACHARY POLICE DEPARTMENT                         ","Zachary Police Department"
"7243",1981,"LA0570100","Abbeville",NA,"LA","West South Central","South","VERMILION","City","Cities from 10,000 thru 24,999",12705,20,0,20,7,0,7,27,0,27,2.13,"ABBEVILLE POLICE DEPARTMENT                       ","Abbeville Police Department"
"7244",1981,"LA0150000","Concordia",NA,"LA","West South Central","South","CONCORDIA","County","Non-MSA counties from 10,000 thru 24,999",12850,15,0,15,2,2,4,17,2,19,1.48,"CONCORDIA PARISH SHERIFF'S OFFICE                 ","Concordia Parish Sheriff's Office"
"7245",1981,"LA0070100","Arcadia",NA,"LA","West South Central","South","BIENVILLE","City","Cities from 2,500 thru 9,999",3436,6,0,6,0,0,0,6,0,6,1.75,"ARCADIA POLICE DEPARTMENT                         ","Arcadia Police Department"
"7246",1981,"LA0060000","Beauregard",NA,"LA","West South Central","South","BEAUREGARD","County","Non-MSA counties from 10,000 thru 24,999",19042,26,0,26,9,0,9,35,0,35,1.84,"BEAUREGARD PARISH SHERIFF'S OFFICE                ","Beauregard Parish Sheriff's Office"
"7247",1981,"LA0010200","Rayne",NA,"LA","West South Central","South","ACADIA","City","Cities from 2,500 thru 9,999",9347,24,0,24,0,0,0,24,0,24,2.57,"RAYNE POLICE DEPARTMENT                           ","Rayne Police Department"
"7248",1981,"LA0550000","Terrebonne",NA,"LA","West South Central","South","TERREBONNE","County","Non-MSA counties from 25,000 thru 99,999",63616,89,0,89,29,0,29,118,0,118,1.85,"TERREBONNE PARISH SHERIFF'S OFFICE                ","Terrebonne Parish Sheriff's Office"
"7249",1981,"LA0401000","Ball",NA,"LA","West South Central","South","RAPIDES","City","Cities from 2,500 thru 9,999",3482,3,0,3,0,0,0,3,0,3,0.86,"BALL POLICE DEPARTMENT                            ","Ball Police Department"
"7250",1981,"LA0320100","Denham Springs",NA,"LA","West South Central","South","LIVINGSTON","City","Cities from 2,500 thru 9,999",8580,14,0,14,4,0,4,18,0,18,2.1,"DENHAM SPRINGS POLICE DEPARTMENT                  ","Denham Springs Police Department"
"7251",1981,"LA0530300","Ponchatoula",NA,"LA","West South Central","South","TANGIPAHOA","City","Cities from 2,500 thru 9,999",5555,9,0,9,3,0,3,12,0,12,2.16,"PONCHATOULA POLICE DEPARTMENT                     ","Ponchatoula Police Department"
"7252",1981,"LA0590200","Franklinton",NA,"LA","West South Central","South","WASHINGTON","City","Cities from 2,500 thru 9,999",4271,3,0,3,11,0,11,14,0,14,3.28,"FRANKLINTON POLICE DEPARTMENT                     ","Franklinton Police Department"
"7253",1981,"LA0580100","Leesville",NA,"LA","West South Central","South","VERNON","City","Cities from 2,500 thru 9,999",9275,22,0,22,6,0,6,28,0,28,3.02,"LEESVILLE POLICE DEPARTMENT                       ","Leesville Police Department"
"7254",1981,"LA0340400","Collinston",NA,"LA","West South Central","South","MOREHOUSE","City","Cities under 2,500",449,1,1,2,0,0,0,1,1,2,4.45,"COLLINSTON POLICE DEPT                            ","Collinston Police Police Department"
"7255",1981,"LA0540000","Tensas",NA,"LA","West South Central","South","TENSAS","County","Non-MSA counties under 10,000",7354,12,0,12,3,2,5,15,2,17,2.31,"TENSAS PARISH SHERIFF'S OFFICE                    ","Tensas Parish Sheriff's Office"
"7256",1981,"LA0170200","Baton Rouge",NA,"LA","West South Central","South","EAST BATON ROUGE","City","Cities from 100,000 thru 249,999",224667,512,12,524,91,93,184,603,105,708,3.15,"BATON ROUGE POLICE DEPARTMENT                     ","Baton Rouge Police Department"
"7257",1981,"LA0520000","St. Tammany",NA,"LA","West South Central","South","ST TAMMANY","County","MSA counties from 25,000 thru 99,999",71081,112,0,112,54,0,54,166,0,166,2.34,"ST. TAMMANY PARISH SHERIFF'S OFFICE               ","St. Tammany Parish Sheriff's Office"
"7258",1981,"LA0620000","West Carroll",NA,"LA","West South Central","South","WEST CARROLL","County","Non-MSA counties from 10,000 thru 24,999",10841,9,0,9,3,0,3,12,0,12,1.11,"WEST CARROLL PARISH SHERIFF'S OFFICE              ","West Carroll Parish Sheriff's Office"
"7259",1981,"LA0030000","Ascension",NA,"LA","West South Central","South","ASCENSION","County","MSA counties from 25,000 thru 99,999",37185,55,2,57,22,2,24,77,4,81,2.18,"ASCENSION PARISH SHERIFF'S OFFICE                 ","Ascension Parish Sheriff's Office"
"7260",1981,"LA0100100","De Quincy",NA,"LA","West South Central","South","CALCASIEU","City","Cities from 2,500 thru 9,999",4023,6,0,6,2,0,2,8,0,8,1.99,"DEQUINCY POLICE DEPARTMENT                        ","Dequincy Police Department"
"7261",1981,"LA0140100","Haynesville",NA,"LA","West South Central","South","CLAIBORNE","City","Cities from 2,500 thru 9,999",3560,7,0,7,0,0,0,7,0,7,1.97,"HAYNESVILLE POLICE DEPT                           ","Haynesville Police Police Department"
"7262",1981,"LA0050100","Bunkie",NA,"LA","West South Central","South","AVOYELLES","City","Cities from 2,500 thru 9,999",5588,9,0,9,3,0,3,12,0,12,2.15,"BUNKIE POLICE DEPARTMENT                          ","Bunkie Police Department"
"7263",1981,"LA0170100","Baker",NA,"LA","West South Central","South","EAST BATON ROUGE","City","Cities from 10,000 thru 24,999",11121,23,0,23,2,0,2,25,0,25,2.25,"BAKER POLICE DEPARTMENT                           ","Baker Police Department"
"7264",1981,"LA0390000","Pointe Coupee",NA,"LA","West South Central","South","POINTE COUPEE","County","Non-MSA counties from 10,000 thru 24,999",20686,21,0,21,9,0,9,30,0,30,1.45,"POINTE COUPEE PARISH SHERIFF'S OFFICE             ","Pointe Coupee Parish Sheriff's Office"
"7265",1981,"LA0110000","Caldwell",NA,"LA","West South Central","South","CALDWELL","County","Non-MSA counties from 10,000 thru 24,999",10997,17,1,18,3,2,5,20,3,23,2.09,"CALDWELL PARISH SHERIFF'S OFFICE                  ","Caldwell Parish Sheriff's Office"
"7266",1981,"LA0260000","Jefferson",NA,"LA","West South Central","South","JEFFERSON","County","MSA counties 100,000 or over",350282,542,192,734,70,221,291,612,413,1025,2.93,"JEFFERSON PARISH SHERIFF'S OFFICE                 ","Jefferson Parish Sheriff's Office"
"7267",1981,"LA0510400","Patterson",NA,"LA","West South Central","South","ST MARY","City","Cities from 2,500 thru 9,999",4703,10,0,10,4,0,4,14,0,14,2.98,"PATTERSON POLICE DEPARTMENT                       ","Patterson Police Department"
"7268",1981,"LA0610000","West Baton Rouge",NA,"LA","West South Central","South","WEST BATON ROUGE","County","MSA counties from 10,000 thru 24,999",13209,33,3,36,0,6,6,33,9,42,3.18,"WEST BATON ROUGE PARISH SHERIFF'S OFFICE          ","West Baton Rouge Parish Sheriff's Office"
"7269",1981,"LA0280300","Lafayette",NA,"LA","West South Central","South","LAFAYETTE","City","Cities from 50,000 thru 99,999",81508,124,7,131,9,25,34,133,32,165,2.02,"LAFAYETTE POLICE DEPARTMENT                       ","Lafayette Police Department"
"7270",1981,"LA0600000","Webster",NA,"LA","West South Central","South","WEBSTER","County","MSA counties from 10,000 thru 24,999",22411,28,0,28,6,0,6,34,0,34,1.52,"WEBSTER PARISH SHERIFF'S OFFICE                   ","Webster Parish Sheriff's Office"
"7271",1981,"LA0050300","Simmesport",NA,"LA","West South Central","South","AVOYELLES","City","Cities under 2,500",2381,3,0,3,0,0,0,3,0,3,1.26,"SIMMESPORT POLICE DEPT.                           ","Simmesport Police Police Department"
"7272",1981,"LA0180100","Lake Providence",NA,"LA","West South Central","South","EAST CARROLL","City","Cities from 2,500 thru 9,999",6550,6,2,8,4,1,5,10,3,13,1.98,"LAKE PROVIDENCE POLICE DEPARTMENT                 ","Lake Providence Police Department"
"7273",1981,"LA0070000","Bienville",NA,"LA","West South Central","South","BIENVILLE","County","Non-MSA counties from 10,000 thru 24,999",13099,15,2,17,3,2,5,18,4,22,1.68,"BIENVILLE PARISH SHERIFF'S OFFICE                 ","Bienville Parish Sheriff's Office"
"7274",1981,"LA0010000","Acadia",NA,"LA","West South Central","South","ACADIA","County","Non-MSA counties from 25,000 thru 99,999",27122,41,0,41,11,0,11,52,0,52,1.92,"ACADIA PARISH SHERIFF'S OFFICE                    ","Acadia Parish Sheriff's Office"
"7275",1981,"LA0140200","Homer",NA,"LA","West South Central","South","CLAIBORNE","City","Cities from 2,500 thru 9,999",4428,8,0,8,1,0,1,9,0,9,2.03,"HOMER POLICE DEPARTMENT                           ","Homer Police Department"
"7276",1981,"LA0020000","Allen",NA,"LA","West South Central","South","ALLEN","County","Non-MSA counties from 10,000 thru 24,999",11948,23,0,23,6,1,7,29,1,30,2.51,"ALLEN PARISH SHERIFF'S OFFICE                     ","Allen Parish Sheriff's Office"
"7277",1981,"LA0500000","St. Martin",NA,"LA","West South Central","South","ST MARTIN","County","Non-MSA counties from 25,000 thru 99,999",26331,32,0,32,14,0,14,46,0,46,1.75,"ST. MARTIN PARISH SHERIFF'S OFFICE                ","St. Martin Parish Sheriff's Office"
"7278",1981,"LA0490100","Eunice",NA,"LA","West South Central","South","ACADIA, ST LANDRY","City","Cities from 10,000 thru 24,999",12733,26,0,26,4,0,4,30,0,30,2.36,"EUNICE POLICE DEPARTMENT                          ","Eunice Police Department"
"7279",1981,"LA0420300","Mangham",NA,"LA","West South Central","South","RICHLAND","City","Cities under 2,500",897,2,0,2,0,0,0,2,0,2,2.23,"MANGHAM POLICE DEPARTMENT                         ","Mangham Police Department"
"7280",1981,"LA0500300","Parks",NA,"LA","West South Central","South","ST MARTIN","City","Cities under 2,500",552,1,0,1,0,0,0,1,0,1,1.81,"PARKS POLICE DEPARTMENT                           ","Parks Police Department"
"7281",1981,"LA0410000","Red River",NA,"LA","West South Central","South","RED RIVER","County","Non-MSA counties from 10,000 thru 24,999",10601,10,0,10,2,0,2,12,0,12,1.13,"RED RIVER PARISH SHERIFF'S OFFICE                 ","Red River Parish Sheriff's Office"
"7282",1981,"LA0460000","St. Helena",NA,"LA","West South Central","South","ST HELENA","County","Non-MSA counties from 10,000 thru 24,999",10142,10,0,10,2,0,2,12,0,12,1.18,"ST. HELENA PARISH SHERIFF'S OFFICE                ","St. Helena Parish Sheriff's Office"
"7283",1981,"LA0070800","Bienville",NA,"LA","West South Central","South","BIENVILLE","City","Cities under 2,500",255,1,0,1,0,0,0,1,0,1,3.92,"BIENVILLE PD                                      ","Bienville Police Department"
"7284",1981,"LA0370100","Monroe",NA,"LA","West South Central","South","OUACHITA","City","Cities from 50,000 thru 99,999",57752,93,3,96,8,28,36,101,31,132,2.29,"MONROE POLICE DEPARTMENT                          ","Monroe Police Department"
"7285",1981,"LA0420200","Rayville",NA,"LA","West South Central","South","RICHLAND","City","Cities from 2,500 thru 9,999",4666,7,0,7,0,0,0,7,0,7,1.5,"RAYVILLE POLICE DEPARTMENT                        ","Rayville Police Department"
"7286",1981,"LA0020200","Oakdale",NA,"LA","West South Central","South","ALLEN","City","Cities from 2,500 thru 9,999",7285,12,0,12,4,0,4,16,0,16,2.2,"OAKDALE POLICE DEPARTMENT                         ","Oakdale Police Department"
"7287",1981,"LA0060100","De Ridder",NA,"LA","West South Central","South","BEAUREGARD","City","Cities from 10,000 thru 24,999",11349,17,0,17,5,0,5,22,0,22,1.94,"DERIDDER POLICE DEPARTMENT                        ","Deridder Police Department"
"7288",1981,"LA0370200","West Monroe",NA,"LA","West South Central","South","OUACHITA","City","Cities from 10,000 thru 24,999",15185,39,2,41,7,0,7,46,2,48,3.16,"WEST MONROE POLICE DEPARTMENT                     ","West Monroe Police Department"
"7289",1981,"LA0430200","Zwolle",NA,"LA","West South Central","South","SABINE","City","Cities from 2,500 thru 9,999",2643,4,0,4,0,0,0,4,0,4,1.51,"ZWOLLE POLICE DEPARTMENT                          ","Zwolle Police Department"
"7290",1981,"LA0090000","Caddo",NA,"LA","West South Central","South","CADDO","County","MSA counties from 25,000 thru 99,999",55426,149,0,149,31,0,31,180,0,180,3.25,"CADDO PARISH SHERIFF'S OFFICE                     ","Caddo Parish Sheriff's Office"
"7291",1981,"LA0250000","Jackson",NA,"LA","West South Central","South","JACKSON","County","Non-MSA counties from 10,000 thru 24,999",12854,18,4,22,3,1,4,21,5,26,2.02,"JACKSON PARISH SHERIFF'S OFFICE                   ","Jackson Parish Sheriff's Office"
"7292",1981,"LA0530000","Tangipahoa",NA,"LA","West South Central","South","TANGIPAHOA","County","Non-MSA counties from 25,000 thru 99,999",54444,64,0,64,28,0,28,92,0,92,1.69,"TANGIPAHOA PARISH SHERIFF'S OFFICE                ","Tangipahoa Parish Sheriff's Office"
"7293",1981,"LA0630000","West Feliciana",NA,"LA","West South Central","South","WEST FELICIANA","County","Non-MSA counties from 10,000 thru 24,999",13904,14,0,14,5,0,5,19,0,19,1.37,"WEST FELICIANA PARISH SHERIFF'S OFFICE            ","West Feliciana Parish Sheriff's Office"
"7294",1981,"LA0230400","Loreauville",NA,"LA","West South Central","South","IBERIA","City","Cities under 2,500",884,1,0,1,0,0,0,1,0,1,1.13,"LOREAUVILLE PD                                    ","Loreauville Police Department"
"7295",1981,"LA0220000","Grant",NA,"LA","West South Central","South","GRANT","County","MSA counties from 10,000 thru 24,999",17166,23,1,24,5,1,6,28,2,30,1.75,"GRANT PARISH SHERIFF'S OFFICE                     ","Grant Parish Sheriff's Office"
"7296",1981,"LA0520300","Mandeville",NA,"LA","West South Central","South","ST TAMMANY","City","Cities from 2,500 thru 9,999",6162,13,0,13,4,0,4,17,0,17,2.76,"MANDEVILLE POLICE DEPARTMENT                      ","Mandeville Police Department"
"7297",1981,"LA0080100","Bossier City",NA,"LA","West South Central","South","BOSSIER","City","Cities from 50,000 thru 99,999",52137,92,3,95,10,13,23,102,16,118,2.26,"BOSSIER CITY POLICE DEPT                          ","Bossier City Police Police Department"
"7298",1981,"LA0050200","Marksville",NA,"LA","West South Central","South","AVOYELLES","City","Cities from 2,500 thru 9,999",5037,9,0,9,1,0,1,10,0,10,1.99,"MARKSVILLE POLICE DEPARTMENT                      ","Marksville Police Department"
"7299",1981,"LA0210100","Winnsboro",NA,"LA","West South Central","South","FRANKLIN","City","Cities from 2,500 thru 9,999",6024,7,0,7,0,0,0,7,0,7,1.16,"WINNSBORO POLICE DEPARTMENT                       ","Winnsboro Police Department"
"7300",1981,"LA0570200","Kaplan",NA,"LA","West South Central","South","VERMILION","City","Cities from 2,500 thru 9,999",5113,10,0,10,4,0,4,14,0,14,2.74,"KAPLAN POLICE DEPARTMENT                          ","Kaplan Police Department"
"7301",1981,"LA0200000","Evangeline",NA,"LA","West South Central","South","EVANGELINE","County","Non-MSA counties from 10,000 thru 24,999",21534,24,0,24,13,0,13,37,0,37,1.72,"EVANGELINE PARISH SHERIFF'S OFFICE                ","Evangeline Parish Sheriff's Office"
"7302",1981,"LA0040000","Assumption",NA,"LA","West South Central","South","ASSUMPTION","County","Non-MSA counties from 10,000 thru 24,999",22623,27,0,27,0,6,6,27,6,33,1.46,"ASSUMPTION PARISH SHERIFF'S OFFICE                ","Assumption Parish Sheriff's Office"
"7303",1981,"LA0270400","Welsh",NA,"LA","West South Central","South","JEFFERSON DAVIS","City","Cities from 2,500 thru 9,999",3602,5,1,6,1,0,1,6,1,7,1.94,"WELSH POLICE DEPARTMENT                           ","Welsh Police Department"
"7304",1981,"LA0260300","Kenner",NA,"LA","West South Central","South","JEFFERSON","City","Cities from 50,000 thru 99,999",67904,96,1,97,11,6,17,107,7,114,1.68,"KENNER POLICE DEPARTMENT                          ","Kenner Police Department"
"7305",1981,"LA0150200","Vidalia",NA,"LA","West South Central","South","CONCORDIA","City","Cities from 2,500 thru 9,999",6089,11,0,11,2,0,2,13,0,13,2.13,"VIDALIA POLICE DEPARTMENT                         ","Vidalia Police Department"
"7306",1981,"LA0290500","Thibodaux",NA,"LA","West South Central","South","LAFOURCHE","City","Cities from 10,000 thru 24,999",16151,39,5,44,4,3,7,43,8,51,3.16,"THIBODAUX POLICE DEPARTMENT                       ","Thibodaux Police Department"
"7307",1981,"LA0480000","St. John the Baptist",NA,"LA","West South Central","South","ST JOHN THE BAPTIST","County","Non-MSA counties from 25,000 thru 99,999",32734,56,1,57,15,1,16,71,2,73,2.23,"ST. JOHN THE BAPTIST PARISH SHERIFF'S OFFICE      ","St. John The Baptist Parish Sheriff's Office"
"7308",1981,"LA0620100","Oak Grove",NA,"LA","West South Central","South","WEST CARROLL","City","Cities under 2,500",2258,5,0,5,2,0,2,7,0,7,3.1,"OAK GROVE POLICE DEPARTMENT                       ","Oak Grove Police Department"
"7309",1981,"LA0570000","Vermilion",NA,"LA","West South Central","South","VERMILION","County","Non-MSA counties from 25,000 thru 99,999",31810,44,0,44,11,1,12,55,1,56,1.76,"VERMILION PARISH SHERIFF'S OFFICE                 ","Vermilion Parish Sheriff's Office"
"7310",1981,"LA0030100","Donaldsonville",NA,"LA","West South Central","South","ASCENSION","City","Cities from 2,500 thru 9,999",8135,12,1,13,3,0,3,15,1,16,1.97,"DONALDSONVILLE PD                                 ","Donaldsonville Police Department"
"7311",1981,"LA0310100","Dubach",NA,"LA","West South Central","South","LINCOLN","City","Cities under 2,500",1155,3,0,3,0,0,0,3,0,3,2.6,"DUBACH POLICE DEPT                                ","Dubach Police Police Department"
"7312",1981,"LA0520100","Covington",NA,"LA","West South Central","South","ST TAMMANY","City","Cities from 2,500 thru 9,999",8050,24,0,24,4,0,4,28,0,28,3.48,"COVINGTON POLICE DEPARTMENT                       ","Covington Police Department"
"7313",1981,"LA0430100","Many",NA,"LA","West South Central","South","SABINE","City","Cities from 2,500 thru 9,999",4125,10,0,10,0,0,0,10,0,10,2.42,"MANY POLICE DEPARTMENT                            ","Many Police Department"
"7314",1981,"LA0400000","Rapides",NA,"LA","West South Central","South","RAPIDES","County","MSA counties from 25,000 thru 99,999",69366,93,0,93,16,0,16,109,0,109,1.57,"RAPIDES PARISH SHERIFF'S OFFICE                   ","Rapides Parish Sheriff's Office"
"7315",1981,"LA0010100","Crowley",NA,"LA","West South Central","South","ACADIA","City","Cities from 10,000 thru 24,999",16564,24,0,24,4,1,5,28,1,29,1.75,"CROWLEY POLICE DEPARTMENT                         ","Crowley Police Department"
"7316",1981,"LA0500100","Breaux Bridge",NA,"LA","West South Central","South","ST MARTIN","City","Cities from 2,500 thru 9,999",6087,7,0,7,4,0,4,11,0,11,1.81,"BREAUX BRIDGE POLICE DEPARTMENT                   ","Breaux Bridge Police Department"
"7317",1980,"LA0050200","Marksville",NA,"LA","West South Central","South","AVOYELLES","City","Cities from 2,500 thru 9,999",4914,13,0,13,1,0,1,14,0,14,2.85,"MARKSVILLE POLICE DEPARTMENT                      ","Marksville Police Department"
"7318",1980,"LA0220000","Grant",NA,"LA","West South Central","South","GRANT","County","MSA counties from 10,000 thru 24,999",16746,21,0,21,4,0,4,25,0,25,1.49,"GRANT PARISH SHERIFF'S OFFICE                     ","Grant Parish Sheriff's Office"
"7319",1980,"LA0080100","Bossier City",NA,"LA","West South Central","South","BOSSIER","City","Cities from 50,000 thru 99,999",50860,99,2,101,7,18,25,106,20,126,2.48,"BOSSIER CITY POLICE DEPT                          ","Bossier City Police Police Department"
"7320",1980,"LA0230400","Loreauville",NA,"LA","West South Central","South","IBERIA","City","Cities under 2,500",862,1,0,1,0,0,0,1,0,1,1.16,"LOREAUVILLE PD                                    ","Loreauville Police Department"
"7321",1980,"LA0210100","Winnsboro",NA,"LA","West South Central","South","FRANKLIN","City","Cities from 2,500 thru 9,999",5877,8,0,8,0,0,0,8,0,8,1.36,"WINNSBORO POLICE DEPARTMENT                       ","Winnsboro Police Department"
"7322",1980,"LA0250100","Jonesboro",NA,"LA","West South Central","South","JACKSON","City","Cities from 2,500 thru 9,999",4874,10,0,10,3,0,3,13,0,13,2.67,"JONESBORO POLICE DEPARTMENT                       ","Jonesboro Police Department"
"7323",1980,"LA0240200","Plaquemine",NA,"LA","West South Central","South","IBERVILLE","City","Cities from 2,500 thru 9,999",7493,19,0,19,6,0,6,25,0,25,3.34,"PLAQUEMINE POLICE DEPARTMENT                      ","Plaquemine Police Department"
"7324",1980,"LA0190000","East Feliciana",NA,"LA","West South Central","South","EAST FELICIANA","County","Non-MSA counties from 10,000 thru 24,999",15697,11,0,11,6,0,6,17,0,17,1.08,"EAST FELICIANA PARISH SHERIFF'S OFFICE            ","East Feliciana Parish Sheriff's Office"
"7325",1980,"LA0300000","La Salle",NA,"LA","West South Central","South","LA SALLE","County","Non-MSA counties from 10,000 thru 24,999",13619,18,4,22,6,1,7,24,5,29,2.13,"LA SALLE PARISH SHERIFF'S OFFICE                  ","La Salle Parish Sheriff's Office"
"7326",1980,"LA0530100","Hammond",NA,"LA","West South Central","South","TANGIPAHOA","City","Cities from 10,000 thru 24,999",14772,34,2,36,4,1,5,38,3,41,2.78,"HAMMOND POLICE DEPARTMENT                         ","Hammond Police Department"
"7327",1980,"LA0310000","Lincoln",NA,"LA","West South Central","South","LINCOLN","County","Non-MSA counties from 10,000 thru 24,999",13791,16,2,18,4,0,4,20,2,22,1.6,"LINCOLN PARISH SHERIFF'S OFFICE                   ","Lincoln Parish Sheriff's Office"
"7328",1980,"LA0350100","Natchitoches",NA,"LA","West South Central","South","NATCHITOCHES","City","Cities from 10,000 thru 24,999",16678,28,0,28,8,3,11,36,3,39,2.34,"NATCHITOCHES POLICE DEPARTMENT                    ","Natchitoches Police Department"
"7329",1980,"LA0570100","Abbeville",NA,"LA","West South Central","South","VERMILION","City","Cities from 10,000 thru 24,999",12394,20,0,20,6,0,6,26,0,26,2.1,"ABBEVILLE POLICE DEPARTMENT                       ","Abbeville Police Department"
"7330",1980,"LA0330100","Tallulah",NA,"LA","West South Central","South","MADISON","City","Cities from 2,500 thru 9,999",9902,18,0,18,3,0,3,21,0,21,2.12,"TALLULAH POLICE DEPT.                             ","Tallulah Police Police Department"
"7331",1980,"LA0640100","Winnfield",NA,"LA","West South Central","South","WINN","City","Cities from 2,500 thru 9,999",7313,12,0,12,5,0,5,17,0,17,2.32,"WINNFIELD POLICE DEPT                             ","Winnfield Police Police Department"
"7332",1980,"LA0350000","Natchitoches",NA,"LA","West South Central","South","NATCHITOCHES","County","Non-MSA counties from 10,000 thru 24,999",22565,30,1,31,4,0,4,34,1,35,1.55,"NATCHITOCHES PARISH SHERIFF'S OFFICE              ","Natchitoches Parish Sheriff's Office"
"7333",1980,"LA0150100","Ferriday",NA,"LA","West South Central","South","CONCORDIA","City","Cities from 2,500 thru 9,999",4406,11,2,13,0,2,2,11,4,15,3.4,"FERRIDAY POLICE DEPARTMENT                        ","Ferriday Police Department"
"7334",1980,"LA0510000","St. Mary",NA,"LA","West South Central","South","ST MARY","County","Non-MSA counties from 25,000 thru 99,999",26963,61,0,61,22,0,22,83,0,83,3.08,"ST. MARY PARISH SHERIFF'S OFFICE                  ","St. Mary Parish Sheriff's Office"
"7335",1980,"LA0050000","Avoyelles",NA,"LA","West South Central","South","AVOYELLES","County","Non-MSA counties from 25,000 thru 99,999",28754,24,0,24,7,0,7,31,0,31,1.08,"AVOYELLES PARISH SHERIFF'S OFFICE                 ","Avoyelles Parish Sheriff's Office"
"7336",1980,"LA0590000","Washington",NA,"LA","West South Central","South","WASHINGTON","County","Non-MSA counties from 10,000 thru 24,999",23390,71,0,71,12,2,14,83,2,85,3.63,"WASHINGTON PARISH SHERIFF'S OFFICE                ","Washington Parish Sheriff's Office"
"7337",1980,"LA0590100","Bogalusa",NA,"LA","West South Central","South","WASHINGTON","City","Cities from 10,000 thru 24,999",16877,27,2,29,1,7,8,28,9,37,2.19,"BOGALUSA POLICE DEPARTMENT                        ","Bogalusa Police Department"
"7338",1980,"LA0340100","Bastrop",NA,"LA","West South Central","South","MOREHOUSE","City","Cities from 10,000 thru 24,999",15405,27,1,28,4,4,8,31,5,36,2.34,"BASTROP POLICE DEPARTMENT                         ","Bastrop Police Department"
"7339",1980,"LA0100400","Vinton",NA,"LA","West South Central","South","CALCASIEU","City","Cities from 2,500 thru 9,999",3535,6,3,9,0,1,1,6,4,10,2.83,"VINTON POLICE DEPARTMENT                          ","Vinton Police Department"
"7340",1980,"LA0290300","Lockport",NA,"LA","West South Central","South","LAFOURCHE","City","Cities under 2,500",2432,6,0,6,0,0,0,6,0,6,2.47,"LOCKPORT POLICE DEPARTMENT                        ","Lockport Police Department"
"7341",1980,"LA0570000","Vermilion",NA,"LA","West South Central","South","VERMILION","County","Non-MSA counties from 25,000 thru 99,999",31030,45,0,45,10,0,10,55,0,55,1.77,"VERMILION PARISH SHERIFF'S OFFICE                 ","Vermilion Parish Sheriff's Office"
"7342",1980,"LA0620100","Oak Grove",NA,"LA","West South Central","South","WEST CARROLL","City","Cities under 2,500",2203,5,0,5,2,0,2,7,0,7,3.18,"OAK GROVE POLICE DEPARTMENT                       ","Oak Grove Police Department"
"7343",1980,"LA0310100","Dubach",NA,"LA","West South Central","South","LINCOLN","City","Cities under 2,500",1127,3,0,3,0,0,0,3,0,3,2.66,"DUBACH POLICE DEPT                                ","Dubach Police Police Department"
"7344",1980,"LA0030100","Donaldsonville",NA,"LA","West South Central","South","ASCENSION","City","Cities from 2,500 thru 9,999",7936,13,1,14,3,0,3,16,1,17,2.14,"DONALDSONVILLE PD                                 ","Donaldsonville Police Department"
"7345",1980,"LA0170300","Zachary",NA,"LA","West South Central","South","EAST BATON ROUGE","City","Cities from 2,500 thru 9,999",7248,15,0,15,1,0,1,16,0,16,2.21,"ZACHARY POLICE DEPARTMENT                         ","Zachary Police Department"
"7346",1980,"LA0230300","New Iberia",NA,"LA","West South Central","South","IBERIA","City","Cities from 25,000 thru 49,999",32676,47,3,50,4,8,12,51,11,62,1.9,"NEW IBERIA PD                                     ","New Iberia Police Department"
"7347",1980,"LA0480000","St. John the Baptist",NA,"LA","West South Central","South","ST JOHN THE BAPTIST","County","Non-MSA counties from 25,000 thru 99,999",31932,48,3,51,20,1,21,68,4,72,2.25,"ST. JOHN THE BAPTIST PARISH SHERIFF'S OFFICE      ","St. John The Baptist Parish Sheriff's Office"
"7348",1980,"LA0130100","Jonesville",NA,"LA","West South Central","South","CATAHOULA","City","Cities from 2,500 thru 9,999",2819,8,0,8,3,0,3,11,0,11,3.9,"JONESVILLE POLICE DEPARTMENT                      ","Jonesville Police Department"
"7349",1980,"LA0300100","Jena",NA,"LA","West South Central","South","LA SALLE","City","Cities from 2,500 thru 9,999",3134,4,0,4,1,0,1,5,0,5,1.6,"JENA POLICE DEPARTMENT                            ","Jena Police Department"
"7350",1980,"LA0470000","St. James",NA,"LA","West South Central","South","ST JAMES","County","Non-MSA counties from 10,000 thru 24,999",21463,44,0,44,9,0,9,53,0,53,2.47,"ST. JAMES PARISH SHERIFF'S OFFICE                 ","St. James Parish Sheriff's Office"
"7351",1980,"LA0510200","Franklin",NA,"LA","West South Central","South","ST MARY","City","Cities from 2,500 thru 9,999",9654,15,0,15,6,0,6,21,0,21,2.18,"FRANKLIN POLICE DEPARTMENT                        ","Franklin Police Department"
"7352",1980,"LA0370000","Ouachita",NA,"LA","West South Central","South","OUACHITA","County","MSA counties from 25,000 thru 99,999",63789,88,0,88,33,0,33,121,0,121,1.9,"OUACHITA PARISH SHERIFF'S OFFICE                  ","Ouachita Parish Sheriff's Office"
"7353",1980,"LA0420300","Mangham",NA,"LA","West South Central","South","RICHLAND","City","Cities under 2,500",875,2,4,6,0,1,1,2,5,7,8,"MANGHAM POLICE DEPARTMENT                         ","Mangham Police Department"
"7354",1980,"LA0500300","Parks",NA,"LA","West South Central","South","ST MARTIN","City","Cities under 2,500",538,1,0,1,0,0,0,1,0,1,1.86,"PARKS POLICE DEPARTMENT                           ","Parks Police Department"
"7355",1980,"LA0490100","Eunice",NA,"LA","West South Central","South","ACADIA, ST LANDRY","City","Cities from 10,000 thru 24,999",12421,27,0,27,4,0,4,31,0,31,2.5,"EUNICE POLICE DEPARTMENT                          ","Eunice Police Department"
"7356",1980,"LA0410000","Red River",NA,"LA","West South Central","South","RED RIVER","County","Non-MSA counties from 10,000 thru 24,999",10341,10,0,10,2,0,2,12,0,12,1.16,"RED RIVER PARISH SHERIFF'S OFFICE                 ","Red River Parish Sheriff's Office"
"7357",1980,"LA0090100","Shreveport",NA,"LA","West South Central","South","BOSSIER, CADDO","City","Cities from 100,000 thru 249,999",194773,335,42,377,19,57,76,354,99,453,2.33,"SHREVEPORT POLICE DEPARTMENT                      ","Shreveport Police Department"
"7358",1980,"LA0510300","Morgan City",NA,"LA","West South Central","South","ST MARY","City","Cities from 10,000 thru 24,999",16205,49,0,49,1,6,7,50,6,56,3.46,"MORGAN CITY POLICE DEPARTMENT                     ","Morgan City Police Department"
"7359",1980,"LA0080000","Bossier",NA,"LA","West South Central","South","BOSSIER","County","MSA counties from 25,000 thru 99,999",29398,37,0,37,10,0,10,47,0,47,1.6,"BOSSIER PARISH SHERIFF'S OFFICE                   ","Bossier Parish Sheriff's Office"
"7360",1980,"LA0140000","Claiborne",NA,"LA","West South Central","South","CLAIBORNE","County","Non-MSA counties under 10,000",9340,13,1,14,4,0,4,17,1,18,1.93,"CLAIBORNE PARISH SHERIFF'S OFFICE                 ","Claiborne Parish Sheriff's Office"
"7361",1980,"LA0340000","Morehouse",NA,"LA","West South Central","South","MOREHOUSE","County","Non-MSA counties from 10,000 thru 24,999",18130,26,0,26,7,0,7,33,0,33,1.82,"MOREHOUSE PARISH SHERIFF'S OFFICE                 ","Morehouse Parish Sheriff's Office"
"7362",1980,"LA0290000","Lafourche",NA,"LA","West South Central","South","LAFOURCHE","County","Non-MSA counties from 25,000 thru 99,999",61986,110,0,110,15,0,15,125,0,125,2.02,"LAFOURCHE PARISH SHERIFF'S OFFICE                 ","Lafourche Parish Sheriff's Office"
"7363",1980,"LA0120000","Cameron",NA,"LA","West South Central","South","CAMERON","County","Non-MSA counties under 10,000",9254,52,0,52,8,0,8,60,0,60,6.48,"CAMERON PARISH SHERIFF'S OFFICE                   ","Cameron Parish Sheriff's Office"
"7364",1980,"LA0260000","Jefferson",NA,"LA","West South Central","South","JEFFERSON","County","MSA counties 100,000 or over",341701,542,192,734,70,221,291,612,413,1025,3,"JEFFERSON PARISH SHERIFF'S OFFICE                 ","Jefferson Parish Sheriff's Office"
"7365",1980,"LA0110000","Caldwell",NA,"LA","West South Central","South","CALDWELL","County","Non-MSA counties from 10,000 thru 24,999",10728,20,3,23,3,0,3,23,3,26,2.42,"CALDWELL PARISH SHERIFF'S OFFICE                  ","Caldwell Parish Sheriff's Office"
"7366",1980,"LA0170100","Baker",NA,"LA","West South Central","South","EAST BATON ROUGE","City","Cities from 10,000 thru 24,999",10849,20,0,20,2,0,2,22,0,22,2.03,"BAKER POLICE DEPARTMENT                           ","Baker Police Department"
"7367",1980,"LA0390000","Pointe Coupee",NA,"LA","West South Central","South","POINTE COUPEE","County","Non-MSA counties from 10,000 thru 24,999",20179,18,0,18,3,0,3,21,0,21,1.04,"POINTE COUPEE PARISH SHERIFF'S OFFICE             ","Pointe Coupee Parish Sheriff's Office"
"7368",1980,"LA0050100","Bunkie",NA,"LA","West South Central","South","AVOYELLES","City","Cities from 2,500 thru 9,999",5451,7,0,7,2,0,2,9,0,9,1.65,"BUNKIE POLICE DEPARTMENT                          ","Bunkie Police Department"
"7369",1980,"LA0540000","Tensas",NA,"LA","West South Central","South","TENSAS","County","Non-MSA counties under 10,000",7174,13,0,13,3,0,3,16,0,16,2.23,"TENSAS PARISH SHERIFF'S OFFICE                    ","Tensas Parish Sheriff's Office"
"7370",1980,"LA0030000","Ascension",NA,"LA","West South Central","South","ASCENSION","County","MSA counties from 25,000 thru 99,999",36273,57,1,58,18,2,20,75,3,78,2.15,"ASCENSION PARISH SHERIFF'S OFFICE                 ","Ascension Parish Sheriff's Office"
"7371",1980,"LA0620000","West Carroll",NA,"LA","West South Central","South","WEST CARROLL","County","Non-MSA counties from 10,000 thru 24,999",10575,8,0,8,4,0,4,12,0,12,1.13,"WEST CARROLL PARISH SHERIFF'S OFFICE              ","West Carroll Parish Sheriff's Office"
"7372",1980,"LA0520000","St. Tammany",NA,"LA","West South Central","South","ST TAMMANY","County","MSA counties from 25,000 thru 99,999",69340,101,0,101,44,0,44,145,0,145,2.09,"ST. TAMMANY PARISH SHERIFF'S OFFICE               ","St. Tammany Parish Sheriff's Office"
"7373",1980,"LA0010000","Acadia",NA,"LA","West South Central","South","ACADIA","County","Non-MSA counties from 25,000 thru 99,999",26458,42,0,42,9,0,9,51,0,51,1.93,"ACADIA PARISH SHERIFF'S OFFICE                    ","Acadia Parish Sheriff's Office"
"7374",1980,"LA0020000","Allen",NA,"LA","West South Central","South","ALLEN","County","Non-MSA counties from 10,000 thru 24,999",11656,26,0,26,4,0,4,30,0,30,2.57,"ALLEN PARISH SHERIFF'S OFFICE                     ","Allen Parish Sheriff's Office"
"7375",1980,"LA0500000","St. Martin",NA,"LA","West South Central","South","ST MARTIN","County","Non-MSA counties from 25,000 thru 99,999",25687,34,0,34,12,0,12,46,0,46,1.79,"ST. MARTIN PARISH SHERIFF'S OFFICE                ","St. Martin Parish Sheriff's Office"
"7376",1980,"LA0240000","Iberville",NA,"LA","West South Central","South","IBERVILLE","County","Non-MSA counties from 10,000 thru 24,999",24485,56,0,56,56,0,56,112,0,112,4.57,"IBERVILLE PARISH SHERIFF'S OFFICE                 ","Iberville Parish Sheriff's Office"
"7377",1980,"LA0550100","Houma",NA,"LA","West South Central","South","TERREBONNE","City","Cities from 25,000 thru 49,999",32675,59,3,62,3,17,20,62,20,82,2.51,"HOUMA POLICE DEPARTMENT                           ","Houma Police Department"
"7378",1980,"LA0260200","Harahan",NA,"LA","West South Central","South","JEFFERSON","City","Cities from 10,000 thru 24,999",11289,15,0,15,4,1,5,19,1,20,1.77,"HARAHAN POLICE DEPARTMENT                         ","Harahan Police Department"
"7379",1980,"LA0420000","Richland",NA,"LA","West South Central","South","RICHLAND","County","Non-MSA counties from 10,000 thru 24,999",13380,17,0,17,3,0,3,20,0,20,1.49,"RICHLAND PARISH SHERIFF'S OFFICE                  ","Richland Parish Sheriff's Office"
"7380",1980,"LA0170200","Baton Rouge",NA,"LA","West South Central","South","EAST BATON ROUGE","City","Cities from 100,000 thru 249,999",219164,504,18,522,71,70,141,575,88,663,3.03,"BATON ROUGE POLICE DEPARTMENT                     ","Baton Rouge Police Department"
"7381",1980,"LA0100100","De Quincy",NA,"LA","West South Central","South","CALCASIEU","City","Cities from 2,500 thru 9,999",3924,6,0,6,3,0,3,9,0,9,2.29,"DEQUINCY POLICE DEPARTMENT                        ","Dequincy Police Department"
"7382",1980,"LA0140100","Haynesville",NA,"LA","West South Central","South","CLAIBORNE","City","Cities from 2,500 thru 9,999",3473,7,0,7,0,0,0,7,0,7,2.02,"HAYNESVILLE POLICE DEPT                           ","Haynesville Police Police Department"
"7383",1980,"LANPD0000","New Orleans",NA,"LA","West South Central","South","ORLEANS","City","Cities from 500,000 thru 999,999",557761,1330,270,1600,67,331,398,1397,601,1998,3.58,"NEW ORLEANS POLICE DEPARTMENT                     ","New Orleans Police Department"
"7384",1980,"LA0050300","Simmesport",NA,"LA","West South Central","South","AVOYELLES","City","Cities under 2,500",2323,1,1,2,0,0,0,1,1,2,0.86,"SIMMESPORT POLICE DEPT.                           ","Simmesport Police Police Department"
"7385",1980,"LA0180100","Lake Providence",NA,"LA","West South Central","South","EAST CARROLL","City","Cities from 2,500 thru 9,999",6390,8,0,8,5,0,5,13,0,13,2.03,"LAKE PROVIDENCE POLICE DEPARTMENT                 ","Lake Providence Police Department"
"7386",1980,"LA0430100","Many",NA,"LA","West South Central","South","SABINE","City","Cities from 2,500 thru 9,999",4024,10,0,10,1,0,1,11,0,11,2.73,"MANY POLICE DEPARTMENT                            ","Many Police Department"
"7387",1980,"LA0400000","Rapides",NA,"LA","West South Central","South","RAPIDES","County","MSA counties from 25,000 thru 99,999",67667,96,0,96,16,0,16,112,0,112,1.66,"RAPIDES PARISH SHERIFF'S OFFICE                   ","Rapides Parish Sheriff's Office"
"7388",1980,"LA0340500","Oak Ridge",NA,"LA","West South Central","South","MOREHOUSE","City","Cities under 2,500",254,1,1,2,0,0,0,1,1,2,7.87,"OAK RIDGE POLICE DEPT                             ","Oak Ridge Police Police Department"
"7389",1980,"LA0520100","Covington",NA,"LA","West South Central","South","ST TAMMANY","City","Cities from 2,500 thru 9,999",7853,22,1,23,5,0,5,27,1,28,3.57,"COVINGTON POLICE DEPARTMENT                       ","Covington Police Department"
"7390",1980,"LA0290500","Thibodaux",NA,"LA","West South Central","South","LAFOURCHE","City","Cities from 10,000 thru 24,999",15755,27,5,32,0,4,4,27,9,36,2.28,"THIBODAUX POLICE DEPARTMENT                       ","Thibodaux Police Department"
"7391",1980,"LA0030200","Gonzales",NA,"LA","West South Central","South","ASCENSION","City","Cities from 2,500 thru 9,999",7305,24,0,24,5,0,5,29,0,29,3.97,"GONZALES POLICE DEPARTMENT                        ","Gonzales Police Department"
"7392",1980,"LA0330000","Madison",NA,"LA","West South Central","South","MADISON","County","Non-MSA counties under 10,000",4793,12,1,13,6,0,6,18,1,19,3.96,"MADISON PARISH SHERIFF'S OFFICE                   ","Madison Parish Sheriff's Office"
"7393",1980,"LA0270000","Jefferson Davis",NA,"LA","West South Central","South","JEFFERSON DAVIS","County","Non-MSA counties from 10,000 thru 24,999",16150,31,0,31,7,0,7,38,0,38,2.35,"JEFFERSON DAVIS PARISH SHERIFF'S OFFICE           ","Jefferson Davis Parish Sheriff's Office"
"7394",1980,"LA0310300","Grambling",NA,"LA","West South Central","South","LINCOLN","City","Cities from 2,500 thru 9,999",4211,7,2,9,3,0,3,10,2,12,2.85,"GRAMBLING POLICE DEPARTMENT                       ","Grambling Police Department"
"7395",1980,"LA0100200","Lake Charles",NA,"LA","West South Central","South","CALCASIEU","City","Cities from 50,000 thru 99,999",75621,108,2,110,14,6,20,122,8,130,1.72,"LAKE CHARLES POLICE DEPARTMENT                    ","Lake Charles Police Department"
"7396",1980,"LA0230200","Jeanerette",NA,"LA","West South Central","South","IBERIA","City","Cities from 2,500 thru 9,999",6501,6,0,6,5,0,5,11,0,11,1.69,"JEANERETTE POLICE DEPARTMENT                      ","Jeanerette Police Department"
"7397",1980,"LA0020200","Oakdale",NA,"LA","West South Central","South","ALLEN","City","Cities from 2,500 thru 9,999",7106,12,0,12,3,0,3,15,0,15,2.11,"OAKDALE POLICE DEPARTMENT                         ","Oakdale Police Department"
"7398",1980,"LA0570200","Kaplan",NA,"LA","West South Central","South","VERMILION","City","Cities from 2,500 thru 9,999",4988,13,0,13,2,0,2,15,0,15,3.01,"KAPLAN POLICE DEPARTMENT                          ","Kaplan Police Department"
"7399",1980,"LA0520300","Mandeville",NA,"LA","West South Central","South","ST TAMMANY","City","Cities from 2,500 thru 9,999",6011,11,0,11,4,0,4,15,0,15,2.5,"MANDEVILLE POLICE DEPARTMENT                      ","Mandeville Police Department"
"7400",1980,"LA0530400","Amite",NA,"LA","West South Central","South","TANGIPAHOA","City","Cities from 2,500 thru 9,999",4160,12,0,12,3,0,3,15,0,15,3.61,"AMITE POLICE DEPARTMENT                           ","Amite Police Department"
"7401",1980,"LA0160000","De Soto",NA,"LA","West South Central","South","DE SOTO","County","Non-MSA counties from 10,000 thru 24,999",19210,20,0,20,4,0,4,24,0,24,1.25,"DE SOTO PARISH SHERIFF'S OFFICE                   ","De Soto Parish Sheriff's Office"
"7402",1980,"LA0100300","Sulphur",NA,"LA","West South Central","South","CALCASIEU","City","Cities from 10,000 thru 24,999",19715,25,2,27,0,4,4,25,6,31,1.57,"SULPHUR POLICE DEPARTMENT                         ","Sulphur Police Department"
"7403",1980,"LA0010300","Church Point",NA,"LA","West South Central","South","ACADIA","City","Cities from 2,500 thru 9,999",4617,5,0,5,4,0,4,9,0,9,1.95,"CHURCH POINT POLICE DEPARTMENT                    ","Church Point Police Department"
"7404",1980,"LA0250000","Jackson",NA,"LA","West South Central","South","JACKSON","County","Non-MSA counties from 10,000 thru 24,999",12539,20,0,20,4,0,4,24,0,24,1.91,"JACKSON PARISH SHERIFF'S OFFICE                   ","Jackson Parish Sheriff's Office"
"7405",1980,"LA0370200","West Monroe",NA,"LA","West South Central","South","OUACHITA","City","Cities from 10,000 thru 24,999",14813,38,1,39,6,0,6,44,1,45,3.04,"WEST MONROE POLICE DEPARTMENT                     ","West Monroe Police Department"
"7406",1980,"LA0430200","Zwolle",NA,"LA","West South Central","South","SABINE","City","Cities from 2,500 thru 9,999",2578,4,0,4,0,0,0,4,0,4,1.55,"ZWOLLE POLICE DEPARTMENT                          ","Zwolle Police Department"
"7407",1980,"LA0090000","Caddo",NA,"LA","West South Central","South","CADDO","County","MSA counties from 25,000 thru 99,999",54068,132,0,132,20,0,20,152,0,152,2.81,"CADDO PARISH SHERIFF'S OFFICE                     ","Caddo Parish Sheriff's Office"
"7408",1980,"LA0060100","De Ridder",NA,"LA","West South Central","South","BEAUREGARD","City","Cities from 10,000 thru 24,999",11071,17,0,17,6,0,6,23,0,23,2.08,"DERIDDER POLICE DEPARTMENT                        ","Deridder Police Department"
"7409",1980,"LA0520200","Slidell",NA,"LA","West South Central","South","ST TAMMANY","City","Cities from 25,000 thru 49,999",26664,36,1,37,10,1,11,46,2,48,1.8,"SLIDELL POLICE DEPARTMENT                         ","Slidell Police Department"
"7410",1980,"LA0540200","Waterproof",NA,"LA","West South Central","South","TENSAS","City","Cities under 2,500",1308,3,0,3,0,0,0,3,0,3,2.29,"WATERPROOF POLICE DEPARTMENT                      ","Waterproof Police Department"
"7411",1980,"LA0020100","Kinder",NA,"LA","West South Central","South","ALLEN","City","Cities from 2,500 thru 9,999",2607,5,0,5,0,0,0,5,0,5,1.92,"KINDER POLICE DEPARTMENT                          ","Kinder Police Department"
"7412",1980,"LA0500200","St. Martinville",NA,"LA","West South Central","South","ST MARTIN","City","Cities from 2,500 thru 9,999",7909,11,1,12,2,3,5,13,4,17,2.15,"ST. MARTINVILLE POLICE DEPARTMENT                 ","St. Martinville Police Department"
"7413",1980,"LA0560000","Union",NA,"LA","West South Central","South","UNION","County","Non-MSA counties from 10,000 thru 24,999",17110,16,0,16,3,0,3,19,0,19,1.11,"UNION PARISH SHERIFF'S OFFICE                     ","Union Parish Sheriff's Office"
"7414",1980,"LA0070800","Bienville",NA,"LA","West South Central","South","BIENVILLE","City","Cities under 2,500",249,1,0,1,0,0,0,1,0,1,4.02,"BIENVILLE PD                                      ","Bienville Police Department"
"7415",1980,"LA0510100","Berwick",NA,"LA","West South Central","South","ST MARY","City","Cities from 2,500 thru 9,999",4455,9,0,9,1,0,1,10,0,10,2.24,"BERWICK POLICE DEPARTMENT                         ","Berwick Police Department"
"7416",1980,"LA0580000","Vernon",NA,"LA","West South Central","South","VERNON","County","Non-MSA counties from 25,000 thru 99,999",44010,33,0,33,7,0,7,40,0,40,0.91,"VERNON PARISH SHERIFF'S OFFICE                    ","Vernon Parish Sheriff's Office"
"7417",1980,"LA0260400","Westwego",NA,"LA","West South Central","South","JEFFERSON","City","Cities from 10,000 thru 24,999",12488,17,0,17,1,0,1,18,0,18,1.44,"WESTWEGO POLICE DEPARTMENT                        ","Westwego Police Department"
"7418",1980,"LA0320000","Livingston",NA,"LA","West South Central","South","LIVINGSTON","County","MSA counties from 25,000 thru 99,999",49736,62,4,66,20,2,22,82,6,88,1.77,"LIVINGSTON PARISH SHERIFF'S OFFICE                ","Livingston Parish Sheriff's Office"
"7419",1980,"LA0510500","Baldwin",NA,"LA","West South Central","South","ST MARY","City","Cities from 2,500 thru 9,999",2656,4,0,4,0,1,1,4,1,5,1.88,"BALDWIN POLICE DEPARTMENT                         ","Baldwin Police Department"
"7420",1980,"LA0390100","New Roads",NA,"LA","West South Central","South","POINTE COUPEE","City","Cities from 2,500 thru 9,999",3913,7,0,7,0,0,0,7,0,7,1.79,"NEW ROADS POLICE DEPARTMENT                       ","New Roads Police Department"
"7421",1980,"LA0610100","Port Allen",NA,"LA","West South Central","South","WEST BATON ROUGE","City","Cities from 2,500 thru 9,999",6096,11,0,11,3,0,3,14,0,14,2.3,"PORT ALLEN POLICE DEPARTMENT                      ","Port Allen Police Department"
"7422",1980,"LA0640000","Winn",NA,"LA","West South Central","South","WINN","County","Non-MSA counties under 10,000",9926,17,0,17,5,0,5,22,0,22,2.22,"WINN PARISH SHERIFF'S OFFICE                      ","Winn Parish Sheriff's Office"
"7423",1980,"LA0370300","Sterlington",NA,"LA","West South Central","South","OUACHITA","City","Cities under 2,500",1350,2,0,2,0,0,0,2,0,2,1.48,"STERLINGTON POLICE DEPARTMENT                     ","Sterlington Police Department"
"7424",1980,"LA0280000","Lafayette",NA,"LA","West South Central","South","LAFAYETTE","County","MSA counties from 25,000 thru 99,999",69143,139,0,139,37,0,37,176,0,176,2.55,"LAFAYETTE PARISH SHERIFF'S OFFICE                 ","Lafayette Parish Sheriff's Office"
"7425",1980,"LA0490200","Opelousas",NA,"LA","West South Central","South","ST LANDRY","City","Cities from 10,000 thru 24,999",19005,36,1,37,2,2,4,38,3,41,2.16,"OPELOUSAS POLICE DEPARTMENT                       ","Opelousas Police Department"
"7426",1980,"LA0600000","Webster",NA,"LA","West South Central","South","WEBSTER","County","MSA counties from 10,000 thru 24,999",21862,30,0,30,4,0,4,34,0,34,1.56,"WEBSTER PARISH SHERIFF'S OFFICE                   ","Webster Parish Sheriff's Office"
"7427",1980,"LA0490000","St. Landry",NA,"LA","West South Central","South","ST LANDRY","County","Non-MSA counties from 25,000 thru 99,999",52994,73,0,73,24,0,24,97,0,97,1.83,"ST. LANDRY PARISH SHERIFF'S OFFICE                ","St. Landry Parish Sheriff's Office"
"7428",1980,"LA0210400","Baskin",NA,"LA","West South Central","South","FRANKLIN","City","Cities under 2,500",292,1,0,1,0,0,0,1,0,1,3.42,"BASKIN POLICE DEPARTMENT                          ","Baskin Police Department"
"7429",1980,"LA0210000","Franklin",NA,"LA","West South Central","South","FRANKLIN","County","Non-MSA counties from 10,000 thru 24,999",17937,17,3,20,2,0,2,19,3,22,1.23,"FRANKLIN PARISH SHERIFF'S OFFICE                  ","Franklin Parish Sheriff's Office"
"7430",1980,"LA0100000","Calcasieu",NA,"LA","West South Central","South","CALCASIEU","County","MSA counties from 25,000 thru 99,999",59272,191,2,193,58,0,58,249,2,251,4.23,"CALCASIEU PARISH SHERIFF'S OFFICE                 ","Calcasieu Parish Sheriff's Office"
"7431",1980,"LA0290100","Golden Meadow",NA,"LA","West South Central","South","LAFOURCHE","City","Cities under 2,500",2270,5,0,5,1,0,1,6,0,6,2.64,"GOLDEN MEADOW POLICE DEPARTMENT                   ","Golden Meadow Police Department"
"7432",1980,"LA0600200","Springhill",NA,"LA","West South Central","South","WEBSTER","City","Cities from 2,500 thru 9,999",6508,12,0,12,1,0,1,13,0,13,2,"SPRINGHILL POLICE DEPARTMENT                      ","Springhill Police Department"
"7433",1980,"LA0560100","Farmerville",NA,"LA","West South Central","South","UNION","City","Cities from 2,500 thru 9,999",3769,10,0,10,1,0,1,11,0,11,2.92,"FARMERVILLE POLICE DEPARTMENT                     ","Farmerville Police Department"
"7434",1980,"LA0600100","Minden",NA,"LA","West South Central","South","WEBSTER","City","Cities from 10,000 thru 24,999",15129,20,0,20,2,1,3,22,1,23,1.52,"MINDEN POLICE DEPARTMENT                          ","Minden Police Department"
"7435",1980,"LA0530200","Kentwood",NA,"LA","West South Central","South","TANGIPAHOA","City","Cities from 2,500 thru 9,999",2677,8,0,8,1,0,1,9,0,9,3.36,"KENTWOOD POLICE DEPARTMENT                        ","Kentwood Police Department"
"7436",1980,"LA0170000","East Baton Rouge",NA,"LA","West South Central","South","EAST BATON ROUGE","County","MSA counties 100,000 or over",131225,296,0,296,89,0,89,385,0,385,2.93,"EAST BATON ROUGE PARISH SHERIFF'S OFFICE          ","East Baton Rouge Parish Sheriff's Office"
"7437",1980,"LA0230000","Iberia",NA,"LA","West South Central","South","IBERIA","County","Non-MSA counties from 10,000 thru 24,999",23728,58,0,58,16,0,16,74,0,74,3.12,"IBERIA PARISH SHERIFF'S OFFICE                    ","Iberia Parish Sheriff's Office"
"7438",1980,"LA0180000","East Carroll",NA,"LA","West South Central","South","EAST CARROLL","County","Non-MSA counties under 10,000",5409,12,0,12,4,0,4,16,0,16,2.96,"EAST CARROLL PARISH SHERIFF'S OFFICE              ","East Carroll Parish Sheriff's Office"
"7439",1980,"LA0200200","Mamou",NA,"LA","West South Central","South","EVANGELINE","City","Cities from 2,500 thru 9,999",3191,10,0,10,1,0,1,11,0,11,3.45,"MAMOU POLICE DEPARTMENT                           ","Mamou Police Department"
"7440",1980,"LA0530000","Tangipahoa",NA,"LA","West South Central","South","TANGIPAHOA","County","Non-MSA counties from 25,000 thru 99,999",53110,45,0,45,27,0,27,72,0,72,1.36,"TANGIPAHOA PARISH SHERIFF'S OFFICE                ","Tangipahoa Parish Sheriff's Office"
"7441",1980,"LA0630000","West Feliciana",NA,"LA","West South Central","South","WEST FELICIANA","County","Non-MSA counties from 10,000 thru 24,999",13563,14,0,14,5,0,5,19,0,19,1.4,"WEST FELICIANA PARISH SHERIFF'S OFFICE            ","West Feliciana Parish Sheriff's Office"
"7442",1980,"LA0280300","Lafayette",NA,"LA","West South Central","South","LAFAYETTE","City","Cities from 50,000 thru 99,999",79511,123,7,130,2,36,38,125,43,168,2.11,"LAFAYETTE POLICE DEPARTMENT                       ","Lafayette Police Department"
"7443",1980,"LA0060000","Beauregard",NA,"LA","West South Central","South","BEAUREGARD","County","Non-MSA counties from 10,000 thru 24,999",18576,23,0,23,8,0,8,31,0,31,1.67,"BEAUREGARD PARISH SHERIFF'S OFFICE                ","Beauregard Parish Sheriff's Office"
"7444",1980,"LA0070100","Arcadia",NA,"LA","West South Central","South","BIENVILLE","City","Cities from 2,500 thru 9,999",3352,6,0,6,0,0,0,6,0,6,1.79,"ARCADIA POLICE DEPARTMENT                         ","Arcadia Police Department"
"7445",1980,"LA0150000","Concordia",NA,"LA","West South Central","South","CONCORDIA","County","Non-MSA counties from 10,000 thru 24,999",12535,15,0,15,2,2,4,17,2,19,1.52,"CONCORDIA PARISH SHERIFF'S OFFICE                 ","Concordia Parish Sheriff's Office"
"7446",1980,"LA0550000","Terrebonne",NA,"LA","West South Central","South","TERREBONNE","County","Non-MSA counties from 25,000 thru 99,999",62058,113,0,113,32,0,32,145,0,145,2.34,"TERREBONNE PARISH SHERIFF'S OFFICE                ","Terrebonne Parish Sheriff's Office"
"7447",1980,"LA0401000","Ball",NA,"LA","West South Central","South","RAPIDES","City","Cities from 2,500 thru 9,999",3397,4,0,4,0,0,0,4,0,4,1.18,"BALL POLICE DEPARTMENT                            ","Ball Police Department"
"7448",1980,"LA0010200","Rayne",NA,"LA","West South Central","South","ACADIA","City","Cities from 2,500 thru 9,999",9118,18,0,18,1,0,1,19,0,19,2.08,"RAYNE POLICE DEPARTMENT                           ","Rayne Police Department"
"7449",1980,"LA0530300","Ponchatoula",NA,"LA","West South Central","South","TANGIPAHOA","City","Cities from 2,500 thru 9,999",5419,10,0,10,3,0,3,13,0,13,2.4,"PONCHATOULA POLICE DEPARTMENT                     ","Ponchatoula Police Department"
"7450",1980,"LA0320100","Denham Springs",NA,"LA","West South Central","South","LIVINGSTON","City","Cities from 2,500 thru 9,999",8370,18,1,19,3,3,6,21,4,25,2.99,"DENHAM SPRINGS POLICE DEPARTMENT                  ","Denham Springs Police Department"
"7451",1980,"LA0310200","Ruston",NA,"LA","West South Central","South","LINCOLN","City","Cities from 10,000 thru 24,999",20584,25,3,28,2,3,5,27,6,33,1.6,"RUSTON POLICE DEPARTMENT                          ","Ruston Police Department"
"7452",1980,"LA0400100","Alexandria",NA,"LA","West South Central","South","RAPIDES","City","Cities from 50,000 thru 99,999",51603,91,5,96,3,10,13,94,15,109,2.11,"ALEXANDRIA POLICE DEPARTMENT                      ","Alexandria Police Department"
"7453",1980,"LA0130000","Catahoula",NA,"LA","West South Central","South","CATAHOULA","County","Non-MSA counties under 10,000",9413,19,1,20,4,2,6,23,3,26,2.76,"CATAHOULA PARISH SHERIFF'S OFFICE                 ","Catahoula Parish Sheriff's Office"
"7454",1980,"LA0190200","Jackson",NA,"LA","West South Central","South","EAST FELICIANA","City","Cities from 2,500 thru 9,999",3116,3,0,3,0,0,0,3,0,3,0.96,"JACKSON POLICE DEPARTMENT                         ","Jackson Police Department"
"7455",1980,"LA0090200","Vivian",NA,"LA","West South Central","South","CADDO","City","Cities from 2,500 thru 9,999",4106,7,2,9,3,0,3,10,2,12,2.92,"VIVIAN POLICE DEPARTMENT                          ","Vivian Police Department"
"7456",1980,"LA0100500","Westlake",NA,"LA","West South Central","South","CALCASIEU","City","Cities from 2,500 thru 9,999",5267,9,0,9,1,0,1,10,0,10,1.9,"WESTLAKE POLICE DEPARTMENT                        ","Westlake Police Department"
"7457",1980,"LA0420100","Delhi",NA,"LA","West South Central","South","RICHLAND","City","Cities from 2,500 thru 9,999",3289,6,0,6,0,0,0,6,0,6,1.82,"DELHI POLICE DEPARTMENT                           ","Delhi Police Department"
"7458",1980,"LA0380000","Plaquemines",NA,"LA","West South Central","South","PLAQUEMINES","County","Non-MSA counties from 25,000 thru 99,999",26035,67,0,67,10,0,10,77,0,77,2.96,"PLAQUEMINES PARISH SHERIFF'S OFFICE               ","Plaquemines Parish Sheriff's Office"
"7459",1980,"LA0200300","Ville Platte",NA,"LA","West South Central","South","EVANGELINE","City","Cities from 2,500 thru 9,999",9182,20,3,23,1,0,1,21,3,24,2.61,"VILLE PLATTE POLICE DEPARTMENT                    ","Ville Platte Police Department"
"7460",1980,"LA0160100","Mansfield",NA,"LA","West South Central","South","DE SOTO","City","Cities from 2,500 thru 9,999",6479,12,0,12,0,0,0,12,0,12,1.85,"MANSFIELD POLICE DEPARTMENT                       ","Mansfield Police Department"
"7461",1980,"LA0510400","Patterson",NA,"LA","West South Central","South","ST MARY","City","Cities from 2,500 thru 9,999",4588,11,0,11,3,0,3,14,0,14,3.05,"PATTERSON POLICE DEPARTMENT                       ","Patterson Police Department"
"7462",1980,"LA0610000","West Baton Rouge",NA,"LA","West South Central","South","WEST BATON ROUGE","County","MSA counties from 10,000 thru 24,999",12885,26,4,30,0,4,4,26,8,34,2.64,"WEST BATON ROUGE PARISH SHERIFF'S OFFICE          ","West Baton Rouge Parish Sheriff's Office"
"7463",1980,"LA0010100","Crowley",NA,"LA","West South Central","South","ACADIA","City","Cities from 10,000 thru 24,999",16158,27,0,27,4,1,5,31,1,32,1.98,"CROWLEY POLICE DEPARTMENT                         ","Crowley Police Department"
"7464",1980,"LA0460000","St. Helena",NA,"LA","West South Central","South","ST HELENA","County","Non-MSA counties under 10,000",9894,9,0,9,3,2,5,12,2,14,1.41,"ST. HELENA PARISH SHERIFF'S OFFICE                ","St. Helena Parish Sheriff's Office"
"7465",1980,"LA0500100","Breaux Bridge",NA,"LA","West South Central","South","ST MARTIN","City","Cities from 2,500 thru 9,999",5938,8,0,8,4,0,4,12,0,12,2.02,"BREAUX BRIDGE POLICE DEPARTMENT                   ","Breaux Bridge Police Department"
"7466",1980,"LA0270400","Welsh",NA,"LA","West South Central","South","JEFFERSON DAVIS","City","Cities from 2,500 thru 9,999",3514,6,0,6,1,1,2,7,1,8,2.28,"WELSH POLICE DEPARTMENT                           ","Welsh Police Department"
"7467",1980,"LA0150200","Vidalia",NA,"LA","West South Central","South","CONCORDIA","City","Cities from 2,500 thru 9,999",5940,12,0,12,3,0,3,15,0,15,2.53,"VIDALIA POLICE DEPARTMENT                         ","Vidalia Police Department"
"7468",1980,"LA0200000","Evangeline",NA,"LA","West South Central","South","EVANGELINE","County","Non-MSA counties from 10,000 thru 24,999",21007,33,0,33,9,0,9,42,0,42,2,"EVANGELINE PARISH SHERIFF'S OFFICE                ","Evangeline Parish Sheriff's Office"
"7469",1980,"LA0260300","Kenner",NA,"LA","West South Central","South","JEFFERSON","City","Cities from 50,000 thru 99,999",66241,91,1,92,10,8,18,101,9,110,1.66,"KENNER POLICE DEPARTMENT                          ","Kenner Police Department"
"7470",1980,"LA0040000","Assumption",NA,"LA","West South Central","South","ASSUMPTION","County","Non-MSA counties from 10,000 thru 24,999",22069,26,0,26,5,0,5,31,0,31,1.4,"ASSUMPTION PARISH SHERIFF'S OFFICE                ","Assumption Parish Sheriff's Office"
"7471",1980,"LA0140200","Homer",NA,"LA","West South Central","South","CLAIBORNE","City","Cities from 2,500 thru 9,999",4320,8,0,8,0,1,1,8,1,9,2.08,"HOMER POLICE DEPARTMENT                           ","Homer Police Department"
"7472",1980,"LA0370100","Monroe",NA,"LA","West South Central","South","OUACHITA","City","Cities from 50,000 thru 99,999",56338,100,5,105,7,26,33,107,31,138,2.45,"MONROE POLICE DEPARTMENT                          ","Monroe Police Department"
"7473",1980,"LA0070000","Bienville",NA,"LA","West South Central","South","BIENVILLE","County","Non-MSA counties from 10,000 thru 24,999",12778,15,4,19,2,2,4,17,6,23,1.8,"BIENVILLE PARISH SHERIFF'S OFFICE                 ","Bienville Parish Sheriff's Office"
"7474",1980,"LA0420200","Rayville",NA,"LA","West South Central","South","RICHLAND","City","Cities from 2,500 thru 9,999",4552,7,0,7,0,0,0,7,0,7,1.54,"RAYVILLE POLICE DEPARTMENT                        ","Rayville Police Department"
"7475",1980,"LA0400200","Pineville",NA,"LA","West South Central","South","RAPIDES","City","Cities from 10,000 thru 24,999",11891,23,1,24,2,0,2,25,1,26,2.19,"PINEVILLE POLICE DEPARTMENT                       ","Pineville Police Department"
"7476",1980,"LA0270200","Jennings",NA,"LA","West South Central","South","JEFFERSON DAVIS","City","Cities from 10,000 thru 24,999",12425,16,0,16,7,0,7,23,0,23,1.85,"JENNINGS POLICE DEPARTMENT                        ","Jennings Police Department"
"7477",1980,"LA0450000","St. Charles",NA,"LA","West South Central","South","ST CHARLES","County","Non-MSA counties from 25,000 thru 99,999",37430,55,20,75,4,40,44,59,60,119,3.18,"ST. CHARLES PARISH SHERIFF'S OFFICE               ","St. Charles Parish Sheriff's Office"
"7478",1980,"LA0340400","Collinston",NA,"LA","West South Central","South","MOREHOUSE","City","Cities under 2,500",438,1,0,1,0,0,0,1,0,1,2.28,"COLLINSTON POLICE DEPT                            ","Collinston Police Police Department"
"7479",1980,"LA0590200","Franklinton",NA,"LA","West South Central","South","WASHINGTON","City","Cities from 2,500 thru 9,999",4166,10,0,10,3,0,3,13,0,13,3.12,"FRANKLINTON POLICE DEPARTMENT                     ","Franklinton Police Department"
"7480",1980,"LA0580100","Leesville",NA,"LA","West South Central","South","VERNON","City","Cities from 2,500 thru 9,999",9048,22,1,23,7,1,8,29,2,31,3.43,"LEESVILLE POLICE DEPARTMENT                       ","Leesville Police Department"
"7481",1979,"LA0190000","East Feliciana",NA,"LA","West South Central","South","EAST FELICIANA","County","Non-MSA counties from 10,000 thru 24,999",13691,13,0,13,5,0,5,18,0,18,1.31,"EAST FELICIANA PARISH SHERIFF'S OFFICE            ","East Feliciana Parish Sheriff's Office"
"7482",1979,"LA0240200","Plaquemine",NA,"LA","West South Central","South","IBERVILLE","City","Cities from 2,500 thru 9,999",7806,17,0,17,6,0,6,23,0,23,2.95,"PLAQUEMINE POLICE DEPARTMENT                      ","Plaquemine Police Department"
"7483",1979,"LA0250100","Jonesboro",NA,"LA","West South Central","South","JACKSON","City","Cities from 2,500 thru 9,999",5067,8,0,8,0,0,0,8,0,8,1.58,"JONESBORO POLICE DEPARTMENT                       ","Jonesboro Police Department"
"7484",1979,"LA0100500","Westlake",NA,"LA","West South Central","South","CALCASIEU","City","Cities from 2,500 thru 9,999",4463,6,1,7,1,1,2,7,2,9,2.02,"WESTLAKE POLICE DEPARTMENT                        ","Westlake Police Department"
"7485",1979,"LA0200300","Ville Platte",NA,"LA","West South Central","South","EVANGELINE","City","Cities from 2,500 thru 9,999",9963,23,0,23,1,0,1,24,0,24,2.41,"VILLE PLATTE POLICE DEPARTMENT                    ","Ville Platte Police Department"
"7486",1979,"LA0160100","Mansfield",NA,"LA","West South Central","South","DE SOTO","City","Cities from 2,500 thru 9,999",7228,8,0,8,0,0,0,8,0,8,1.11,"MANSFIELD POLICE DEPARTMENT                       ","Mansfield Police Department"
"7487",1979,"LA0510000","St. Mary",NA,"LA","West South Central","South","ST MARY","County","Non-MSA counties from 10,000 thru 24,999",24934,60,0,60,17,0,17,77,0,77,3.09,"ST. MARY PARISH SHERIFF'S OFFICE                  ","St. Mary Parish Sheriff's Office"
"7488",1979,"LA0190200","Jackson",NA,"LA","West South Central","South","EAST FELICIANA","City","Cities from 2,500 thru 9,999",3059,2,0,2,0,0,0,2,0,2,0.65,"JACKSON POLICE DEPARTMENT                         ","Jackson Police Department"
"7489",1979,"LA0090200","Vivian",NA,"LA","West South Central","South","CADDO","City","Cities from 2,500 thru 9,999",4134,9,0,9,1,3,4,10,3,13,3.14,"VIVIAN POLICE DEPARTMENT                          ","Vivian Police Department"
"7490",1979,"LA0320100","Denham Springs",NA,"LA","West South Central","South","LIVINGSTON","City","Cities from 2,500 thru 9,999",8882,18,1,19,2,3,5,20,4,24,2.7,"DENHAM SPRINGS POLICE DEPARTMENT                  ","Denham Springs Police Department"
"7491",1979,"LA0401000","Ball",NA,"LA","West South Central","South","RAPIDES","City","Cities from 2,500 thru 9,999",3038,4,0,4,0,0,0,4,0,4,1.32,"BALL POLICE DEPARTMENT                            ","Ball Police Department"
"7492",1979,"LA0070100","Arcadia",NA,"LA","West South Central","South","BIENVILLE","City","Cities from 2,500 thru 9,999",3458,5,0,5,0,0,0,5,0,5,1.45,"ARCADIA POLICE DEPARTMENT                         ","Arcadia Police Department"
"7493",1979,"LA0150000","Concordia",NA,"LA","West South Central","South","CONCORDIA","County","Non-MSA counties from 10,000 thru 24,999",12261,17,0,17,3,0,3,20,0,20,1.63,"CONCORDIA PARISH SHERIFF'S OFFICE                 ","Concordia Parish Sheriff's Office"
"7494",1979,"LA0060000","Beauregard",NA,"LA","West South Central","South","BEAUREGARD","County","Non-MSA counties from 10,000 thru 24,999",17026,22,0,22,5,0,5,27,0,27,1.59,"BEAUREGARD PARISH SHERIFF'S OFFICE                ","Beauregard Parish Sheriff's Office"
"7495",1979,"LA0050300","Simmesport",NA,"LA","West South Central","South","AVOYELLES","City","Cities under 2,500",1898,2,0,2,0,0,0,2,0,2,1.05,"SIMMESPORT POLICE DEPT.                           ","Simmesport Police Police Department"
"7496",1979,"LA0430100","Many",NA,"LA","West South Central","South","SABINE","City","Cities from 2,500 thru 9,999",3372,9,0,9,0,0,0,9,0,9,2.67,"MANY POLICE DEPARTMENT                            ","Many Police Department"
"7497",1979,"LA0400000","Rapides",NA,"LA","West South Central","South","RAPIDES","County","MSA counties from 25,000 thru 99,999",60378,104,0,104,16,0,16,120,0,120,1.99,"RAPIDES PARISH SHERIFF'S OFFICE                   ","Rapides Parish Sheriff's Office"
"7498",1979,"LA0180100","Lake Providence",NA,"LA","West South Central","South","EAST CARROLL","City","Cities from 2,500 thru 9,999",5629,9,0,9,5,0,5,14,0,14,2.49,"LAKE PROVIDENCE POLICE DEPARTMENT                 ","Lake Providence Police Department"
"7499",1979,"LA0050000","Avoyelles",NA,"LA","West South Central","South","AVOYELLES","County","Non-MSA counties from 25,000 thru 99,999",28477,22,0,22,10,0,10,32,0,32,1.12,"AVOYELLES PARISH SHERIFF'S OFFICE                 ","Avoyelles Parish Sheriff's Office"
"7500",1979,"LA0520100","Covington",NA,"LA","West South Central","South","ST TAMMANY","City","Cities from 2,500 thru 9,999",9009,21,0,21,6,0,6,27,0,27,3,"COVINGTON POLICE DEPARTMENT                       ","Covington Police Department"
"7501",1979,"LA0380000","Plaquemines",NA,"LA","West South Central","South","PLAQUEMINES","County","Non-MSA counties from 25,000 thru 99,999",27104,64,0,64,11,0,11,75,0,75,2.77,"PLAQUEMINES PARISH SHERIFF'S OFFICE               ","Plaquemines Parish Sheriff's Office"
"7502",1979,"LA0560100","Farmerville",NA,"LA","West South Central","South","UNION","City","Cities from 2,500 thru 9,999",3965,7,2,9,0,0,0,7,2,9,2.27,"FARMERVILLE POLICE DEPARTMENT                     ","Farmerville Police Department"
"7503",1979,"LA0600200","Springhill",NA,"LA","West South Central","South","WEBSTER","City","Cities from 2,500 thru 9,999",6419,13,0,13,1,0,1,14,0,14,2.18,"SPRINGHILL POLICE DEPARTMENT                      ","Springhill Police Department"
"7504",1979,"LA0600100","Minden",NA,"LA","West South Central","South","WEBSTER","City","Cities from 10,000 thru 24,999",14601,21,0,21,1,0,1,22,0,22,1.51,"MINDEN POLICE DEPARTMENT                          ","Minden Police Department"
"7505",1979,"LA0530200","Kentwood",NA,"LA","West South Central","South","TANGIPAHOA","City","Cities from 2,500 thru 9,999",2679,8,0,8,1,0,1,9,0,9,3.36,"KENTWOOD POLICE DEPARTMENT                        ","Kentwood Police Department"
"7506",1979,"LA0420100","Delhi",NA,"LA","West South Central","South","RICHLAND","City","Cities from 2,500 thru 9,999",2869,6,0,6,0,0,0,6,0,6,2.09,"DELHI POLICE DEPARTMENT                           ","Delhi Police Department"
"7507",1979,"LA0490000","St. Landry",NA,"LA","West South Central","South","ST LANDRY","County","Non-MSA counties from 25,000 thru 99,999",51932,85,0,85,30,0,30,115,0,115,2.21,"ST. LANDRY PARISH SHERIFF'S OFFICE                ","St. Landry Parish Sheriff's Office"
"7508",1979,"LA0290100","Golden Meadow",NA,"LA","West South Central","South","LAFOURCHE","City","Cities under 2,500",2338,4,0,4,0,0,0,4,0,4,1.71,"GOLDEN MEADOW POLICE DEPARTMENT                   ","Golden Meadow Police Department"
"7509",1979,"LA0310300","Grambling",NA,"LA","West South Central","South","LINCOLN","City","Cities from 2,500 thru 9,999",4678,7,0,7,3,0,3,10,0,10,2.14,"GRAMBLING POLICE DEPARTMENT                       ","Grambling Police Department"
"7510",1979,"LA0270000","Jefferson Davis",NA,"LA","West South Central","South","JEFFERSON DAVIS","County","Non-MSA counties from 10,000 thru 24,999",16027,19,0,19,4,0,4,23,0,23,1.44,"JEFFERSON DAVIS PARISH SHERIFF'S OFFICE           ","Jefferson Davis Parish Sheriff's Office"
"7511",1979,"LA0330000","Madison",NA,"LA","West South Central","South","MADISON","County","Non-MSA counties under 10,000",5144,12,0,12,7,0,7,19,0,19,3.69,"MADISON PARISH SHERIFF'S OFFICE                   ","Madison Parish Sheriff's Office"
"7512",1979,"LANPD0000","New Orleans",NA,"LA","West South Central","South","ORLEANS","City","Cities from 500,000 thru 999,999",567656,1419,216,1635,63,286,349,1482,502,1984,3.5,"NEW ORLEANS POLICE DEPARTMENT                     ","New Orleans Police Department"
"7513",1979,"LA0340400","Collinston",NA,"LA","West South Central","South","MOREHOUSE","City","Cities under 2,500",450,1,0,1,0,0,0,1,0,1,2.22,"COLLINSTON POLICE DEPT                            ","Collinston Police Police Department"
"7514",1979,"LA0290000","Lafourche",NA,"LA","West South Central","South","LAFOURCHE","County","Non-MSA counties from 25,000 thru 99,999",55090,105,0,105,23,0,23,128,0,128,2.32,"LAFOURCHE PARISH SHERIFF'S OFFICE                 ","Lafourche Parish Sheriff's Office"
"7515",1979,"LA0340000","Morehouse",NA,"LA","West South Central","South","MOREHOUSE","County","Non-MSA counties from 10,000 thru 24,999",18428,24,0,24,7,0,7,31,0,31,1.68,"MOREHOUSE PARISH SHERIFF'S OFFICE                 ","Morehouse Parish Sheriff's Office"
"7516",1979,"LA0120000","Cameron",NA,"LA","West South Central","South","CAMERON","County","Non-MSA counties under 10,000",9644,34,16,50,4,2,6,38,18,56,5.81,"CAMERON PARISH SHERIFF'S OFFICE                   ","Cameron Parish Sheriff's Office"
"7517",1979,"LA0580100","Leesville",NA,"LA","West South Central","South","VERNON","City","Cities from 2,500 thru 9,999",8911,21,0,21,5,0,5,26,0,26,2.92,"LEESVILLE POLICE DEPARTMENT                       ","Leesville Police Department"
"7518",1979,"LA0150200","Vidalia",NA,"LA","West South Central","South","CONCORDIA","City","Cities from 2,500 thru 9,999",5741,10,0,10,3,0,3,13,0,13,2.26,"VIDALIA POLICE DEPARTMENT                         ","Vidalia Police Department"
"7519",1979,"LA0200000","Evangeline",NA,"LA","West South Central","South","EVANGELINE","County","Non-MSA counties from 10,000 thru 24,999",20404,22,0,22,5,0,5,27,0,27,1.32,"EVANGELINE PARISH SHERIFF'S OFFICE                ","Evangeline Parish Sheriff's Office"
"7520",1979,"LA0040000","Assumption",NA,"LA","West South Central","South","ASSUMPTION","County","Non-MSA counties from 10,000 thru 24,999",21115,24,0,24,1,5,6,25,5,30,1.42,"ASSUMPTION PARISH SHERIFF'S OFFICE                ","Assumption Parish Sheriff's Office"
"7521",1979,"LA0590200","Franklinton",NA,"LA","West South Central","South","WASHINGTON","City","Cities from 2,500 thru 9,999",3536,11,2,13,4,0,4,15,2,17,4.81,"FRANKLINTON POLICE DEPARTMENT                     ","Franklinton Police Department"
"7522",1979,"LA0340100","Bastrop",NA,"LA","West South Central","South","MOREHOUSE","City","Cities from 10,000 thru 24,999",14760,28,1,29,3,4,7,31,5,36,2.44,"BASTROP POLICE DEPARTMENT                         ","Bastrop Police Department"
"7523",1979,"LA0290300","Lockport",NA,"LA","West South Central","South","LAFOURCHE","City","Cities from 2,500 thru 9,999",2574,3,0,3,0,1,1,3,1,4,1.55,"LOCKPORT POLICE DEPARTMENT                        ","Lockport Police Department"
"7524",1979,"LA0230300","New Iberia",NA,"LA","West South Central","South","IBERIA","City","Cities from 25,000 thru 49,999",34591,48,5,53,4,3,7,52,8,60,1.73,"NEW IBERIA PD                                     ","New Iberia Police Department"
"7525",1979,"LA0170300","Zachary",NA,"LA","West South Central","South","EAST BATON ROUGE","City","Cities from 2,500 thru 9,999",6321,14,0,14,1,0,1,15,0,15,2.37,"ZACHARY POLICE DEPARTMENT                         ","Zachary Police Department"
"7526",1979,"LA0310000","Lincoln",NA,"LA","West South Central","South","LINCOLN","County","Non-MSA counties from 10,000 thru 24,999",12414,15,0,15,5,0,5,20,0,20,1.61,"LINCOLN PARISH SHERIFF'S OFFICE                   ","Lincoln Parish Sheriff's Office"
"7527",1979,"LA0350100","Natchitoches",NA,"LA","West South Central","South","NATCHITOCHES","City","Cities from 10,000 thru 24,999",18269,31,0,31,6,0,6,37,0,37,2.03,"NATCHITOCHES POLICE DEPARTMENT                    ","Natchitoches Police Department"
"7528",1979,"LA0330100","Tallulah",NA,"LA","West South Central","South","MADISON","City","Cities from 2,500 thru 9,999",9677,14,0,14,4,0,4,18,0,18,1.86,"TALLULAH POLICE DEPT.                             ","Tallulah Police Police Department"
"7529",1979,"LA0300000","La Salle",NA,"LA","West South Central","South","LA SALLE","County","Non-MSA counties from 10,000 thru 24,999",12590,19,3,22,4,2,6,23,5,28,2.22,"LA SALLE PARISH SHERIFF'S OFFICE                  ","La Salle Parish Sheriff's Office"
"7530",1979,"LA0530000","Tangipahoa",NA,"LA","West South Central","South","TANGIPAHOA","County","Non-MSA counties from 25,000 thru 99,999",50652,62,0,62,19,2,21,81,2,83,1.64,"TANGIPAHOA PARISH SHERIFF'S OFFICE                ","Tangipahoa Parish Sheriff's Office"
"7531",1979,"LA0260300","Kenner",NA,"LA","West South Central","South","JEFFERSON","City","Cities from 50,000 thru 99,999",51922,81,21,102,5,10,15,86,31,117,2.25,"KENNER POLICE DEPARTMENT                          ","Kenner Police Department"
"7532",1979,"LA0270400","Welsh",NA,"LA","West South Central","South","JEFFERSON DAVIS","City","Cities from 2,500 thru 9,999",3301,6,0,6,1,0,1,7,0,7,2.12,"WELSH POLICE DEPARTMENT                           ","Welsh Police Department"
"7533",1979,"LA0630000","West Feliciana",NA,"LA","West South Central","South","WEST FELICIANA","County","Non-MSA counties from 10,000 thru 24,999",10050,12,0,12,4,0,4,16,0,16,1.59,"WEST FELICIANA PARISH SHERIFF'S OFFICE            ","West Feliciana Parish Sheriff's Office"
"7534",1979,"LA0010200","Rayne",NA,"LA","West South Central","South","ACADIA","City","Cities from 10,000 thru 24,999",10043,17,0,17,3,0,3,20,0,20,1.99,"RAYNE POLICE DEPARTMENT                           ","Rayne Police Department"
"7535",1979,"LA0550000","Terrebonne",NA,"LA","West South Central","South","TERREBONNE","County","Non-MSA counties from 25,000 thru 99,999",59212,121,0,121,21,0,21,142,0,142,2.4,"TERREBONNE PARISH SHERIFF'S OFFICE                ","Terrebonne Parish Sheriff's Office"
"7536",1979,"LA0530300","Ponchatoula",NA,"LA","West South Central","South","TANGIPAHOA","City","Cities from 2,500 thru 9,999",4969,10,0,10,3,0,3,13,0,13,2.62,"PONCHATOULA POLICE DEPARTMENT                     ","Ponchatoula Police Department"
"7537",1979,"LA0170000","East Baton Rouge",NA,"LA","West South Central","South","EAST BATON ROUGE","County","MSA counties under 10,000",1875,288,0,288,98,0,98,386,0,386,205.87,"EAST BATON ROUGE PARISH SHERIFF'S OFFICE          ","East Baton Rouge Parish Sheriff's Office"
"7538",1979,"LA0440000","St. Bernard",NA,"LA","West South Central","South","ST BERNARD","County","MSA counties from 25,000 thru 99,999",63243,145,0,145,16,0,16,161,0,161,2.55,"ST. BERNARD PARISH SHERIFF'S OFFICE               ","St. Bernard Parish Sheriff's Office"
"7539",1979,"LA0230000","Iberia",NA,"LA","West South Central","South","IBERIA","County","Non-MSA counties from 10,000 thru 24,999",23295,32,17,49,7,11,18,39,28,67,2.88,"IBERIA PARISH SHERIFF'S OFFICE                    ","Iberia Parish Sheriff's Office"
"7540",1979,"LA0180000","East Carroll",NA,"LA","West South Central","South","EAST CARROLL","County","Non-MSA counties under 10,000",6248,12,0,12,4,0,4,16,0,16,2.56,"EAST CARROLL PARISH SHERIFF'S OFFICE              ","East Carroll Parish Sheriff's Office"
"7541",1979,"LA0260400","Westwego",NA,"LA","West South Central","South","JEFFERSON","City","Cities from 10,000 thru 24,999",13860,18,0,18,1,0,1,19,0,19,1.37,"WESTWEGO POLICE DEPARTMENT                        ","Westwego Police Department"
"7542",1979,"LA0030200","Gonzales",NA,"LA","West South Central","South","ASCENSION","City","Cities from 2,500 thru 9,999",5639,24,0,24,3,2,5,27,2,29,5.14,"GONZALES POLICE DEPARTMENT                        ","Gonzales Police Department"
"7543",1979,"LA0100200","Lake Charles",NA,"LA","West South Central","South","CALCASIEU","City","Cities from 50,000 thru 99,999",80420,101,2,103,10,4,14,111,6,117,1.45,"LAKE CHARLES POLICE DEPARTMENT                    ","Lake Charles Police Department"
"7544",1979,"LA0570100","Abbeville",NA,"LA","West South Central","South","VERMILION","City","Cities from 10,000 thru 24,999",13282,20,0,20,5,1,6,25,1,26,1.96,"ABBEVILLE POLICE DEPARTMENT                       ","Abbeville Police Department"
"7545",1979,"LA0530100","Hammond",NA,"LA","West South Central","South","TANGIPAHOA","City","Cities from 10,000 thru 24,999",15487,34,0,34,5,0,5,39,0,39,2.52,"HAMMOND POLICE DEPARTMENT                         ","Hammond Police Department"
"7546",1979,"LA0640100","Winnfield",NA,"LA","West South Central","South","WINN","City","Cities from 2,500 thru 9,999",6766,11,0,11,4,0,4,15,0,15,2.22,"WINNFIELD POLICE DEPT                             ","Winnfield Police Police Department"
"7547",1979,"LA0510200","Franklin",NA,"LA","West South Central","South","ST MARY","City","Cities from 2,500 thru 9,999",9238,16,0,16,6,0,6,22,0,22,2.38,"FRANKLIN POLICE DEPARTMENT                        ","Franklin Police Department"
"7548",1979,"LA0300100","Jena",NA,"LA","West South Central","South","LA SALLE","City","Cities from 2,500 thru 9,999",2840,3,0,3,1,0,1,4,0,4,1.41,"JENA POLICE DEPARTMENT                            ","Jena Police Department"
"7549",1979,"LA0370200","West Monroe",NA,"LA","West South Central","South","OUACHITA","City","Cities from 10,000 thru 24,999",16682,39,1,40,6,0,6,45,1,46,2.76,"WEST MONROE POLICE DEPARTMENT                     ","West Monroe Police Department"
"7550",1979,"LA0430200","Zwolle",NA,"LA","West South Central","South","SABINE","City","Cities under 2,500",2174,4,0,4,0,0,0,4,0,4,1.84,"ZWOLLE POLICE DEPARTMENT                          ","Zwolle Police Department"
"7551",1979,"LA0370500","Richwood",NA,"LA","West South Central","South","OUACHITA","City","Cities under 2,500",1736,4,0,4,1,0,1,5,0,5,2.88,"RICHWOOD POLICE DEPARTMENT                        ","Richwood Police Department"
"7552",1979,"LA0600000","Webster",NA,"LA","West South Central","South","WEBSTER","County","MSA counties from 10,000 thru 24,999",21717,30,0,30,6,0,6,36,0,36,1.66,"WEBSTER PARISH SHERIFF'S OFFICE                   ","Webster Parish Sheriff's Office"
"7553",1979,"LA0210000","Franklin",NA,"LA","West South Central","South","FRANKLIN","County","Non-MSA counties from 10,000 thru 24,999",18589,17,1,18,4,0,4,21,1,22,1.18,"FRANKLIN PARISH SHERIFF'S OFFICE                  ","Franklin Parish Sheriff's Office"
"7554",1979,"LA0100000","Calcasieu",NA,"LA","West South Central","South","CALCASIEU","County","MSA counties from 25,000 thru 99,999",48758,161,0,161,44,0,44,205,0,205,4.2,"CALCASIEU PARISH SHERIFF'S OFFICE                 ","Calcasieu Parish Sheriff's Office"
"7555",1979,"LA0460000","St. Helena",NA,"LA","West South Central","South","ST HELENA","County","Non-MSA counties from 10,000 thru 24,999",10050,8,2,10,4,0,4,12,2,14,1.39,"ST. HELENA PARISH SHERIFF'S OFFICE                ","St. Helena Parish Sheriff's Office"
"7556",1979,"LA0130100","Jonesville",NA,"LA","West South Central","South","CATAHOULA","City","Cities from 2,500 thru 9,999",2922,10,1,11,0,3,3,10,4,14,4.79,"JONESVILLE POLICE DEPARTMENT                      ","Jonesville Police Department"
"7557",1979,"LA0010100","Crowley",NA,"LA","West South Central","South","ACADIA","City","Cities from 10,000 thru 24,999",16487,25,0,25,4,0,4,29,0,29,1.76,"CROWLEY POLICE DEPARTMENT                         ","Crowley Police Department"
"7558",1979,"LA0500100","Breaux Bridge",NA,"LA","West South Central","South","ST MARTIN","City","Cities from 2,500 thru 9,999",4944,7,0,7,5,0,5,12,0,12,2.43,"BREAUX BRIDGE POLICE DEPARTMENT                   ","Breaux Bridge Police Department"
"7559",1979,"LA0480000","St. John the Baptist",NA,"LA","West South Central","South","ST JOHN THE BAPTIST","County","Non-MSA counties from 25,000 thru 99,999",29033,50,3,53,21,5,26,71,8,79,2.72,"ST. JOHN THE BAPTIST PARISH SHERIFF'S OFFICE      ","St. John The Baptist Parish Sheriff's Office"
"7560",1979,"LA0590100","Bogalusa",NA,"LA","West South Central","South","WASHINGTON","City","Cities from 10,000 thru 24,999",18121,32,3,35,1,7,8,33,10,43,2.37,"BOGALUSA POLICE DEPARTMENT                        ","Bogalusa Police Department"
"7561",1979,"LA0350000","Natchitoches",NA,"LA","West South Central","South","NATCHITOCHES","County","Non-MSA counties from 10,000 thru 24,999",18479,28,1,29,2,0,2,30,1,31,1.68,"NATCHITOCHES PARISH SHERIFF'S OFFICE              ","Natchitoches Parish Sheriff's Office"
"7562",1979,"LA0590000","Washington",NA,"LA","West South Central","South","WASHINGTON","County","Non-MSA counties from 10,000 thru 24,999",22095,54,0,54,12,0,12,66,0,66,2.99,"WASHINGTON PARISH SHERIFF'S OFFICE                ","Washington Parish Sheriff's Office"
"7563",1979,"LA0130000","Catahoula",NA,"LA","West South Central","South","CATAHOULA","County","Non-MSA counties under 10,000",8955,12,4,16,3,0,3,15,4,19,2.12,"CATAHOULA PARISH SHERIFF'S OFFICE                 ","Catahoula Parish Sheriff's Office"
"7564",1979,"LA0100400","Vinton",NA,"LA","West South Central","South","CALCASIEU","City","Cities from 2,500 thru 9,999",3823,6,3,9,0,1,1,6,4,10,2.62,"VINTON POLICE DEPARTMENT                          ","Vinton Police Department"
"7565",1979,"LA0260100","Gretna",NA,"LA","West South Central","South","JEFFERSON","City","Cities from 25,000 thru 49,999",31639,47,0,47,2,2,4,49,2,51,1.61,"GRETNA POLICE DEPARTMENT                          ","Gretna Police Department"
"7566",1979,"LA0310100","Dubach",NA,"LA","West South Central","South","LINCOLN","City","Cities under 2,500",932,4,2,6,0,0,0,4,2,6,6.44,"DUBACH POLICE DEPT                                ","Dubach Police Police Department"
"7567",1979,"LA0050200","Marksville",NA,"LA","West South Central","South","AVOYELLES","City","Cities from 2,500 thru 9,999",4203,12,0,12,1,0,1,13,0,13,3.09,"MARKSVILLE POLICE DEPARTMENT                      ","Marksville Police Department"
"7568",1979,"LA0210100","Winnsboro",NA,"LA","West South Central","South","FRANKLIN","City","Cities from 2,500 thru 9,999",5534,7,0,7,0,0,0,7,0,7,1.26,"WINNSBORO POLICE DEPARTMENT                       ","Winnsboro Police Department"
"7569",1979,"LA0620100","Oak Grove",NA,"LA","West South Central","South","WEST CARROLL","City","Cities under 2,500",2107,5,0,5,3,0,3,8,0,8,3.8,"OAK GROVE POLICE DEPARTMENT                       ","Oak Grove Police Department"
"7570",1979,"LA0030100","Donaldsonville",NA,"LA","West South Central","South","ASCENSION","City","Cities from 2,500 thru 9,999",8002,13,0,13,2,0,2,15,0,15,1.87,"DONALDSONVILLE PD                                 ","Donaldsonville Police Department"
"7571",1979,"LA0570000","Vermilion",NA,"LA","West South Central","South","VERMILION","County","Non-MSA counties from 25,000 thru 99,999",28949,51,0,51,10,0,10,61,0,61,2.11,"VERMILION PARISH SHERIFF'S OFFICE                 ","Vermilion Parish Sheriff's Office"
"7572",1979,"LA0080100","Bossier City",NA,"LA","West South Central","South","BOSSIER","City","Cities from 25,000 thru 49,999",48927,101,2,103,7,12,19,108,14,122,2.49,"BOSSIER CITY POLICE DEPT                          ","Bossier City Police Police Department"
"7573",1979,"LA0220000","Grant",NA,"LA","West South Central","South","GRANT","County","MSA counties from 10,000 thru 24,999",15430,20,0,20,5,0,5,25,0,25,1.62,"GRANT PARISH SHERIFF'S OFFICE                     ","Grant Parish Sheriff's Office"
"7574",1979,"LA0070000","Bienville",NA,"LA","West South Central","South","BIENVILLE","County","Non-MSA counties from 10,000 thru 24,999",13678,15,4,19,2,1,3,17,5,22,1.61,"BIENVILLE PARISH SHERIFF'S OFFICE                 ","Bienville Parish Sheriff's Office"
"7575",1979,"LA0310200","Ruston",NA,"LA","West South Central","South","LINCOLN","City","Cities from 10,000 thru 24,999",19739,24,3,27,2,1,3,26,4,30,1.52,"RUSTON POLICE DEPARTMENT                          ","Ruston Police Department"
"7576",1979,"LA0400100","Alexandria",NA,"LA","West South Central","South","RAPIDES","City","Cities from 50,000 thru 99,999",51162,90,4,94,2,12,14,92,16,108,2.11,"ALEXANDRIA POLICE DEPARTMENT                      ","Alexandria Police Department"
"7577",1979,"LA0140200","Homer",NA,"LA","West South Central","South","CLAIBORNE","City","Cities from 2,500 thru 9,999",4528,8,0,8,1,0,1,9,0,9,1.99,"HOMER POLICE DEPARTMENT                           ","Homer Police Department"
"7578",1979,"LA0470000","St. James",NA,"LA","West South Central","South","ST JAMES","County","Non-MSA counties from 10,000 thru 24,999",20201,38,0,38,9,0,9,47,0,47,2.33,"ST. JAMES PARISH SHERIFF'S OFFICE                 ","St. James Parish Sheriff's Office"
"7579",1979,"LA0370000","Ouachita",NA,"LA","West South Central","South","OUACHITA","County","MSA counties from 25,000 thru 99,999",47921,97,0,97,32,0,32,129,0,129,2.69,"OUACHITA PARISH SHERIFF'S OFFICE                  ","Ouachita Parish Sheriff's Office"
"7580",1979,"LA0090000","Caddo",NA,"LA","West South Central","South","CADDO","County","MSA counties from 25,000 thru 99,999",48860,128,0,128,22,0,22,150,0,150,3.07,"CADDO PARISH SHERIFF'S OFFICE                     ","Caddo Parish Sheriff's Office"
"7581",1979,"LA0060100","De Ridder",NA,"LA","West South Central","South","BEAUREGARD","City","Cities from 10,000 thru 24,999",10992,18,0,18,6,0,6,24,0,24,2.18,"DERIDDER POLICE DEPARTMENT                        ","Deridder Police Department"
"7582",1979,"LA0250000","Jackson",NA,"LA","West South Central","South","JACKSON","County","Non-MSA counties from 10,000 thru 24,999",12089,20,0,20,2,0,2,22,0,22,1.82,"JACKSON PARISH SHERIFF'S OFFICE                   ","Jackson Parish Sheriff's Office"
"7583",1979,"LA0420200","Rayville",NA,"LA","West South Central","South","RICHLAND","City","Cities from 2,500 thru 9,999",4083,7,0,7,0,0,0,7,0,7,1.71,"RAYVILLE POLICE DEPARTMENT                        ","Rayville Police Department"
"7584",1979,"LA0370100","Monroe",NA,"LA","West South Central","South","OUACHITA","City","Cities from 50,000 thru 99,999",65219,99,8,107,6,27,33,105,35,140,2.15,"MONROE POLICE DEPARTMENT                          ","Monroe Police Department"
"7585",1979,"LA0450000","St. Charles",NA,"LA","West South Central","South","ST CHARLES","County","Non-MSA counties from 25,000 thru 99,999",35225,68,1,69,28,5,33,96,6,102,2.9,"ST. CHARLES PARISH SHERIFF'S OFFICE               ","St. Charles Parish Sheriff's Office"
"7586",1979,"LA0400200","Pineville",NA,"LA","West South Central","South","RAPIDES","City","Cities from 10,000 thru 24,999",12212,23,0,23,2,0,2,25,0,25,2.05,"PINEVILLE POLICE DEPARTMENT                       ","Pineville Police Department"
"7587",1979,"LA0270200","Jennings",NA,"LA","West South Central","South","JEFFERSON DAVIS","City","Cities from 10,000 thru 24,999",12649,22,0,22,6,0,6,28,0,28,2.21,"JENNINGS POLICE DEPARTMENT                        ","Jennings Police Department"
"7588",1979,"LA0280300","Lafayette",NA,"LA","West South Central","South","LAFAYETTE","City","Cities from 50,000 thru 99,999",81720,114,7,121,5,28,33,119,35,154,1.88,"LAFAYETTE POLICE DEPARTMENT                       ","Lafayette Police Department"
"7589",1979,"LA0620000","West Carroll",NA,"LA","West South Central","South","WEST CARROLL","County","Non-MSA counties from 10,000 thru 24,999",10887,9,0,9,3,0,3,12,0,12,1.1,"WEST CARROLL PARISH SHERIFF'S OFFICE              ","West Carroll Parish Sheriff's Office"
"7590",1979,"LA0140100","Haynesville",NA,"LA","West South Central","South","CLAIBORNE","City","Cities from 2,500 thru 9,999",2989,7,0,7,0,0,0,7,0,7,2.34,"HAYNESVILLE POLICE DEPT                           ","Haynesville Police Police Department"
"7591",1979,"LA0170200","Baton Rouge",NA,"LA","West South Central","South","EAST BATON ROUGE","City","Cities from 250,000 thru 499,999",315861,497,15,512,72,106,178,569,121,690,2.18,"BATON ROUGE POLICE DEPARTMENT                     ","Baton Rouge Police Department"
"7592",1979,"LA0100100","De Quincy",NA,"LA","West South Central","South","CALCASIEU","City","Cities from 2,500 thru 9,999",3552,8,0,8,3,0,3,11,0,11,3.1,"DEQUINCY POLICE DEPARTMENT                        ","Dequincy Police Department"
"7593",1979,"LA0030000","Ascension",NA,"LA","West South Central","South","ASCENSION","County","MSA counties from 25,000 thru 99,999",31431,59,1,60,17,2,19,76,3,79,2.51,"ASCENSION PARISH SHERIFF'S OFFICE                 ","Ascension Parish Sheriff's Office"
"7594",1979,"LA0520000","St. Tammany",NA,"LA","West South Central","South","ST TAMMANY","County","MSA counties from 25,000 thru 99,999",53961,83,0,83,41,0,41,124,0,124,2.3,"ST. TAMMANY PARISH SHERIFF'S OFFICE               ","St. Tammany Parish Sheriff's Office"
"7595",1979,"LA0540000","Tensas",NA,"LA","West South Central","South","TENSAS","County","Non-MSA counties under 10,000",7477,11,0,11,2,1,3,13,1,14,1.87,"TENSAS PARISH SHERIFF'S OFFICE                    ","Tensas Parish Sheriff's Office"
"7596",1979,"LA0570200","Kaplan",NA,"LA","West South Central","South","VERMILION","City","Cities from 2,500 thru 9,999",5480,13,0,13,2,0,2,15,0,15,2.74,"KAPLAN POLICE DEPARTMENT                          ","Kaplan Police Department"
"7597",1979,"LA0520300","Mandeville",NA,"LA","West South Central","South","ST TAMMANY","City","Cities from 2,500 thru 9,999",4439,12,0,12,4,0,4,16,0,16,3.6,"MANDEVILLE POLICE DEPARTMENT                      ","Mandeville Police Department"
"7598",1979,"LA0290500","Thibodaux",NA,"LA","West South Central","South","LAFOURCHE","City","Cities from 10,000 thru 24,999",18061,30,3,33,2,5,7,32,8,40,2.21,"THIBODAUX POLICE DEPARTMENT                       ","Thibodaux Police Department"
"7599",1979,"LA0100300","Sulphur",NA,"LA","West South Central","South","CALCASIEU","City","Cities from 10,000 thru 24,999",19070,21,2,23,2,3,5,23,5,28,1.47,"SULPHUR POLICE DEPARTMENT                         ","Sulphur Police Department"
"7600",1979,"LA0160000","De Soto",NA,"LA","West South Central","South","DE SOTO","County","Non-MSA counties from 10,000 thru 24,999",16831,15,0,15,3,0,3,18,0,18,1.07,"DE SOTO PARISH SHERIFF'S OFFICE                   ","De Soto Parish Sheriff's Office"
"7601",1979,"LA0500200","St. Martinville",NA,"LA","West South Central","South","ST MARTIN","City","Cities from 2,500 thru 9,999",7507,9,2,11,1,2,3,10,4,14,1.86,"ST. MARTINVILLE POLICE DEPARTMENT                 ","St. Martinville Police Department"
"7602",1979,"LA0520200","Slidell",NA,"LA","West South Central","South","ST TAMMANY","City","Cities from 25,000 thru 49,999",26592,36,1,37,10,1,11,46,2,48,1.81,"SLIDELL POLICE DEPARTMENT                         ","Slidell Police Department"
"7603",1979,"LA0020100","Kinder",NA,"LA","West South Central","South","ALLEN","City","Cities under 2,500",2416,4,0,4,0,0,0,4,0,4,1.66,"KINDER POLICE DEPARTMENT                          ","Kinder Police Department"
"7604",1979,"LA0560000","Union",NA,"LA","West South Central","South","UNION","County","Non-MSA counties from 10,000 thru 24,999",16439,17,0,17,2,0,2,19,0,19,1.16,"UNION PARISH SHERIFF'S OFFICE                     ","Union Parish Sheriff's Office"
"7605",1979,"LA0540200","Waterproof",NA,"LA","West South Central","South","TENSAS","City","Cities under 2,500",1050,2,0,2,0,0,0,2,0,2,1.9,"WATERPROOF POLICE DEPARTMENT                      ","Waterproof Police Department"
"7606",1979,"LA0230200","Jeanerette",NA,"LA","West South Central","South","IBERIA","City","Cities from 2,500 thru 9,999",6913,7,0,7,5,0,5,12,0,12,1.74,"JEANERETTE POLICE DEPARTMENT                      ","Jeanerette Police Department"
"7607",1979,"LA0530400","Amite",NA,"LA","West South Central","South","TANGIPAHOA","City","Cities from 2,500 thru 9,999",3769,13,0,13,3,0,3,16,0,16,4.25,"AMITE POLICE DEPARTMENT                           ","Amite Police Department"
"7608",1979,"LA0010300","Church Point",NA,"LA","West South Central","South","ACADIA","City","Cities from 2,500 thru 9,999",4102,9,0,9,4,0,4,13,0,13,3.17,"CHURCH POINT POLICE DEPARTMENT                    ","Church Point Police Department"
"7609",1979,"LA0610100","Port Allen",NA,"LA","West South Central","South","WEST BATON ROUGE","City","Cities from 2,500 thru 9,999",5893,14,0,14,0,0,0,14,0,14,2.38,"PORT ALLEN POLICE DEPARTMENT                      ","Port Allen Police Department"
"7610",1979,"LA0640000","Winn",NA,"LA","West South Central","South","WINN","County","Non-MSA counties from 10,000 thru 24,999",10694,17,0,17,3,0,3,20,0,20,1.87,"WINN PARISH SHERIFF'S OFFICE                      ","Winn Parish Sheriff's Office"
"7611",1979,"LA0510500","Baldwin",NA,"LA","West South Central","South","ST MARY","City","Cities from 2,500 thru 9,999",2566,4,0,4,0,1,1,4,1,5,1.95,"BALDWIN POLICE DEPARTMENT                         ","Baldwin Police Department"
"7612",1979,"LA0390000","Pointe Coupee",NA,"LA","West South Central","South","POINTE COUPEE","County","Non-MSA counties from 10,000 thru 24,999",18827,18,0,18,2,0,2,20,0,20,1.06,"POINTE COUPEE PARISH SHERIFF'S OFFICE             ","Pointe Coupee Parish Sheriff's Office"
"7613",1979,"LA0510300","Morgan City",NA,"LA","West South Central","South","ST MARY","City","Cities from 10,000 thru 24,999",16666,38,0,38,1,5,6,39,5,44,2.64,"MORGAN CITY POLICE DEPARTMENT                     ","Morgan City Police Department"
"7614",1979,"LA0320000","Livingston",NA,"LA","West South Central","South","LIVINGSTON","County","MSA counties from 25,000 thru 99,999",41773,54,3,57,20,8,28,74,11,85,2.03,"LIVINGSTON PARISH SHERIFF'S OFFICE                ","Livingston Parish Sheriff's Office"
"7615",1979,"LA0280000","Lafayette",NA,"LA","West South Central","South","LAFAYETTE","County","MSA counties from 25,000 thru 99,999",54510,129,0,129,27,0,27,156,0,156,2.86,"LAFAYETTE PARISH SHERIFF'S OFFICE                 ","Lafayette Parish Sheriff's Office"
"7616",1979,"LA0390100","New Roads",NA,"LA","West South Central","South","POINTE COUPEE","City","Cities from 2,500 thru 9,999",4115,9,0,9,0,0,0,9,0,9,2.19,"NEW ROADS POLICE DEPARTMENT                       ","New Roads Police Department"
"7617",1979,"LA0200200","Mamou",NA,"LA","West South Central","South","EVANGELINE","City","Cities from 2,500 thru 9,999",3437,10,0,10,1,0,1,11,0,11,3.2,"MAMOU POLICE DEPARTMENT                           ","Mamou Police Department"
"7618",1979,"LA0490200","Opelousas",NA,"LA","West South Central","South","ST LANDRY","City","Cities from 10,000 thru 24,999",20327,40,0,40,2,2,4,42,2,44,2.16,"OPELOUSAS POLICE DEPARTMENT                       ","Opelousas Police Department"
"7619",1979,"LA0550100","Houma",NA,"LA","West South Central","South","TERREBONNE","City","Cities from 25,000 thru 49,999",31540,49,1,50,3,10,13,52,11,63,2,"HOUMA POLICE DEPARTMENT                           ","Houma Police Department"
"7620",1979,"LA0430000","Sabine",NA,"LA","West South Central","South","SABINE","County","Non-MSA counties from 10,000 thru 24,999",14858,18,3,21,3,0,3,21,3,24,1.62,"SABINE PARISH SHERIFF'S OFFICE                    ","Sabine Parish Sheriff's Office"
"7621",1979,"LA0490100","Eunice",NA,"LA","West South Central","South","ACADIA, ST LANDRY","City","Cities from 10,000 thru 24,999",12337,20,0,20,4,0,4,24,0,24,1.95,"EUNICE POLICE DEPARTMENT                          ","Eunice Police Department"
"7622",1979,"LA0410000","Red River",NA,"LA","West South Central","South","RED RIVER","County","Non-MSA counties under 10,000",9441,7,0,7,1,0,1,8,0,8,0.85,"RED RIVER PARISH SHERIFF'S OFFICE                 ","Red River Parish Sheriff's Office"
"7623",1979,"LA0150100","Ferriday",NA,"LA","West South Central","South","CONCORDIA","City","Cities from 2,500 thru 9,999",4534,10,0,10,0,0,0,10,0,10,2.21,"FERRIDAY POLICE DEPARTMENT                        ","Ferriday Police Department"
"7624",1979,"LA0420300","Mangham",NA,"LA","West South Central","South","RICHLAND","City","Cities under 2,500",835,2,0,2,0,0,0,2,0,2,2.4,"MANGHAM POLICE DEPARTMENT                         ","Mangham Police Department"
"7625",1979,"LA0080000","Bossier",NA,"LA","West South Central","South","BOSSIER","County","MSA counties from 10,000 thru 24,999",23576,38,0,38,9,1,10,47,1,48,2.04,"BOSSIER PARISH SHERIFF'S OFFICE                   ","Bossier Parish Sheriff's Office"
"7626",1979,"LA0140000","Claiborne",NA,"LA","West South Central","South","CLAIBORNE","County","Non-MSA counties under 10,000",9436,12,0,12,3,0,3,15,0,15,1.59,"CLAIBORNE PARISH SHERIFF'S OFFICE                 ","Claiborne Parish Sheriff's Office"
"7627",1979,"LA0090100","Shreveport",NA,"LA","West South Central","South","BOSSIER, CADDO","City","Cities from 100,000 thru 249,999",193355,337,53,390,10,64,74,347,117,464,2.4,"SHREVEPORT POLICE DEPARTMENT                      ","Shreveport Police Department"
"7628",1979,"LA0240000","Iberville",NA,"LA","West South Central","South","IBERVILLE","County","Non-MSA counties from 10,000 thru 24,999",23460,79,0,79,41,0,41,120,0,120,5.12,"IBERVILLE PARISH SHERIFF'S OFFICE                 ","Iberville Parish Sheriff's Office"
"7629",1979,"LA0510100","Berwick",NA,"LA","West South Central","South","ST MARY","City","Cities from 2,500 thru 9,999",4361,9,0,9,1,0,1,10,0,10,2.29,"BERWICK POLICE DEPARTMENT                         ","Berwick Police Department"
"7630",1979,"LA0580000","Vernon",NA,"LA","West South Central","South","VERNON","County","Non-MSA counties from 25,000 thru 99,999",37683,29,0,29,10,1,11,39,1,40,1.06,"VERNON PARISH SHERIFF'S OFFICE                    ","Vernon Parish Sheriff's Office"
"7631",1979,"LA0260200","Harahan",NA,"LA","West South Central","South","JEFFERSON","City","Cities from 10,000 thru 24,999",14468,16,0,16,2,2,4,18,2,20,1.38,"HARAHAN POLICE DEPARTMENT                         ","Harahan Police Department"
"7632",1979,"LA0420000","Richland",NA,"LA","West South Central","South","RICHLAND","County","Non-MSA counties from 10,000 thru 24,999",14038,22,0,22,1,0,1,23,0,23,1.64,"RICHLAND PARISH SHERIFF'S OFFICE                  ","Richland Parish Sheriff's Office"
"7633",1979,"LA0610000","West Baton Rouge",NA,"LA","West South Central","South","WEST BATON ROUGE","County","MSA counties from 10,000 thru 24,999",12481,27,0,27,4,0,4,31,0,31,2.48,"WEST BATON ROUGE PARISH SHERIFF'S OFFICE          ","West Baton Rouge Parish Sheriff's Office"
"7634",1979,"LA0510400","Patterson",NA,"LA","West South Central","South","ST MARY","City","Cities from 2,500 thru 9,999",4868,11,0,11,3,0,3,14,0,14,2.88,"PATTERSON POLICE DEPARTMENT                       ","Patterson Police Department"
"7635",1979,"LA0050100","Bunkie",NA,"LA","West South Central","South","AVOYELLES","City","Cities from 2,500 thru 9,999",5215,9,0,9,2,1,3,11,1,12,2.3,"BUNKIE POLICE DEPARTMENT                          ","Bunkie Police Department"
"7636",1979,"LA0260000","Jefferson",NA,"LA","West South Central","South","JEFFERSON","County","MSA counties 100,000 or over",321571,483,101,584,100,123,223,583,224,807,2.51,"JEFFERSON PARISH SHERIFF'S OFFICE                 ","Jefferson Parish Sheriff's Office"
"7637",1979,"LA0010000","Acadia",NA,"LA","West South Central","South","ACADIA","County","Non-MSA counties from 10,000 thru 24,999",24352,39,0,39,8,0,8,47,0,47,1.93,"ACADIA PARISH SHERIFF'S OFFICE                    ","Acadia Parish Sheriff's Office"
"7638",1979,"LA0500000","St. Martin",NA,"LA","West South Central","South","ST MARTIN","County","Non-MSA counties from 10,000 thru 24,999",23573,31,0,31,7,0,7,38,0,38,1.61,"ST. MARTIN PARISH SHERIFF'S OFFICE                ","St. Martin Parish Sheriff's Office"
"7639",1979,"LA0020000","Allen",NA,"LA","West South Central","South","ALLEN","County","Non-MSA counties from 10,000 thru 24,999",11655,25,0,25,1,2,3,26,2,28,2.4,"ALLEN PARISH SHERIFF'S OFFICE                     ","Allen Parish Sheriff's Office"
"7640",1979,"LA0170100","Baker",NA,"LA","West South Central","South","EAST BATON ROUGE","City","Cities from 10,000 thru 24,999",13270,21,0,21,2,0,2,23,0,23,1.73,"BAKER POLICE DEPARTMENT                           ","Baker Police Department"
"7641",1979,"LA0110000","Caldwell",NA,"LA","West South Central","South","CALDWELL","County","Non-MSA counties from 10,000 thru 24,999",10354,17,5,22,2,0,2,19,5,24,2.32,"CALDWELL PARISH SHERIFF'S OFFICE                  ","Caldwell Parish Sheriff's Office"
"7642",1979,"LA0020200","Oakdale",NA,"LA","West South Central","South","ALLEN","City","Cities from 2,500 thru 9,999",6942,14,0,14,4,0,4,18,0,18,2.59,"OAKDALE POLICE DEPARTMENT                         ","Oakdale Police Department"
"7643",1978,"LA0310000","Lincoln",NA,"LA","West South Central","South","LINCOLN","County","Non-MSA counties from 10,000 thru 24,999",11909,17,0,17,5,0,5,22,0,22,1.85,"LINCOLN PARISH SHERIFF'S OFFICE                   ","Lincoln Parish Sheriff's Office"
"7644",1978,"LA0170300","Zachary",NA,"LA","West South Central","South","EAST BATON ROUGE","City","Cities from 2,500 thru 9,999",7013,14,0,14,1,0,1,15,0,15,2.14,"ZACHARY POLICE DEPARTMENT                         ","Zachary Police Department"
"7645",1978,"LA0300000","La Salle",NA,"LA","West South Central","South","LA SALLE","County","Non-MSA counties from 10,000 thru 24,999",12408,23,8,31,2,1,3,25,9,34,2.74,"LA SALLE PARISH SHERIFF'S OFFICE                  ","La Salle Parish Sheriff's Office"
"7646",1978,"LA0230300","New Iberia",NA,"LA","West South Central","South","IBERIA","City","Cities from 25,000 thru 49,999",32544,54,3,57,5,8,13,59,11,70,2.15,"NEW IBERIA PD                                     ","New Iberia Police Department"
"7647",1978,"LA0350100","Natchitoches",NA,"LA","West South Central","South","NATCHITOCHES","City","Cities from 10,000 thru 24,999",16656,35,1,36,9,1,10,44,2,46,2.76,"NATCHITOCHES POLICE DEPARTMENT                    ","Natchitoches Police Department"
"7648",1978,"LA0330100","Tallulah",NA,"LA","West South Central","South","MADISON","City","Cities from 2,500 thru 9,999",9408,13,1,14,5,0,5,18,1,19,2.02,"TALLULAH POLICE DEPT.                             ","Tallulah Police Police Department"
"7649",1978,"LA0630000","West Feliciana",NA,"LA","West South Central","South","WEST FELICIANA","County","Non-MSA counties under 10,000",9865,12,2,14,3,1,4,15,3,18,1.82,"WEST FELICIANA PARISH SHERIFF'S OFFICE            ","West Feliciana Parish Sheriff's Office"
"7650",1978,"LA0530000","Tangipahoa",NA,"LA","West South Central","South","TANGIPAHOA","County","Non-MSA counties from 25,000 thru 99,999",50602,63,0,63,18,0,18,81,0,81,1.6,"TANGIPAHOA PARISH SHERIFF'S OFFICE                ","Tangipahoa Parish Sheriff's Office"
"7651",1978,"LA0270400","Welsh",NA,"LA","West South Central","South","JEFFERSON DAVIS","City","Cities from 2,500 thru 9,999",3435,7,0,7,1,0,1,8,0,8,2.33,"WELSH POLICE DEPARTMENT                           ","Welsh Police Department"
"7652",1978,"LA0260300","Kenner",NA,"LA","West South Central","South","JEFFERSON","City","Cities from 25,000 thru 49,999",48207,80,7,87,7,1,8,87,8,95,1.97,"KENNER POLICE DEPARTMENT                          ","Kenner Police Department"
"7653",1978,"LA0570000","Vermilion",NA,"LA","West South Central","South","VERMILION","County","Non-MSA counties from 25,000 thru 99,999",28574,46,0,46,8,0,8,54,0,54,1.89,"VERMILION PARISH SHERIFF'S OFFICE                 ","Vermilion Parish Sheriff's Office"
"7654",1978,"LA0030100","Donaldsonville",NA,"LA","West South Central","South","ASCENSION","City","Cities from 2,500 thru 9,999",7781,13,0,13,3,0,3,16,0,16,2.06,"DONALDSONVILLE PD                                 ","Donaldsonville Police Department"
"7655",1978,"LA0620100","Oak Grove",NA,"LA","West South Central","South","WEST CARROLL","City","Cities under 2,500",2318,5,0,5,3,0,3,8,0,8,3.45,"OAK GROVE POLICE DEPARTMENT                       ","Oak Grove Police Department"
"7656",1978,"LA0150200","Vidalia",NA,"LA","West South Central","South","CONCORDIA","City","Cities from 2,500 thru 9,999",5739,8,0,8,3,0,3,11,0,11,1.92,"VIDALIA POLICE DEPARTMENT                         ","Vidalia Police Department"
"7657",1978,"LA0040000","Assumption",NA,"LA","West South Central","South","ASSUMPTION","County","Non-MSA counties from 10,000 thru 24,999",20794,24,1,25,1,3,4,25,4,29,1.39,"ASSUMPTION PARISH SHERIFF'S OFFICE                ","Assumption Parish Sheriff's Office"
"7658",1978,"LA0560000","Union",NA,"LA","West South Central","South","UNION","County","Non-MSA counties from 10,000 thru 24,999",16654,14,0,14,2,0,2,16,0,16,0.96,"UNION PARISH SHERIFF'S OFFICE                     ","Union Parish Sheriff's Office"
"7659",1978,"LA0540200","Waterproof",NA,"LA","West South Central","South","TENSAS","City","Cities under 2,500",1538,1,0,1,0,0,0,1,0,1,0.65,"WATERPROOF POLICE DEPARTMENT                      ","Waterproof Police Department"
"7660",1978,"LA0500200","St. Martinville",NA,"LA","West South Central","South","ST MARTIN","City","Cities from 2,500 thru 9,999",7746,12,0,12,2,0,2,14,0,14,1.81,"ST. MARTINVILLE POLICE DEPARTMENT                 ","St. Martinville Police Department"
"7661",1978,"LA0200000","Evangeline",NA,"LA","West South Central","South","EVANGELINE","County","Non-MSA counties from 10,000 thru 24,999",19730,28,0,28,3,0,3,31,0,31,1.57,"EVANGELINE PARISH SHERIFF'S OFFICE                ","Evangeline Parish Sheriff's Office"
"7662",1978,"LA0520200","Slidell",NA,"LA","West South Central","South","ST TAMMANY","City","Cities from 25,000 thru 49,999",26086,36,1,37,8,1,9,44,2,46,1.76,"SLIDELL POLICE DEPARTMENT                         ","Slidell Police Department"
"7663",1978,"LA0080100","Bossier City",NA,"LA","West South Central","South","BOSSIER","City","Cities from 50,000 thru 99,999",52786,93,2,95,10,15,25,103,17,120,2.27,"BOSSIER CITY POLICE DEPT                          ","Bossier City Police Police Department"
"7664",1978,"LA0310100","Dubach",NA,"LA","West South Central","South","LINCOLN","City","Cities under 2,500",1107,4,0,4,0,0,0,4,0,4,3.61,"DUBACH POLICE DEPT                                ","Dubach Police Police Department"
"7665",1978,"LA0210100","Winnsboro",NA,"LA","West South Central","South","FRANKLIN","City","Cities from 2,500 thru 9,999",5246,7,0,7,0,0,0,7,0,7,1.33,"WINNSBORO POLICE DEPARTMENT                       ","Winnsboro Police Department"
"7666",1978,"LA0220000","Grant",NA,"LA","West South Central","South","GRANT","County","MSA counties from 10,000 thru 24,999",15150,21,0,21,5,0,5,26,0,26,1.72,"GRANT PARISH SHERIFF'S OFFICE                     ","Grant Parish Sheriff's Office"
"7667",1978,"LA0050200","Marksville",NA,"LA","West South Central","South","AVOYELLES","City","Cities from 2,500 thru 9,999",5000,10,0,10,2,0,2,12,0,12,2.4,"MARKSVILLE POLICE DEPARTMENT                      ","Marksville Police Department"
"7668",1978,"LA0260100","Gretna",NA,"LA","West South Central","South","JEFFERSON","City","Cities from 25,000 thru 49,999",28406,48,0,48,2,1,3,50,1,51,1.8,"GRETNA POLICE DEPARTMENT                          ","Gretna Police Department"
"7669",1978,"LA0180000","East Carroll",NA,"LA","West South Central","South","EAST CARROLL","County","Non-MSA counties under 10,000",5700,12,0,12,4,0,4,16,0,16,2.81,"EAST CARROLL PARISH SHERIFF'S OFFICE              ","East Carroll Parish Sheriff's Office"
"7670",1978,"LA0230000","Iberia",NA,"LA","West South Central","South","IBERIA","County","Non-MSA counties from 10,000 thru 24,999",24577,96,0,96,21,0,21,117,0,117,4.76,"IBERIA PARISH SHERIFF'S OFFICE                    ","Iberia Parish Sheriff's Office"
"7671",1978,"LA0440000","St. Bernard",NA,"LA","West South Central","South","ST BERNARD","County","MSA counties from 25,000 thru 99,999",62258,145,0,145,16,0,16,161,0,161,2.59,"ST. BERNARD PARISH SHERIFF'S OFFICE               ","St. Bernard Parish Sheriff's Office"
"7672",1978,"LA0170000","East Baton Rouge",NA,"LA","West South Central","South","EAST BATON ROUGE","County","MSA counties 100,000 or over",103253,292,0,292,99,0,99,391,0,391,3.79,"EAST BATON ROUGE PARISH SHERIFF'S OFFICE          ","East Baton Rouge Parish Sheriff's Office"
"7673",1978,"LA0260400","Westwego",NA,"LA","West South Central","South","JEFFERSON","City","Cities from 10,000 thru 24,999",11624,17,0,17,1,0,1,18,0,18,1.55,"WESTWEGO POLICE DEPARTMENT                        ","Westwego Police Department"
"7674",1978,"LA0230200","Jeanerette",NA,"LA","West South Central","South","IBERIA","City","Cities from 2,500 thru 9,999",6754,8,0,8,5,0,5,13,0,13,1.92,"JEANERETTE POLICE DEPARTMENT                      ","Jeanerette Police Department"
"7675",1978,"LA0380000","Plaquemines",NA,"LA","West South Central","South","PLAQUEMINES","County","Non-MSA counties from 25,000 thru 99,999",26695,59,0,59,9,0,9,68,0,68,2.55,"PLAQUEMINES PARISH SHERIFF'S OFFICE               ","Plaquemines Parish Sheriff's Office"
"7676",1978,"LA0530200","Kentwood",NA,"LA","West South Central","South","TANGIPAHOA","City","Cities from 2,500 thru 9,999",2721,7,0,7,1,0,1,8,0,8,2.94,"KENTWOOD POLICE DEPARTMENT                        ","Kentwood Police Department"
"7677",1978,"LA0600200","Springhill",NA,"LA","West South Central","South","WEBSTER","City","Cities from 2,500 thru 9,999",6696,11,0,11,1,0,1,12,0,12,1.79,"SPRINGHILL POLICE DEPARTMENT                      ","Springhill Police Department"
"7678",1978,"LA0600100","Minden",NA,"LA","West South Central","South","WEBSTER","City","Cities from 10,000 thru 24,999",14324,19,0,19,1,0,1,20,0,20,1.4,"MINDEN POLICE DEPARTMENT                          ","Minden Police Department"
"7679",1978,"LA0560100","Farmerville",NA,"LA","West South Central","South","UNION","City","Cities from 2,500 thru 9,999",3434,6,0,6,2,0,2,8,0,8,2.33,"FARMERVILLE POLICE DEPARTMENT                     ","Farmerville Police Department"
"7680",1978,"LA0420100","Delhi",NA,"LA","West South Central","South","RICHLAND","City","Cities from 2,500 thru 9,999",3072,4,0,4,1,0,1,5,0,5,1.63,"DELHI POLICE DEPARTMENT                           ","Delhi Police Department"
"7681",1978,"LA0150100","Ferriday",NA,"LA","West South Central","South","CONCORDIA","City","Cities from 2,500 thru 9,999",4818,10,3,13,0,0,0,10,3,13,2.7,"FERRIDAY POLICE DEPARTMENT                        ","Ferriday Police Department"
"7682",1978,"LA0510300","Morgan City",NA,"LA","West South Central","South","ST MARY","City","Cities from 10,000 thru 24,999",16740,34,5,39,0,5,5,34,10,44,2.63,"MORGAN CITY POLICE DEPARTMENT                     ","Morgan City Police Department"
"7683",1978,"LA0010300","Church Point",NA,"LA","West South Central","South","ACADIA","City","Cities from 2,500 thru 9,999",4245,10,0,10,0,1,1,10,1,11,2.59,"CHURCH POINT POLICE DEPARTMENT                    ","Church Point Police Department"
"7684",1978,"LA0530400","Amite",NA,"LA","West South Central","South","TANGIPAHOA","City","Cities from 2,500 thru 9,999",3935,10,0,10,1,0,1,11,0,11,2.8,"AMITE POLICE DEPARTMENT                           ","Amite Police Department"
"7685",1978,"LA0550000","Terrebonne",NA,"LA","West South Central","South","TERREBONNE","County","Non-MSA counties from 25,000 thru 99,999",50753,96,0,96,24,0,24,120,0,120,2.36,"TERREBONNE PARISH SHERIFF'S OFFICE                ","Terrebonne Parish Sheriff's Office"
"7686",1978,"LA0530300","Ponchatoula",NA,"LA","West South Central","South","TANGIPAHOA","City","Cities from 2,500 thru 9,999",4759,10,0,10,3,0,3,13,0,13,2.73,"PONCHATOULA POLICE DEPARTMENT                     ","Ponchatoula Police Department"
"7687",1978,"LA0010200","Rayne",NA,"LA","West South Central","South","ACADIA","City","Cities from 2,500 thru 9,999",9671,17,0,17,1,0,1,18,0,18,1.86,"RAYNE POLICE DEPARTMENT                           ","Rayne Police Department"
"7688",1978,"LA0100300","Sulphur",NA,"LA","West South Central","South","CALCASIEU","City","Cities from 10,000 thru 24,999",17740,23,2,25,0,3,3,23,5,28,1.58,"SULPHUR POLICE DEPARTMENT                         ","Sulphur Police Department"
"7689",1978,"LA0160000","De Soto",NA,"LA","West South Central","South","DE SOTO","County","Non-MSA counties from 10,000 thru 24,999",16655,11,0,11,3,0,3,14,0,14,0.84,"DE SOTO PARISH SHERIFF'S OFFICE                   ","De Soto Parish Sheriff's Office"
"7690",1978,"LA0580100","Leesville",NA,"LA","West South Central","South","VERNON","City","Cities from 2,500 thru 9,999",8808,20,0,20,2,2,4,22,2,24,2.72,"LEESVILLE POLICE DEPARTMENT                       ","Leesville Police Department"
"7691",1978,"LA0590200","Franklinton",NA,"LA","West South Central","South","WASHINGTON","City","Cities from 2,500 thru 9,999",3912,10,0,10,4,0,4,14,0,14,3.58,"FRANKLINTON POLICE DEPARTMENT                     ","Franklinton Police Department"
"7692",1978,"LA0430000","Sabine",NA,"LA","West South Central","South","SABINE","County","Non-MSA counties from 10,000 thru 24,999",16775,16,0,16,1,0,1,17,0,17,1.01,"SABINE PARISH SHERIFF'S OFFICE                    ","Sabine Parish Sheriff's Office"
"7693",1978,"LA0490100","Eunice",NA,"LA","West South Central","South","ACADIA, ST LANDRY","City","Cities from 10,000 thru 24,999",12604,25,0,25,3,0,3,28,0,28,2.22,"EUNICE POLICE DEPARTMENT                          ","Eunice Police Department"
"7694",1978,"LA0420300","Mangham",NA,"LA","West South Central","South","RICHLAND","City","Cities under 2,500",779,2,0,2,0,0,0,2,0,2,2.57,"MANGHAM POLICE DEPARTMENT                         ","Mangham Police Department"
"7695",1978,"LA0410000","Red River",NA,"LA","West South Central","South","RED RIVER","County","Non-MSA counties under 10,000",9250,10,0,10,2,0,2,12,0,12,1.3,"RED RIVER PARISH SHERIFF'S OFFICE                 ","Red River Parish Sheriff's Office"
"7696",1978,"LA0570100","Abbeville",NA,"LA","West South Central","South","VERMILION","City","Cities from 10,000 thru 24,999",12739,21,0,21,2,2,4,23,2,25,1.96,"ABBEVILLE POLICE DEPARTMENT                       ","Abbeville Police Department"
"7697",1978,"LA0100500","Westlake",NA,"LA","West South Central","South","CALCASIEU","City","Cities from 2,500 thru 9,999",4305,8,0,8,4,0,4,12,0,12,2.79,"WESTLAKE POLICE DEPARTMENT                        ","Westlake Police Department"
"7698",1978,"LA0200300","Ville Platte",NA,"LA","West South Central","South","EVANGELINE","City","Cities from 2,500 thru 9,999",9951,27,0,27,0,0,0,27,0,27,2.71,"VILLE PLATTE POLICE DEPARTMENT                    ","Ville Platte Police Department"
"7699",1978,"LA0090200","Vivian",NA,"LA","West South Central","South","CADDO","City","Cities from 2,500 thru 9,999",4208,11,0,11,1,0,1,12,0,12,2.85,"VIVIAN POLICE DEPARTMENT                          ","Vivian Police Department"
"7700",1978,"LA0640100","Winnfield",NA,"LA","West South Central","South","WINN","City","Cities from 2,500 thru 9,999",7272,11,0,11,4,0,4,15,0,15,2.06,"WINNFIELD POLICE DEPT                             ","Winnfield Police Police Department"
"7701",1978,"LA0160100","Mansfield",NA,"LA","West South Central","South","DE SOTO","City","Cities from 2,500 thru 9,999",7048,11,0,11,0,0,0,11,0,11,1.56,"MANSFIELD POLICE DEPARTMENT                       ","Mansfield Police Department"
"7702",1978,"LA0530100","Hammond",NA,"LA","West South Central","South","TANGIPAHOA","City","Cities from 10,000 thru 24,999",14330,35,0,35,3,2,5,38,2,40,2.79,"HAMMOND POLICE DEPARTMENT                         ","Hammond Police Department"
"7703",1978,"LA0080000","Bossier",NA,"LA","West South Central","South","BOSSIER","County","MSA counties from 10,000 thru 24,999",18628,36,0,36,11,0,11,47,0,47,2.52,"BOSSIER PARISH SHERIFF'S OFFICE                   ","Bossier Parish Sheriff's Office"
"7704",1978,"LA0090100","Shreveport",NA,"LA","West South Central","South","BOSSIER, CADDO","City","Cities from 100,000 thru 249,999",207223,355,44,399,9,65,74,364,109,473,2.28,"SHREVEPORT POLICE DEPARTMENT                      ","Shreveport Police Department"
"7705",1978,"LA0140000","Claiborne",NA,"LA","West South Central","South","CLAIBORNE","County","Non-MSA counties under 10,000",8922,12,0,12,4,0,4,16,0,16,1.79,"CLAIBORNE PARISH SHERIFF'S OFFICE                 ","Claiborne Parish Sheriff's Office"
"7706",1978,"LA0340400","Collinston",NA,"LA","West South Central","South","MOREHOUSE","City","Cities under 2,500",455,1,0,1,0,0,0,1,0,1,2.2,"COLLINSTON POLICE DEPT                            ","Collinston Police Police Department"
"7707",1978,"LA0320100","Denham Springs",NA,"LA","West South Central","South","LIVINGSTON","City","Cities from 2,500 thru 9,999",7931,18,0,18,2,3,5,20,3,23,2.9,"DENHAM SPRINGS POLICE DEPARTMENT                  ","Denham Springs Police Department"
"7708",1978,"LA0070100","Arcadia",NA,"LA","West South Central","South","BIENVILLE","City","Cities from 2,500 thru 9,999",3181,5,0,5,0,0,0,5,0,5,1.57,"ARCADIA POLICE DEPARTMENT                         ","Arcadia Police Department"
"7709",1978,"LA0060000","Beauregard",NA,"LA","West South Central","South","BEAUREGARD","County","Non-MSA counties from 10,000 thru 24,999",16654,23,0,23,6,0,6,29,0,29,1.74,"BEAUREGARD PARISH SHERIFF'S OFFICE                ","Beauregard Parish Sheriff's Office"
"7710",1978,"LA0401000","Ball",NA,"LA","West South Central","South","RAPIDES","City","Cities from 2,500 thru 9,999",2869,4,0,4,0,0,0,4,0,4,1.39,"BALL POLICE DEPARTMENT                            ","Ball Police Department"
"7711",1978,"LA0150000","Concordia",NA,"LA","West South Central","South","CONCORDIA","County","Non-MSA counties from 10,000 thru 24,999",10569,16,0,16,6,0,6,22,0,22,2.08,"CONCORDIA PARISH SHERIFF'S OFFICE                 ","Concordia Parish Sheriff's Office"
"7712",1978,"LA0370100","Monroe",NA,"LA","West South Central","South","OUACHITA","City","Cities from 50,000 thru 99,999",61377,103,10,113,3,20,23,106,30,136,2.22,"MONROE POLICE DEPARTMENT                          ","Monroe Police Department"
"7713",1978,"LA0420200","Rayville",NA,"LA","West South Central","South","RICHLAND","City","Cities from 2,500 thru 9,999",4202,7,0,7,0,0,0,7,0,7,1.67,"RAYVILLE POLICE DEPARTMENT                        ","Rayville Police Department"
"7714",1978,"LA0250000","Jackson",NA,"LA","West South Central","South","JACKSON","County","Non-MSA counties from 10,000 thru 24,999",11853,19,0,19,2,1,3,21,1,22,1.86,"JACKSON PARISH SHERIFF'S OFFICE                   ","Jackson Parish Sheriff's Office"
"7715",1978,"LA0060100","De Ridder",NA,"LA","West South Central","South","BEAUREGARD","City","Cities from 10,000 thru 24,999",10973,19,0,19,7,0,7,26,0,26,2.37,"DERIDDER POLICE DEPARTMENT                        ","Deridder Police Department"
"7716",1978,"LA0600000","Webster",NA,"LA","West South Central","South","WEBSTER","County","MSA counties from 10,000 thru 24,999",21046,30,0,30,6,0,6,36,0,36,1.71,"WEBSTER PARISH SHERIFF'S OFFICE                   ","Webster Parish Sheriff's Office"
"7717",1978,"LA0090000","Caddo",NA,"LA","West South Central","South","CADDO","County","MSA counties from 25,000 thru 99,999",31264,123,0,123,17,0,17,140,0,140,4.48,"CADDO PARISH SHERIFF'S OFFICE                     ","Caddo Parish Sheriff's Office"
"7718",1978,"LA0620000","West Carroll",NA,"LA","West South Central","South","WEST CARROLL","County","Non-MSA counties from 10,000 thru 24,999",10516,12,3,15,2,1,3,14,4,18,1.71,"WEST CARROLL PARISH SHERIFF'S OFFICE              ","West Carroll Parish Sheriff's Office"
"7719",1978,"LA0420000","Richland",NA,"LA","West South Central","South","RICHLAND","County","Non-MSA counties from 10,000 thru 24,999",13470,22,0,22,1,0,1,23,0,23,1.71,"RICHLAND PARISH SHERIFF'S OFFICE                  ","Richland Parish Sheriff's Office"
"7720",1978,"LA0030000","Ascension",NA,"LA","West South Central","South","ASCENSION","County","MSA counties from 25,000 thru 99,999",29276,54,0,54,17,1,18,71,1,72,2.46,"ASCENSION PARISH SHERIFF'S OFFICE                 ","Ascension Parish Sheriff's Office"
"7721",1978,"LA0520000","St. Tammany",NA,"LA","West South Central","South","ST TAMMANY","County","MSA counties from 25,000 thru 99,999",55352,77,0,77,38,0,38,115,0,115,2.08,"ST. TAMMANY PARISH SHERIFF'S OFFICE               ","St. Tammany Parish Sheriff's Office"
"7722",1978,"LA0540000","Tensas",NA,"LA","West South Central","South","TENSAS","County","Non-MSA counties under 10,000",6837,11,0,11,3,0,3,14,0,14,2.05,"TENSAS PARISH SHERIFF'S OFFICE                    ","Tensas Parish Sheriff's Office"
"7723",1978,"LA0260200","Harahan",NA,"LA","West South Central","South","JEFFERSON","City","Cities from 10,000 thru 24,999",14589,11,1,12,2,3,5,13,4,17,1.17,"HARAHAN POLICE DEPARTMENT                         ","Harahan Police Department"
"7724",1978,"LA0520300","Mandeville",NA,"LA","West South Central","South","ST TAMMANY","City","Cities from 2,500 thru 9,999",3565,12,0,12,2,0,2,14,0,14,3.93,"MANDEVILLE POLICE DEPARTMENT                      ","Mandeville Police Department"
"7725",1978,"LA0290500","Thibodaux",NA,"LA","West South Central","South","LAFOURCHE","City","Cities from 10,000 thru 24,999",16705,27,3,30,1,4,5,28,7,35,2.1,"THIBODAUX POLICE DEPARTMENT                       ","Thibodaux Police Department"
"7726",1978,"LA0570200","Kaplan",NA,"LA","West South Central","South","VERMILION","City","Cities from 2,500 thru 9,999",5657,14,0,14,2,0,2,16,0,16,2.83,"KAPLAN POLICE DEPARTMENT                          ","Kaplan Police Department"
"7727",1978,"LA0400000","Rapides",NA,"LA","West South Central","South","RAPIDES","County","MSA counties from 25,000 thru 99,999",57991,107,0,107,12,0,12,119,0,119,2.05,"RAPIDES PARISH SHERIFF'S OFFICE                   ","Rapides Parish Sheriff's Office"
"7728",1978,"LA0430100","Many",NA,"LA","West South Central","South","SABINE","City","Cities from 2,500 thru 9,999",3314,8,0,8,1,0,1,9,0,9,2.72,"MANY POLICE DEPARTMENT                            ","Many Police Department"
"7729",1978,"LA0520100","Covington",NA,"LA","West South Central","South","ST TAMMANY","City","Cities from 2,500 thru 9,999",7578,19,1,20,6,0,6,25,1,26,3.43,"COVINGTON POLICE DEPARTMENT                       ","Covington Police Department"
"7730",1978,"LA0050300","Simmesport",NA,"LA","West South Central","South","AVOYELLES","City","Cities under 2,500",2111,2,0,2,0,0,0,2,0,2,0.95,"SIMMESPORT POLICE DEPT.                           ","Simmesport Police Police Department"
"7731",1978,"LA0180100","Lake Providence",NA,"LA","West South Central","South","EAST CARROLL","City","Cities from 2,500 thru 9,999",5953,11,0,11,2,0,2,13,0,13,2.18,"LAKE PROVIDENCE POLICE DEPARTMENT                 ","Lake Providence Police Department"
"7732",1978,"LA0070000","Bienville",NA,"LA","West South Central","South","BIENVILLE","County","Non-MSA counties from 10,000 thru 24,999",13774,16,3,19,2,2,4,18,5,23,1.67,"BIENVILLE PARISH SHERIFF'S OFFICE                 ","Bienville Parish Sheriff's Office"
"7733",1978,"LA0140200","Homer",NA,"LA","West South Central","South","CLAIBORNE","City","Cities from 2,500 thru 9,999",4304,8,0,8,1,0,1,9,0,9,2.09,"HOMER POLICE DEPARTMENT                           ","Homer Police Department"
"7734",1978,"LA0210400","Baskin",NA,"LA","West South Central","South","FRANKLIN","City","Cities under 2,500",258,2,0,2,0,1,1,2,1,3,11.63,"BASKIN POLICE DEPARTMENT                          ","Baskin Police Department"
"7735",1978,"LA0210000","Franklin",NA,"LA","West South Central","South","FRANKLIN","County","Non-MSA counties from 10,000 thru 24,999",18466,17,1,18,5,0,5,22,1,23,1.25,"FRANKLIN PARISH SHERIFF'S OFFICE                  ","Franklin Parish Sheriff's Office"
"7736",1978,"LA0100000","Calcasieu",NA,"LA","West South Central","South","CALCASIEU","County","MSA counties from 25,000 thru 99,999",48950,160,0,160,39,0,39,199,0,199,4.07,"CALCASIEU PARISH SHERIFF'S OFFICE                 ","Calcasieu Parish Sheriff's Office"
"7737",1978,"LA0370200","West Monroe",NA,"LA","West South Central","South","OUACHITA","City","Cities from 10,000 thru 24,999",15825,32,3,35,6,0,6,38,3,41,2.59,"WEST MONROE POLICE DEPARTMENT                     ","West Monroe Police Department"
"7738",1978,"LA0170200","Baton Rouge",NA,"LA","West South Central","South","EAST BATON ROUGE","City","Cities from 100,000 thru 249,999",210130,491,12,503,67,60,127,558,72,630,3,"BATON ROUGE POLICE DEPARTMENT                     ","Baton Rouge Police Department"
"7739",1978,"LA0140100","Haynesville",NA,"LA","West South Central","South","CLAIBORNE","City","Cities from 2,500 thru 9,999",3455,7,0,7,0,0,0,7,0,7,2.03,"HAYNESVILLE POLICE DEPT                           ","Haynesville Police Police Department"
"7740",1978,"LA0100100","De Quincy",NA,"LA","West South Central","South","CALCASIEU","City","Cities from 2,500 thru 9,999",3752,8,0,8,3,0,3,11,0,11,2.93,"DEQUINCY POLICE DEPARTMENT                        ","Dequincy Police Department"
"7741",1978,"LA0290100","Golden Meadow",NA,"LA","West South Central","South","LAFOURCHE","City","Cities from 2,500 thru 9,999",2611,4,0,4,0,1,1,4,1,5,1.91,"GOLDEN MEADOW POLICE DEPARTMENT                   ","Golden Meadow Police Department"
"7742",1978,"LA0490000","St. Landry",NA,"LA","West South Central","South","ST LANDRY","County","Non-MSA counties from 25,000 thru 99,999",47206,90,0,90,27,0,27,117,0,117,2.48,"ST. LANDRY PARISH SHERIFF'S OFFICE                ","St. Landry Parish Sheriff's Office"
"7743",1978,"LA0280300","Lafayette",NA,"LA","West South Central","South","LAFAYETTE","City","Cities from 50,000 thru 99,999",81359,111,8,119,2,30,32,113,38,151,1.86,"LAFAYETTE POLICE DEPARTMENT                       ","Lafayette Police Department"
"7744",1978,"LA0610000","West Baton Rouge",NA,"LA","West South Central","South","WEST BATON ROUGE","County","MSA counties from 10,000 thru 24,999",12385,27,0,27,4,0,4,31,0,31,2.5,"WEST BATON ROUGE PARISH SHERIFF'S OFFICE          ","West Baton Rouge Parish Sheriff's Office"
"7745",1978,"LA0510400","Patterson",NA,"LA","West South Central","South","ST MARY","City","Cities from 2,500 thru 9,999",4740,12,0,12,2,0,2,14,0,14,2.95,"PATTERSON POLICE DEPARTMENT                       ","Patterson Police Department"
"7746",1978,"LA0550100","Houma",NA,"LA","West South Central","South","TERREBONNE","City","Cities from 25,000 thru 49,999",38681,46,2,48,4,6,10,50,8,58,1.5,"HOUMA POLICE DEPARTMENT                           ","Houma Police Department"
"7747",1978,"LA0240000","Iberville",NA,"LA","West South Central","South","IBERVILLE","County","Non-MSA counties from 10,000 thru 24,999",23081,49,0,49,35,0,35,84,0,84,3.64,"IBERVILLE PARISH SHERIFF'S OFFICE                 ","Iberville Parish Sheriff's Office"
"7748",1978,"LA0500100","Breaux Bridge",NA,"LA","West South Central","South","ST MARTIN","City","Cities from 2,500 thru 9,999",5697,8,0,8,3,0,3,11,0,11,1.93,"BREAUX BRIDGE POLICE DEPARTMENT                   ","Breaux Bridge Police Department"
"7749",1978,"LA0010100","Crowley",NA,"LA","West South Central","South","ACADIA","City","Cities from 10,000 thru 24,999",18532,29,0,29,3,0,3,32,0,32,1.73,"CROWLEY POLICE DEPARTMENT                         ","Crowley Police Department"
"7750",1978,"LA0460000","St. Helena",NA,"LA","West South Central","South","ST HELENA","County","Non-MSA counties under 10,000",9893,8,0,8,3,0,3,11,0,11,1.11,"ST. HELENA PARISH SHERIFF'S OFFICE                ","St. Helena Parish Sheriff's Office"
"7751",1978,"LA0130100","Jonesville",NA,"LA","West South Central","South","CATAHOULA","City","Cities from 2,500 thru 9,999",2788,9,0,9,2,0,2,11,0,11,3.95,"JONESVILLE POLICE DEPARTMENT                      ","Jonesville Police Department"
"7752",1978,"LA0590000","Washington",NA,"LA","West South Central","South","WASHINGTON","County","Non-MSA counties from 10,000 thru 24,999",21129,43,2,45,12,0,12,55,2,57,2.7,"WASHINGTON PARISH SHERIFF'S OFFICE                ","Washington Parish Sheriff's Office"
"7753",1978,"LA0590100","Bogalusa",NA,"LA","West South Central","South","WASHINGTON","City","Cities from 10,000 thru 24,999",18084,37,5,42,1,9,10,38,14,52,2.88,"BOGALUSA POLICE DEPARTMENT                        ","Bogalusa Police Department"
"7754",1978,"LA0400100","Alexandria",NA,"LA","West South Central","South","RAPIDES","City","Cities from 50,000 thru 99,999",53151,86,5,91,2,11,13,88,16,104,1.96,"ALEXANDRIA POLICE DEPARTMENT                      ","Alexandria Police Department"
"7755",1978,"LA0130000","Catahoula",NA,"LA","West South Central","South","CATAHOULA","County","Non-MSA counties under 10,000",8937,28,0,28,3,2,5,31,2,33,3.69,"CATAHOULA PARISH SHERIFF'S OFFICE                 ","Catahoula Parish Sheriff's Office"
"7756",1978,"LA0310200","Ruston",NA,"LA","West South Central","South","LINCOLN","City","Cities from 10,000 thru 24,999",19657,26,2,28,2,2,4,28,4,32,1.63,"RUSTON POLICE DEPARTMENT                          ","Ruston Police Department"
"7757",1978,"LA0340000","Morehouse",NA,"LA","West South Central","South","MOREHOUSE","County","Non-MSA counties from 10,000 thru 24,999",17994,28,1,29,6,2,8,34,3,37,2.06,"MOREHOUSE PARISH SHERIFF'S OFFICE                 ","Morehouse Parish Sheriff's Office"
"7758",1978,"LA0290000","Lafourche",NA,"LA","West South Central","South","LAFOURCHE","County","Non-MSA counties from 25,000 thru 99,999",55016,113,0,113,17,0,17,130,0,130,2.36,"LAFOURCHE PARISH SHERIFF'S OFFICE                 ","Lafourche Parish Sheriff's Office"
"7759",1978,"LA0120000","Cameron",NA,"LA","West South Central","South","CAMERON","County","Non-MSA counties under 10,000",9528,51,0,51,5,1,6,56,1,57,5.98,"CAMERON PARISH SHERIFF'S OFFICE                   ","Cameron Parish Sheriff's Office"
"7760",1978,"LA0310300","Grambling",NA,"LA","West South Central","South","LINCOLN","City","Cities from 2,500 thru 9,999",4523,7,2,9,0,2,2,7,4,11,2.43,"GRAMBLING POLICE DEPARTMENT                       ","Grambling Police Department"
"7761",1978,"LA0030200","Gonzales",NA,"LA","West South Central","South","ASCENSION","City","Cities from 2,500 thru 9,999",7304,25,0,25,4,1,5,29,1,30,4.11,"GONZALES POLICE DEPARTMENT                        ","Gonzales Police Department"
"7762",1978,"LA0270000","Jefferson Davis",NA,"LA","West South Central","South","JEFFERSON DAVIS","County","Non-MSA counties from 10,000 thru 24,999",15998,17,0,17,5,0,5,22,0,22,1.38,"JEFFERSON DAVIS PARISH SHERIFF'S OFFICE           ","Jefferson Davis Parish Sheriff's Office"
"7763",1978,"LA0330000","Madison",NA,"LA","West South Central","South","MADISON","County","Non-MSA counties under 10,000",5237,19,0,19,4,0,4,23,0,23,4.39,"MADISON PARISH SHERIFF'S OFFICE                   ","Madison Parish Sheriff's Office"
"7764",1978,"LA0100200","Lake Charles",NA,"LA","West South Central","South","CALCASIEU","City","Cities from 50,000 thru 99,999",79237,110,7,117,4,5,9,114,12,126,1.59,"LAKE CHARLES POLICE DEPARTMENT                    ","Lake Charles Police Department"
"7765",1978,"LANPD0000","New Orleans",NA,"LA","West South Central","South","ORLEANS","City","Cities from 500,000 thru 999,999",559160,1478,218,1696,54,148,202,1532,366,1898,3.39,"NEW ORLEANS POLICE DEPARTMENT                     ","New Orleans Police Department"
"7766",1978,"LA0510200","Franklin",NA,"LA","West South Central","South","ST MARY","City","Cities from 10,000 thru 24,999",10000,16,0,16,6,0,6,22,0,22,2.2,"FRANKLIN POLICE DEPARTMENT                        ","Franklin Police Department"
"7767",1978,"LA0050000","Avoyelles",NA,"LA","West South Central","South","AVOYELLES","County","Non-MSA counties from 25,000 thru 99,999",26652,22,0,22,2,0,2,24,0,24,0.9,"AVOYELLES PARISH SHERIFF'S OFFICE                 ","Avoyelles Parish Sheriff's Office"
"7768",1978,"LA0510000","St. Mary",NA,"LA","West South Central","South","ST MARY","County","Non-MSA counties from 10,000 thru 24,999",23290,92,0,92,20,1,21,112,1,113,4.85,"ST. MARY PARISH SHERIFF'S OFFICE                  ","St. Mary Parish Sheriff's Office"
"7769",1978,"LA0370000","Ouachita",NA,"LA","West South Central","South","OUACHITA","County","MSA counties from 25,000 thru 99,999",52345,95,0,95,23,0,23,118,0,118,2.25,"OUACHITA PARISH SHERIFF'S OFFICE                  ","Ouachita Parish Sheriff's Office"
"7770",1978,"LA0100400","Vinton",NA,"LA","West South Central","South","CALCASIEU","City","Cities from 2,500 thru 9,999",3739,7,0,7,2,0,2,9,0,9,2.41,"VINTON POLICE DEPARTMENT                          ","Vinton Police Department"
"7771",1978,"LA0470000","St. James",NA,"LA","West South Central","South","ST JAMES","County","Non-MSA counties from 10,000 thru 24,999",19939,37,0,37,9,0,9,46,0,46,2.31,"ST. JAMES PARISH SHERIFF'S OFFICE                 ","St. James Parish Sheriff's Office"
"7772",1978,"LA0300100","Jena",NA,"LA","West South Central","South","LA SALLE","City","Cities from 2,500 thru 9,999",2833,3,0,3,1,0,1,4,0,4,1.41,"JENA POLICE DEPARTMENT                            ","Jena Police Department"
"7773",1978,"LA0010000","Acadia",NA,"LA","West South Central","South","ACADIA","County","Non-MSA counties from 10,000 thru 24,999",21744,42,0,42,8,0,8,50,0,50,2.3,"ACADIA PARISH SHERIFF'S OFFICE                    ","Acadia Parish Sheriff's Office"
"7774",1978,"LA0500000","St. Martin",NA,"LA","West South Central","South","ST MARTIN","County","Non-MSA counties from 10,000 thru 24,999",21968,40,0,40,8,0,8,48,0,48,2.18,"ST. MARTIN PARISH SHERIFF'S OFFICE                ","St. Martin Parish Sheriff's Office"
"7775",1978,"LA0020000","Allen",NA,"LA","West South Central","South","ALLEN","County","Non-MSA counties from 10,000 thru 24,999",13777,23,0,23,1,0,1,24,0,24,1.74,"ALLEN PARISH SHERIFF'S OFFICE                     ","Allen Parish Sheriff's Office"
"7776",1978,"LA0280000","Lafayette",NA,"LA","West South Central","South","LAFAYETTE","County","MSA counties from 25,000 thru 99,999",52801,124,0,124,23,0,23,147,0,147,2.78,"LAFAYETTE PARISH SHERIFF'S OFFICE                 ","Lafayette Parish Sheriff's Office"
"7777",1978,"LA0390100","New Roads",NA,"LA","West South Central","South","POINTE COUPEE","City","Cities from 2,500 thru 9,999",4060,7,0,7,0,0,0,7,0,7,1.72,"NEW ROADS POLICE DEPARTMENT                       ","New Roads Police Department"
"7778",1978,"LA0490200","Opelousas",NA,"LA","West South Central","South","ST LANDRY","City","Cities from 10,000 thru 24,999",23500,42,1,43,2,2,4,44,3,47,2,"OPELOUSAS POLICE DEPARTMENT                       ","Opelousas Police Department"
"7779",1978,"LA0320000","Livingston",NA,"LA","West South Central","South","LIVINGSTON","County","MSA counties from 25,000 thru 99,999",41998,49,1,50,18,0,18,67,1,68,1.62,"LIVINGSTON PARISH SHERIFF'S OFFICE                ","Livingston Parish Sheriff's Office"
"7780",1978,"LA0400200","Pineville",NA,"LA","West South Central","South","RAPIDES","City","Cities from 10,000 thru 24,999",10901,23,0,23,2,0,2,25,0,25,2.29,"PINEVILLE POLICE DEPARTMENT                       ","Pineville Police Department"
"7781",1978,"LA0020200","Oakdale",NA,"LA","West South Central","South","ALLEN","City","Cities from 2,500 thru 9,999",6951,13,0,13,4,0,4,17,0,17,2.45,"OAKDALE POLICE DEPARTMENT                         ","Oakdale Police Department"
"7782",1978,"LA0450000","St. Charles",NA,"LA","West South Central","South","ST CHARLES","County","Non-MSA counties from 25,000 thru 99,999",34714,67,1,68,29,3,32,96,4,100,2.88,"ST. CHARLES PARISH SHERIFF'S OFFICE               ","St. Charles Parish Sheriff's Office"
"7783",1978,"LA0270200","Jennings",NA,"LA","West South Central","South","JEFFERSON DAVIS","City","Cities from 10,000 thru 24,999",12101,21,0,21,5,0,5,26,0,26,2.15,"JENNINGS POLICE DEPARTMENT                        ","Jennings Police Department"
"7784",1978,"LA0510100","Berwick",NA,"LA","West South Central","South","ST MARY","City","Cities from 2,500 thru 9,999",4440,9,0,9,0,0,0,9,0,9,2.03,"BERWICK POLICE DEPARTMENT                         ","Berwick Police Department"
"7785",1978,"LA0580000","Vernon",NA,"LA","West South Central","South","VERNON","County","Non-MSA counties from 25,000 thru 99,999",37091,35,0,35,8,3,11,43,3,46,1.24,"VERNON PARISH SHERIFF'S OFFICE                    ","Vernon Parish Sheriff's Office"
"7786",1978,"LA0170100","Baker",NA,"LA","West South Central","South","EAST BATON ROUGE","City","Cities from 10,000 thru 24,999",11852,23,0,23,2,0,2,25,0,25,2.11,"BAKER POLICE DEPARTMENT                           ","Baker Police Department"
"7787",1978,"LA0390000","Pointe Coupee",NA,"LA","West South Central","South","POINTE COUPEE","County","Non-MSA counties from 10,000 thru 24,999",18585,18,0,18,2,0,2,20,0,20,1.08,"POINTE COUPEE PARISH SHERIFF'S OFFICE             ","Pointe Coupee Parish Sheriff's Office"
"7788",1978,"LA0110000","Caldwell",NA,"LA","West South Central","South","CALDWELL","County","Non-MSA counties from 10,000 thru 24,999",10247,18,6,24,3,1,4,21,7,28,2.73,"CALDWELL PARISH SHERIFF'S OFFICE                  ","Caldwell Parish Sheriff's Office"
"7789",1978,"LA0050100","Bunkie",NA,"LA","West South Central","South","AVOYELLES","City","Cities from 2,500 thru 9,999",5444,11,0,11,2,1,3,13,1,14,2.57,"BUNKIE POLICE DEPARTMENT                          ","Bunkie Police Department"
"7790",1978,"LA0190000","East Feliciana",NA,"LA","West South Central","South","EAST FELICIANA","County","Non-MSA counties from 10,000 thru 24,999",16521,12,0,12,4,0,4,16,0,16,0.97,"EAST FELICIANA PARISH SHERIFF'S OFFICE            ","East Feliciana Parish Sheriff's Office"
"7791",1978,"LA0150300","Clayton",NA,"LA","West South Central","South","CONCORDIA","City","Cities under 2,500",1110,1,0,1,0,0,0,1,0,1,0.9,"CLAYTON POLICE DEPARTMENT                         ","Clayton Police Department"
"7792",1978,"LA0340100","Bastrop",NA,"LA","West South Central","South","MOREHOUSE","City","Cities from 10,000 thru 24,999",14439,27,0,27,3,5,8,30,5,35,2.42,"BASTROP POLICE DEPARTMENT                         ","Bastrop Police Department"
"7793",1978,"LA0250100","Jonesboro",NA,"LA","West South Central","South","JACKSON","City","Cities from 2,500 thru 9,999",5041,9,0,9,0,0,0,9,0,9,1.79,"JONESBORO POLICE DEPARTMENT                       ","Jonesboro Police Department"
"7794",1978,"LA0240200","Plaquemine",NA,"LA","West South Central","South","IBERVILLE","City","Cities from 2,500 thru 9,999",7706,20,0,20,6,0,6,26,0,26,3.37,"PLAQUEMINE POLICE DEPARTMENT                      ","Plaquemine Police Department"
"7795",1978,"LA0510500","Baldwin",NA,"LA","West South Central","South","ST MARY","City","Cities under 2,500",2486,4,0,4,0,0,0,4,0,4,1.61,"BALDWIN POLICE DEPARTMENT                         ","Baldwin Police Department"
"7796",1978,"LA0610100","Port Allen",NA,"LA","West South Central","South","WEST BATON ROUGE","City","Cities from 2,500 thru 9,999",5704,13,0,13,4,0,4,17,0,17,2.98,"PORT ALLEN POLICE DEPARTMENT                      ","Port Allen Police Department"
"7797",1978,"LA0640000","Winn",NA,"LA","West South Central","South","WINN","County","Non-MSA counties under 10,000",9957,17,0,17,3,0,3,20,0,20,2.01,"WINN PARISH SHERIFF'S OFFICE                      ","Winn Parish Sheriff's Office"
"7798",1978,"LA0200200","Mamou",NA,"LA","West South Central","South","EVANGELINE","City","Cities from 2,500 thru 9,999",3638,10,0,10,1,0,1,11,0,11,3.02,"MAMOU POLICE DEPARTMENT                           ","Mamou Police Department"
"7799",1978,"LA0480000","St. John the Baptist",NA,"LA","West South Central","South","ST JOHN THE BAPTIST","County","Non-MSA counties from 25,000 thru 99,999",28601,48,3,51,5,9,14,53,12,65,2.27,"ST. JOHN THE BAPTIST PARISH SHERIFF'S OFFICE      ","St. John The Baptist Parish Sheriff's Office"
"7800",1978,"LA0350000","Natchitoches",NA,"LA","West South Central","South","NATCHITOCHES","County","Non-MSA counties from 10,000 thru 24,999",19513,26,0,26,2,0,2,28,0,28,1.43,"NATCHITOCHES PARISH SHERIFF'S OFFICE              ","Natchitoches Parish Sheriff's Office"
"7801",1977,"LA0050000","Avoyelles",NA,"LA","West South Central","South","AVOYELLES","County","Non-MSA counties from 25,000 thru 99,999",29619,24,0,24,6,0,6,30,0,30,1.01,"AVOYELLES PARISH SHERIFF'S OFFICE                 ","Avoyelles Parish Sheriff's Office"
"7802",1977,"LA0610100","Port Allen",NA,"LA","West South Central","South","WEST BATON ROUGE","City","Cities from 2,500 thru 9,999",5968,12,0,12,0,0,0,12,0,12,2.01,"PORT ALLEN POLICE DEPARTMENT                      ","Port Allen Police Department"
"7803",1977,"LA0200000","Evangeline",NA,"LA","West South Central","South","EVANGELINE","County","Non-MSA counties from 10,000 thru 24,999",19300,28,0,28,3,0,3,31,0,31,1.61,"EVANGELINE PARISH SHERIFF'S OFFICE                ","Evangeline Parish Sheriff's Office"
"7804",1977,"LA0040000","Assumption",NA,"LA","West South Central","South","ASSUMPTION","County","Non-MSA counties from 10,000 thru 24,999",20459,24,0,24,3,0,3,27,0,27,1.32,"ASSUMPTION PARISH SHERIFF'S OFFICE                ","Assumption Parish Sheriff's Office"
"7805",1977,"LA0640000","Winn",NA,"LA","West South Central","South","WINN","County","Non-MSA counties under 10,000",9219,15,0,15,3,0,3,18,0,18,1.95,"WINN PARISH SHERIFF'S OFFICE                      ","Winn Parish Sheriff's Office"
"7806",1977,"LA0150200","Vidalia",NA,"LA","West South Central","South","CONCORDIA","City","Cities from 2,500 thru 9,999",6093,9,0,9,3,0,3,12,0,12,1.97,"VIDALIA POLICE DEPARTMENT                         ","Vidalia Police Department"
"7807",1977,"LA0510500","Baldwin",NA,"LA","West South Central","South","ST MARY","City","Cities under 2,500",2488,4,0,4,0,0,0,4,0,4,1.61,"BALDWIN POLICE DEPARTMENT                         ","Baldwin Police Department"
"7808",1977,"LA0500200","St. Martinville",NA,"LA","West South Central","South","ST MARTIN","City","Cities from 2,500 thru 9,999",7740,10,0,10,2,0,2,12,0,12,1.55,"ST. MARTINVILLE POLICE DEPARTMENT                 ","St. Martinville Police Department"
"7809",1977,"LA0520200","Slidell",NA,"LA","West South Central","South","ST TAMMANY","City","Cities from 25,000 thru 49,999",30000,36,0,36,7,1,8,43,1,44,1.47,"SLIDELL POLICE DEPARTMENT                         ","Slidell Police Department"
"7810",1977,"LA0560000","Union",NA,"LA","West South Central","South","UNION","County","Non-MSA counties from 10,000 thru 24,999",15888,16,0,16,2,0,2,18,0,18,1.13,"UNION PARISH SHERIFF'S OFFICE                     ","Union Parish Sheriff's Office"
"7811",1977,"LA0540200","Waterproof",NA,"LA","West South Central","South","TENSAS","City","Cities under 2,500",1450,2,0,2,0,0,0,2,0,2,1.38,"WATERPROOF POLICE DEPARTMENT                      ","Waterproof Police Department"
"7812",1977,"LA0020000","Allen",NA,"LA","West South Central","South","ALLEN","County","Non-MSA counties from 10,000 thru 24,999",12089,24,0,24,2,0,2,26,0,26,2.15,"ALLEN PARISH SHERIFF'S OFFICE                     ","Allen Parish Sheriff's Office"
"7813",1977,"LA0010000","Acadia",NA,"LA","West South Central","South","ACADIA","County","Non-MSA counties from 10,000 thru 24,999",19791,41,0,41,8,1,9,49,1,50,2.53,"ACADIA PARISH SHERIFF'S OFFICE                    ","Acadia Parish Sheriff's Office"
"7814",1977,"LA0500000","St. Martin",NA,"LA","West South Central","South","ST MARTIN","County","Non-MSA counties from 10,000 thru 24,999",20842,32,0,32,7,0,7,39,0,39,1.87,"ST. MARTIN PARISH SHERIFF'S OFFICE                ","St. Martin Parish Sheriff's Office"
"7815",1977,"LA0200200","Mamou",NA,"LA","West South Central","South","EVANGELINE","City","Cities from 2,500 thru 9,999",3617,11,0,11,0,0,0,11,0,11,3.04,"MAMOU POLICE DEPARTMENT                           ","Mamou Police Department"
"7816",1977,"LA0320000","Livingston",NA,"LA","West South Central","South","LIVINGSTON","County","MSA counties from 25,000 thru 99,999",35345,42,0,42,16,0,16,58,0,58,1.64,"LIVINGSTON PARISH SHERIFF'S OFFICE                ","Livingston Parish Sheriff's Office"
"7817",1977,"LA0390100","New Roads",NA,"LA","West South Central","South","POINTE COUPEE","City","Cities from 2,500 thru 9,999",4187,8,0,8,0,0,0,8,0,8,1.91,"NEW ROADS POLICE DEPARTMENT                       ","New Roads Police Department"
"7818",1977,"LA0490200","Opelousas",NA,"LA","West South Central","South","ST LANDRY","City","Cities from 10,000 thru 24,999",21387,38,0,38,2,1,3,40,1,41,1.92,"OPELOUSAS POLICE DEPARTMENT                       ","Opelousas Police Department"
"7819",1977,"LA0280000","Lafayette",NA,"LA","West South Central","South","LAFAYETTE","County","MSA counties from 25,000 thru 99,999",44150,124,0,124,23,0,23,147,0,147,3.33,"LAFAYETTE PARISH SHERIFF'S OFFICE                 ","Lafayette Parish Sheriff's Office"
"7820",1977,"LA0370300","Sterlington",NA,"LA","West South Central","South","OUACHITA","City","Cities under 2,500",1260,1,0,1,0,0,0,1,0,1,0.79,"STERLINGTON POLICE DEPARTMENT                     ","Sterlington Police Department"
"7821",1977,"LA0270400","Welsh",NA,"LA","West South Central","South","JEFFERSON DAVIS","City","Cities from 2,500 thru 9,999",3211,7,0,7,1,0,1,8,0,8,2.49,"WELSH POLICE DEPARTMENT                           ","Welsh Police Department"
"7822",1977,"LA0630000","West Feliciana",NA,"LA","West South Central","South","WEST FELICIANA","County","Non-MSA counties under 10,000",8702,15,3,18,3,0,3,18,3,21,2.41,"WEST FELICIANA PARISH SHERIFF'S OFFICE            ","West Feliciana Parish Sheriff's Office"
"7823",1977,"LA0260300","Kenner",NA,"LA","West South Central","South","JEFFERSON","City","Cities from 25,000 thru 49,999",48976,77,12,89,9,5,14,86,17,103,2.1,"KENNER POLICE DEPARTMENT                          ","Kenner Police Department"
"7824",1977,"LA0530000","Tangipahoa",NA,"LA","West South Central","South","TANGIPAHOA","County","Non-MSA counties from 25,000 thru 99,999",40312,63,0,63,18,0,18,81,0,81,2.01,"TANGIPAHOA PARISH SHERIFF'S OFFICE                ","Tangipahoa Parish Sheriff's Office"
"7825",1977,"LA0230200","Jeanerette",NA,"LA","West South Central","South","IBERIA","City","Cities from 2,500 thru 9,999",6800,9,0,9,4,0,4,13,0,13,1.91,"JEANERETTE POLICE DEPARTMENT                      ","Jeanerette Police Department"
"7826",1977,"LA0130100","Jonesville",NA,"LA","West South Central","South","CATAHOULA","City","Cities from 2,500 thru 9,999",3326,7,1,8,0,3,3,7,4,11,3.31,"JONESVILLE POLICE DEPARTMENT                      ","Jonesville Police Department"
"7827",1977,"LA0510000","St. Mary",NA,"LA","West South Central","South","ST MARY","County","Non-MSA counties from 10,000 thru 24,999",22531,60,0,60,17,0,17,77,0,77,3.42,"ST. MARY PARISH SHERIFF'S OFFICE                  ","St. Mary Parish Sheriff's Office"
"7828",1977,"LA0030200","Gonzales",NA,"LA","West South Central","South","ASCENSION","City","Cities from 2,500 thru 9,999",6973,23,0,23,2,1,3,25,1,26,3.73,"GONZALES POLICE DEPARTMENT                        ","Gonzales Police Department"
"7829",1977,"LA0100200","Lake Charles",NA,"LA","West South Central","South","CALCASIEU","City","Cities from 50,000 thru 99,999",78400,107,4,111,12,4,16,119,8,127,1.62,"LAKE CHARLES POLICE DEPARTMENT                    ","Lake Charles Police Department"
"7830",1977,"LA0520000","St. Tammany",NA,"LA","West South Central","South","ST TAMMANY","County","MSA counties from 25,000 thru 99,999",40005,86,0,86,41,0,41,127,0,127,3.17,"ST. TAMMANY PARISH SHERIFF'S OFFICE               ","St. Tammany Parish Sheriff's Office"
"7831",1977,"LA0030000","Ascension",NA,"LA","West South Central","South","ASCENSION","County","MSA counties from 25,000 thru 99,999",26096,50,1,51,16,2,18,66,3,69,2.64,"ASCENSION PARISH SHERIFF'S OFFICE                 ","Ascension Parish Sheriff's Office"
"7832",1977,"LA0620000","West Carroll",NA,"LA","West South Central","South","WEST CARROLL","County","Non-MSA counties from 10,000 thru 24,999",10800,14,0,14,2,0,2,16,0,16,1.48,"WEST CARROLL PARISH SHERIFF'S OFFICE              ","West Carroll Parish Sheriff's Office"
"7833",1977,"LA0540000","Tensas",NA,"LA","West South Central","South","TENSAS","County","Non-MSA counties under 10,000",6620,10,0,10,3,1,4,13,1,14,2.11,"TENSAS PARISH SHERIFF'S OFFICE                    ","Tensas Parish Sheriff's Office"
"7834",1977,"LA0100300","Sulphur",NA,"LA","West South Central","South","CALCASIEU","City","Cities from 10,000 thru 24,999",18725,15,4,19,0,1,1,15,5,20,1.07,"SULPHUR POLICE DEPARTMENT                         ","Sulphur Police Department"
"7835",1977,"LA0160000","De Soto",NA,"LA","West South Central","South","DE SOTO","County","Non-MSA counties from 10,000 thru 24,999",16841,14,0,14,3,0,3,17,0,17,1.01,"DE SOTO PARISH SHERIFF'S OFFICE                   ","De Soto Parish Sheriff's Office"
"7836",1977,"LA0580100","Leesville",NA,"LA","West South Central","South","VERNON","City","Cities from 2,500 thru 9,999",7673,23,0,23,2,1,3,25,1,26,3.39,"LEESVILLE POLICE DEPARTMENT                       ","Leesville Police Department"
"7837",1977,"LA0590200","Franklinton",NA,"LA","West South Central","South","WASHINGTON","City","Cities from 2,500 thru 9,999",3749,12,0,12,1,0,1,13,0,13,3.47,"FRANKLINTON POLICE DEPARTMENT                     ","Franklinton Police Department"
"7838",1977,"LA0340300","Bonita",NA,"LA","West South Central","South","MOREHOUSE","City","Cities under 2,500",561,3,0,3,0,0,0,3,0,3,5.35,"BONITA POLICE DEPT.                               ","Bonita Police Police Department"
"7839",1977,"LA0530400","Amite",NA,"LA","West South Central","South","TANGIPAHOA","City","Cities from 2,500 thru 9,999",3718,11,0,11,1,0,1,12,0,12,3.23,"AMITE POLICE DEPARTMENT                           ","Amite Police Department"
"7840",1977,"LA0010300","Church Point",NA,"LA","West South Central","South","ACADIA","City","Cities from 2,500 thru 9,999",4312,11,0,11,0,0,0,11,0,11,2.55,"CHURCH POINT POLICE DEPARTMENT                    ","Church Point Police Department"
"7841",1977,"LA0050100","Bunkie",NA,"LA","West South Central","South","AVOYELLES","City","Cities from 2,500 thru 9,999",5670,14,0,14,2,0,2,16,0,16,2.82,"BUNKIE POLICE DEPARTMENT                          ","Bunkie Police Department"
"7842",1977,"LA0110000","Caldwell",NA,"LA","West South Central","South","CALDWELL","County","Non-MSA counties under 10,000",9800,18,1,19,3,0,3,21,1,22,2.24,"CALDWELL PARISH SHERIFF'S OFFICE                  ","Caldwell Parish Sheriff's Office"
"7843",1977,"LA0260000","Jefferson",NA,"LA","West South Central","South","JEFFERSON","County","MSA counties 100,000 or over",317242,510,79,589,60,106,166,570,185,755,2.38,"JEFFERSON PARISH SHERIFF'S OFFICE                 ","Jefferson Parish Sheriff's Office"
"7844",1977,"LA0170100","Baker",NA,"LA","West South Central","South","EAST BATON ROUGE","City","Cities from 10,000 thru 24,999",11701,19,0,19,1,0,1,20,0,20,1.71,"BAKER POLICE DEPARTMENT                           ","Baker Police Department"
"7845",1977,"LA0390000","Pointe Coupee",NA,"LA","West South Central","South","POINTE COUPEE","County","Non-MSA counties from 10,000 thru 24,999",17663,19,0,19,3,0,3,22,0,22,1.25,"POINTE COUPEE PARISH SHERIFF'S OFFICE             ","Pointe Coupee Parish Sheriff's Office"
"7846",1977,"LA0340400","Collinston",NA,"LA","West South Central","South","MOREHOUSE","City","Cities under 2,500",419,1,0,1,0,0,0,1,0,1,2.39,"COLLINSTON POLICE DEPT                            ","Collinston Police Police Department"
"7847",1977,"LA0020200","Oakdale",NA,"LA","West South Central","South","ALLEN","City","Cities from 2,500 thru 9,999",8243,14,0,14,4,0,4,18,0,18,2.18,"OAKDALE POLICE DEPARTMENT                         ","Oakdale Police Department"
"7848",1977,"LA0330000","Madison",NA,"LA","West South Central","South","MADISON","County","Non-MSA counties under 10,000",4160,16,0,16,4,0,4,20,0,20,4.81,"MADISON PARISH SHERIFF'S OFFICE                   ","Madison Parish Sheriff's Office"
"7849",1977,"LA0270000","Jefferson Davis",NA,"LA","West South Central","South","JEFFERSON DAVIS","County","Non-MSA counties from 10,000 thru 24,999",15515,16,0,16,3,0,3,19,0,19,1.22,"JEFFERSON DAVIS PARISH SHERIFF'S OFFICE           ","Jefferson Davis Parish Sheriff's Office"
"7850",1977,"LANPD0000","New Orleans",NA,"LA","West South Central","South","ORLEANS","City","Cities from 500,000 thru 999,999",587776,1567,223,1790,33,216,249,1600,439,2039,3.47,"NEW ORLEANS POLICE DEPARTMENT                     ","New Orleans Police Department"
"7851",1977,"LA0480000","St. John the Baptist",NA,"LA","West South Central","South","ST JOHN THE BAPTIST","County","Non-MSA counties from 25,000 thru 99,999",25478,41,0,41,15,0,15,56,0,56,2.2,"ST. JOHN THE BAPTIST PARISH SHERIFF'S OFFICE      ","St. John The Baptist Parish Sheriff's Office"
"7852",1977,"LA0590000","Washington",NA,"LA","West South Central","South","WASHINGTON","County","Non-MSA counties from 10,000 thru 24,999",21226,46,0,46,11,0,11,57,0,57,2.69,"WASHINGTON PARISH SHERIFF'S OFFICE                ","Washington Parish Sheriff's Office"
"7853",1977,"LA0350000","Natchitoches",NA,"LA","West South Central","South","NATCHITOCHES","County","Non-MSA counties from 10,000 thru 24,999",16650,26,0,26,2,0,2,28,0,28,1.68,"NATCHITOCHES PARISH SHERIFF'S OFFICE              ","Natchitoches Parish Sheriff's Office"
"7854",1977,"LA0590100","Bogalusa",NA,"LA","West South Central","South","WASHINGTON","City","Cities from 10,000 thru 24,999",19370,39,3,42,0,6,6,39,9,48,2.48,"BOGALUSA POLICE DEPARTMENT                        ","Bogalusa Police Department"
"7855",1977,"LA0310200","Ruston",NA,"LA","West South Central","South","LINCOLN","City","Cities from 10,000 thru 24,999",19624,26,3,29,2,2,4,28,5,33,1.68,"RUSTON POLICE DEPARTMENT                          ","Ruston Police Department"
"7856",1977,"LA0400100","Alexandria",NA,"LA","West South Central","South","RAPIDES","City","Cities from 50,000 thru 99,999",50394,98,4,102,1,12,13,99,16,115,2.28,"ALEXANDRIA POLICE DEPARTMENT                      ","Alexandria Police Department"
"7857",1977,"LA0150100","Ferriday",NA,"LA","West South Central","South","CONCORDIA","City","Cities from 2,500 thru 9,999",4816,11,0,11,0,0,0,11,0,11,2.28,"FERRIDAY POLICE DEPARTMENT                        ","Ferriday Police Department"
"7858",1977,"LA0500300","Parks",NA,"LA","West South Central","South","ST MARTIN","City","Cities under 2,500",525,2,0,2,0,0,0,2,0,2,3.81,"PARKS POLICE DEPARTMENT                           ","Parks Police Department"
"7859",1977,"LA0320100","Denham Springs",NA,"LA","West South Central","South","LIVINGSTON","City","Cities from 2,500 thru 9,999",8019,18,0,18,2,2,4,20,2,22,2.74,"DENHAM SPRINGS POLICE DEPARTMENT                  ","Denham Springs Police Department"
"7860",1977,"LA0510400","Patterson",NA,"LA","West South Central","South","ST MARY","City","Cities from 2,500 thru 9,999",4708,12,0,12,1,0,1,13,0,13,2.76,"PATTERSON POLICE DEPARTMENT                       ","Patterson Police Department"
"7861",1977,"LA0610000","West Baton Rouge",NA,"LA","West South Central","South","WEST BATON ROUGE","County","MSA counties from 10,000 thru 24,999",12532,27,0,27,3,1,4,30,1,31,2.47,"WEST BATON ROUGE PARISH SHERIFF'S OFFICE          ","West Baton Rouge Parish Sheriff's Office"
"7862",1977,"LA0370200","West Monroe",NA,"LA","West South Central","South","OUACHITA","City","Cities from 10,000 thru 24,999",15470,34,2,36,3,0,3,37,2,39,2.52,"WEST MONROE POLICE DEPARTMENT                     ","West Monroe Police Department"
"7863",1977,"LA0060100","De Ridder",NA,"LA","West South Central","South","BEAUREGARD","City","Cities from 10,000 thru 24,999",10408,21,0,21,4,0,4,25,0,25,2.4,"DERIDDER POLICE DEPARTMENT                        ","Deridder Police Department"
"7864",1977,"LA0250000","Jackson",NA,"LA","West South Central","South","JACKSON","County","Non-MSA counties from 10,000 thru 24,999",11232,19,0,19,2,0,2,21,0,21,1.87,"JACKSON PARISH SHERIFF'S OFFICE                   ","Jackson Parish Sheriff's Office"
"7865",1977,"LA0090000","Caddo",NA,"LA","West South Central","South","CADDO","County","MSA counties from 25,000 thru 99,999",44472,131,0,131,17,0,17,148,0,148,3.33,"CADDO PARISH SHERIFF'S OFFICE                     ","Caddo Parish Sheriff's Office"
"7866",1977,"LA0600200","Springhill",NA,"LA","West South Central","South","WEBSTER","City","Cities from 2,500 thru 9,999",6824,10,0,10,0,0,0,10,0,10,1.47,"SPRINGHILL POLICE DEPARTMENT                      ","Springhill Police Department"
"7867",1977,"LA0600100","Minden",NA,"LA","West South Central","South","WEBSTER","City","Cities from 10,000 thru 24,999",14116,19,0,19,1,1,2,20,1,21,1.49,"MINDEN POLICE DEPARTMENT                          ","Minden Police Department"
"7868",1977,"LA0530200","Kentwood",NA,"LA","West South Central","South","TANGIPAHOA","City","Cities from 2,500 thru 9,999",2685,7,0,7,1,0,1,8,0,8,2.98,"KENTWOOD POLICE DEPARTMENT                        ","Kentwood Police Department"
"7869",1977,"LA0560100","Farmerville",NA,"LA","West South Central","South","UNION","City","Cities from 2,500 thru 9,999",3572,5,0,5,2,0,2,7,0,7,1.96,"FARMERVILLE POLICE DEPARTMENT                     ","Farmerville Police Department"
"7870",1977,"LA0230300","New Iberia",NA,"LA","West South Central","South","IBERIA","City","Cities from 25,000 thru 49,999",31890,54,8,62,3,7,10,57,15,72,2.26,"NEW IBERIA PD                                     ","New Iberia Police Department"
"7871",1977,"LA0640100","Winnfield",NA,"LA","West South Central","South","WINN","City","Cities from 2,500 thru 9,999",7025,11,0,11,4,0,4,15,0,15,2.14,"WINNFIELD POLICE DEPT                             ","Winnfield Police Police Department"
"7872",1977,"LA0570100","Abbeville",NA,"LA","West South Central","South","VERMILION","City","Cities from 10,000 thru 24,999",12536,21,0,21,3,0,3,24,0,24,1.91,"ABBEVILLE POLICE DEPARTMENT                       ","Abbeville Police Department"
"7873",1977,"LA0170300","Zachary",NA,"LA","West South Central","South","EAST BATON ROUGE","City","Cities from 2,500 thru 9,999",6016,14,0,14,1,0,1,15,0,15,2.49,"ZACHARY POLICE DEPARTMENT                         ","Zachary Police Department"
"7874",1977,"LA0530100","Hammond",NA,"LA","West South Central","South","TANGIPAHOA","City","Cities from 10,000 thru 24,999",20000,34,0,34,3,1,4,37,1,38,1.9,"HAMMOND POLICE DEPARTMENT                         ","Hammond Police Department"
"7875",1977,"LA0100500","Westlake",NA,"LA","West South Central","South","CALCASIEU","City","Cities from 2,500 thru 9,999",4651,7,2,9,2,1,3,9,3,12,2.58,"WESTLAKE POLICE DEPARTMENT                        ","Westlake Police Department"
"7876",1977,"LA0200300","Ville Platte",NA,"LA","West South Central","South","EVANGELINE","City","Cities from 2,500 thru 9,999",9704,22,0,22,0,0,0,22,0,22,2.27,"VILLE PLATTE POLICE DEPARTMENT                    ","Ville Platte Police Department"
"7877",1977,"LA0420100","Delhi",NA,"LA","West South Central","South","RICHLAND","City","Cities from 2,500 thru 9,999",3147,4,0,4,0,0,0,4,0,4,1.27,"DELHI POLICE DEPARTMENT                           ","Delhi Police Department"
"7878",1977,"LA0160100","Mansfield",NA,"LA","West South Central","South","DE SOTO","City","Cities from 2,500 thru 9,999",6646,10,0,10,0,0,0,10,0,10,1.5,"MANSFIELD POLICE DEPARTMENT                       ","Mansfield Police Department"
"7879",1977,"LA0090200","Vivian",NA,"LA","West South Central","South","CADDO","City","Cities from 2,500 thru 9,999",4130,13,0,13,1,0,1,14,0,14,3.39,"VIVIAN POLICE DEPARTMENT                          ","Vivian Police Department"
"7880",1977,"LA0380000","Plaquemines",NA,"LA","West South Central","South","PLAQUEMINES","County","Non-MSA counties from 25,000 thru 99,999",27402,60,0,60,9,0,9,69,0,69,2.52,"PLAQUEMINES PARISH SHERIFF'S OFFICE               ","Plaquemines Parish Sheriff's Office"
"7881",1977,"LA0310000","Lincoln",NA,"LA","West South Central","South","LINCOLN","County","Non-MSA counties under 10,000",8861,17,0,17,5,0,5,22,0,22,2.48,"LINCOLN PARISH SHERIFF'S OFFICE                   ","Lincoln Parish Sheriff's Office"
"7882",1977,"LA0330100","Tallulah",NA,"LA","West South Central","South","MADISON","City","Cities from 10,000 thru 24,999",10326,14,0,14,4,0,4,18,0,18,1.74,"TALLULAH POLICE DEPT.                             ","Tallulah Police Police Department"
"7883",1977,"LA0350100","Natchitoches",NA,"LA","West South Central","South","NATCHITOCHES","City","Cities from 10,000 thru 24,999",20000,34,1,35,6,1,7,40,2,42,2.1,"NATCHITOCHES POLICE DEPARTMENT                    ","Natchitoches Police Department"
"7884",1977,"LA0300000","La Salle",NA,"LA","West South Central","South","LA SALLE","County","Non-MSA counties from 10,000 thru 24,999",11731,22,3,25,1,4,5,23,7,30,2.56,"LA SALLE PARISH SHERIFF'S OFFICE                  ","La Salle Parish Sheriff's Office"
"7885",1977,"LA0600000","Webster",NA,"LA","West South Central","South","WEBSTER","County","MSA counties from 10,000 thru 24,999",19692,29,0,29,6,0,6,35,0,35,1.78,"WEBSTER PARISH SHERIFF'S OFFICE                   ","Webster Parish Sheriff's Office"
"7886",1977,"LA0150000","Concordia",NA,"LA","West South Central","South","CONCORDIA","County","Non-MSA counties from 10,000 thru 24,999",10591,19,1,20,4,0,4,23,1,24,2.27,"CONCORDIA PARISH SHERIFF'S OFFICE                 ","Concordia Parish Sheriff's Office"
"7887",1977,"LA0010200","Rayne",NA,"LA","West South Central","South","ACADIA","City","Cities from 2,500 thru 9,999",9540,19,0,19,0,0,0,19,0,19,1.99,"RAYNE POLICE DEPARTMENT                           ","Rayne Police Department"
"7888",1977,"LA0060000","Beauregard",NA,"LA","West South Central","South","BEAUREGARD","County","Non-MSA counties from 10,000 thru 24,999",15983,20,7,27,6,0,6,26,7,33,2.06,"BEAUREGARD PARISH SHERIFF'S OFFICE                ","Beauregard Parish Sheriff's Office"
"7889",1977,"LA0070100","Arcadia",NA,"LA","West South Central","South","BIENVILLE","City","Cities from 2,500 thru 9,999",3122,4,0,4,0,0,0,4,0,4,1.28,"ARCADIA POLICE DEPARTMENT                         ","Arcadia Police Department"
"7890",1977,"LA0530300","Ponchatoula",NA,"LA","West South Central","South","TANGIPAHOA","City","Cities from 2,500 thru 9,999",5190,8,0,8,2,0,2,10,0,10,1.93,"PONCHATOULA POLICE DEPARTMENT                     ","Ponchatoula Police Department"
"7891",1977,"LA0550000","Terrebonne",NA,"LA","West South Central","South","TERREBONNE","County","Non-MSA counties from 25,000 thru 99,999",36630,76,0,76,20,0,20,96,0,96,2.62,"TERREBONNE PARISH SHERIFF'S OFFICE                ","Terrebonne Parish Sheriff's Office"
"7892",1977,"LA0400000","Rapides",NA,"LA","West South Central","South","RAPIDES","County","MSA counties from 25,000 thru 99,999",64207,97,0,97,15,0,15,112,0,112,1.74,"RAPIDES PARISH SHERIFF'S OFFICE                   ","Rapides Parish Sheriff's Office"
"7893",1977,"LA0620100","Oak Grove",NA,"LA","West South Central","South","WEST CARROLL","City","Cities from 2,500 thru 9,999",2700,5,0,5,2,0,2,7,0,7,2.59,"OAK GROVE POLICE DEPARTMENT                       ","Oak Grove Police Department"
"7894",1977,"LA0030100","Donaldsonville",NA,"LA","West South Central","South","ASCENSION","City","Cities from 2,500 thru 9,999",8034,13,0,13,3,0,3,16,0,16,1.99,"DONALDSONVILLE PD                                 ","Donaldsonville Police Department"
"7895",1977,"LA0570000","Vermilion",NA,"LA","West South Central","South","VERMILION","County","Non-MSA counties from 25,000 thru 99,999",27548,46,0,46,8,0,8,54,0,54,1.96,"VERMILION PARISH SHERIFF'S OFFICE                 ","Vermilion Parish Sheriff's Office"
"7896",1977,"LA0430100","Many",NA,"LA","West South Central","South","SABINE","City","Cities from 2,500 thru 9,999",3282,8,0,8,1,0,1,9,0,9,2.74,"MANY POLICE DEPARTMENT                            ","Many Police Department"
"7897",1977,"LA0520100","Covington",NA,"LA","West South Central","South","ST TAMMANY","City","Cities from 2,500 thru 9,999",7200,17,0,17,6,0,6,23,0,23,3.19,"COVINGTON POLICE DEPARTMENT                       ","Covington Police Department"
"7898",1977,"LA0180100","Lake Providence",NA,"LA","West South Central","South","EAST CARROLL","City","Cities from 2,500 thru 9,999",6512,9,0,9,3,0,3,12,0,12,1.84,"LAKE PROVIDENCE POLICE DEPARTMENT                 ","Lake Providence Police Department"
"7899",1977,"LA0140200","Homer",NA,"LA","West South Central","South","CLAIBORNE","City","Cities from 2,500 thru 9,999",4218,9,1,10,1,0,1,10,1,11,2.61,"HOMER POLICE DEPARTMENT                           ","Homer Police Department"
"7900",1977,"LA0070000","Bienville",NA,"LA","West South Central","South","BIENVILLE","County","Non-MSA counties from 10,000 thru 24,999",13324,16,3,19,2,2,4,18,5,23,1.73,"BIENVILLE PARISH SHERIFF'S OFFICE                 ","Bienville Parish Sheriff's Office"
"7901",1977,"LA0370100","Monroe",NA,"LA","West South Central","South","OUACHITA","City","Cities from 50,000 thru 99,999",67981,101,14,115,2,18,20,103,32,135,1.99,"MONROE POLICE DEPARTMENT                          ","Monroe Police Department"
"7902",1977,"LA0420200","Rayville",NA,"LA","West South Central","South","RICHLAND","City","Cities from 2,500 thru 9,999",4839,7,0,7,0,0,0,7,0,7,1.45,"RAYVILLE POLICE DEPARTMENT                        ","Rayville Police Department"
"7903",1977,"LA0490100","Eunice",NA,"LA","West South Central","South","ACADIA, ST LANDRY","City","Cities from 10,000 thru 24,999",11500,24,2,26,2,2,4,26,4,30,2.61,"EUNICE POLICE DEPARTMENT                          ","Eunice Police Department"
"7904",1977,"LA0420300","Mangham",NA,"LA","West South Central","South","RICHLAND","City","Cities under 2,500",793,2,0,2,0,0,0,2,0,2,2.52,"MANGHAM POLICE DEPARTMENT                         ","Mangham Police Department"
"7905",1977,"LA0430000","Sabine",NA,"LA","West South Central","South","SABINE","County","Non-MSA counties from 10,000 thru 24,999",16435,21,0,21,1,0,1,22,0,22,1.34,"SABINE PARISH SHERIFF'S OFFICE                    ","Sabine Parish Sheriff's Office"
"7906",1977,"LA0510300","Morgan City",NA,"LA","West South Central","South","ST MARY","City","Cities from 10,000 thru 24,999",17055,35,4,39,2,4,6,37,8,45,2.64,"MORGAN CITY POLICE DEPARTMENT                     ","Morgan City Police Department"
"7907",1977,"LA0410000","Red River",NA,"LA","West South Central","South","RED RIVER","County","Non-MSA counties under 10,000",9137,6,0,6,0,0,0,6,0,6,0.66,"RED RIVER PARISH SHERIFF'S OFFICE                 ","Red River Parish Sheriff's Office"
"7908",1977,"LA0440000","St. Bernard",NA,"LA","West South Central","South","ST BERNARD","County","MSA counties from 25,000 thru 99,999",59254,124,2,126,15,6,21,139,8,147,2.48,"ST. BERNARD PARISH SHERIFF'S OFFICE               ","St. Bernard Parish Sheriff's Office"
"7909",1977,"LA0260400","Westwego",NA,"LA","West South Central","South","JEFFERSON","City","Cities from 10,000 thru 24,999",12933,16,0,16,1,0,1,17,0,17,1.31,"WESTWEGO POLICE DEPARTMENT                        ","Westwego Police Department"
"7910",1977,"LA0230000","Iberia",NA,"LA","West South Central","South","IBERIA","County","Non-MSA counties from 10,000 thru 24,999",23387,62,0,62,11,0,11,73,0,73,3.12,"IBERIA PARISH SHERIFF'S OFFICE                    ","Iberia Parish Sheriff's Office"
"7911",1977,"LA0170000","East Baton Rouge",NA,"LA","West South Central","South","EAST BATON ROUGE","County","MSA counties 100,000 or over",103774,382,34,416,42,17,59,424,51,475,4.58,"EAST BATON ROUGE PARISH SHERIFF'S OFFICE          ","East Baton Rouge Parish Sheriff's Office"
"7912",1977,"LA0180000","East Carroll",NA,"LA","West South Central","South","EAST CARROLL","County","Non-MSA counties under 10,000",5262,8,0,8,3,0,3,11,0,11,2.09,"EAST CARROLL PARISH SHERIFF'S OFFICE              ","East Carroll Parish Sheriff's Office"
"7913",1977,"LA0080000","Bossier",NA,"LA","West South Central","South","BOSSIER","County","MSA counties from 10,000 thru 24,999",21388,38,0,38,9,0,9,47,0,47,2.2,"BOSSIER PARISH SHERIFF'S OFFICE                   ","Bossier Parish Sheriff's Office"
"7914",1977,"LA0340500","Oak Ridge",NA,"LA","West South Central","South","MOREHOUSE","City","Cities under 2,500",291,2,0,2,0,0,0,2,0,2,6.87,"OAK RIDGE POLICE DEPT                             ","Oak Ridge Police Police Department"
"7915",1977,"LA0140000","Claiborne",NA,"LA","West South Central","South","CLAIBORNE","County","Non-MSA counties under 10,000",8937,11,0,11,3,1,4,14,1,15,1.68,"CLAIBORNE PARISH SHERIFF'S OFFICE                 ","Claiborne Parish Sheriff's Office"
"7916",1977,"LA0090100","Shreveport",NA,"LA","West South Central","South","BOSSIER, CADDO","City","Cities from 100,000 thru 249,999",193269,355,55,410,4,58,62,359,113,472,2.44,"SHREVEPORT POLICE DEPARTMENT                      ","Shreveport Police Department"
"7917",1977,"LA0280300","Lafayette",NA,"LA","West South Central","South","LAFAYETTE","City","Cities from 50,000 thru 99,999",87680,109,2,111,0,32,32,109,34,143,1.63,"LAFAYETTE POLICE DEPARTMENT                       ","Lafayette Police Department"
"7918",1977,"LA0310100","Dubach",NA,"LA","West South Central","South","LINCOLN","City","Cities from 2,500 thru 9,999",2869,5,0,5,0,0,0,5,0,5,1.74,"DUBACH POLICE DEPT                                ","Dubach Police Police Department"
"7919",1977,"LA0080100","Bossier City",NA,"LA","West South Central","South","BOSSIER","City","Cities from 25,000 thru 49,999",48715,95,0,95,19,0,19,114,0,114,2.34,"BOSSIER CITY POLICE DEPT                          ","Bossier City Police Police Department"
"7920",1977,"LA0050200","Marksville",NA,"LA","West South Central","South","AVOYELLES","City","Cities from 2,500 thru 9,999",4559,13,0,13,2,0,2,15,0,15,3.29,"MARKSVILLE POLICE DEPARTMENT                      ","Marksville Police Department"
"7921",1977,"LA0220000","Grant",NA,"LA","West South Central","South","GRANT","County","MSA counties from 10,000 thru 24,999",14821,18,0,18,3,0,3,21,0,21,1.42,"GRANT PARISH SHERIFF'S OFFICE                     ","Grant Parish Sheriff's Office"
"7922",1977,"LA0230400","Loreauville",NA,"LA","West South Central","South","IBERIA","City","Cities under 2,500",796,2,0,2,0,0,0,2,0,2,2.51,"LOREAUVILLE PD                                    ","Loreauville Police Department"
"7923",1977,"LA0260100","Gretna",NA,"LA","West South Central","South","JEFFERSON","City","Cities from 25,000 thru 49,999",30179,35,0,35,0,3,3,35,3,38,1.26,"GRETNA POLICE DEPARTMENT                          ","Gretna Police Department"
"7924",1977,"LA0210100","Winnsboro",NA,"LA","West South Central","South","FRANKLIN","City","Cities from 2,500 thru 9,999",5600,8,0,8,0,0,0,8,0,8,1.43,"WINNSBORO POLICE DEPARTMENT                       ","Winnsboro Police Department"
"7925",1977,"LA0170200","Baton Rouge",NA,"LA","West South Central","South","EAST BATON ROUGE","City","Cities from 100,000 thru 249,999",209317,521,12,533,47,71,118,568,83,651,3.11,"BATON ROUGE POLICE DEPARTMENT                     ","Baton Rouge Police Department"
"7926",1977,"LA0420000","Richland",NA,"LA","West South Central","South","RICHLAND","County","Non-MSA counties from 10,000 thru 24,999",13298,17,1,18,1,0,1,18,1,19,1.43,"RICHLAND PARISH SHERIFF'S OFFICE                  ","Richland Parish Sheriff's Office"
"7927",1977,"LA0140100","Haynesville",NA,"LA","West South Central","South","CLAIBORNE","City","Cities from 2,500 thru 9,999",3027,7,0,7,0,0,0,7,0,7,2.31,"HAYNESVILLE POLICE DEPT                           ","Haynesville Police Police Department"
"7928",1977,"LA0260200","Harahan",NA,"LA","West South Central","South","JEFFERSON","City","Cities from 10,000 thru 24,999",16443,12,0,12,1,0,1,13,0,13,0.79,"HARAHAN POLICE DEPARTMENT                         ","Harahan Police Department"
"7929",1977,"LA0100100","De Quincy",NA,"LA","West South Central","South","CALCASIEU","City","Cities from 2,500 thru 9,999",3738,8,0,8,1,0,1,9,0,9,2.41,"DEQUINCY POLICE DEPARTMENT                        ","Dequincy Police Department"
"7930",1977,"LA0340100","Bastrop",NA,"LA","West South Central","South","MOREHOUSE","City","Cities from 10,000 thru 24,999",13424,30,1,31,1,1,2,31,2,33,2.46,"BASTROP POLICE DEPARTMENT                         ","Bastrop Police Department"
"7931",1977,"LA0290300","Lockport",NA,"LA","West South Central","South","LAFOURCHE","City","Cities under 2,500",2227,3,0,3,0,0,0,3,0,3,1.35,"LOCKPORT POLICE DEPARTMENT                        ","Lockport Police Department"
"7932",1977,"LA0130000","Catahoula",NA,"LA","West South Central","South","CATAHOULA","County","Non-MSA counties under 10,000",8435,17,0,17,3,2,5,20,2,22,2.61,"CATAHOULA PARISH SHERIFF'S OFFICE                 ","Catahoula Parish Sheriff's Office"
"7933",1977,"LA0010100","Crowley",NA,"LA","West South Central","South","ACADIA","City","Cities from 10,000 thru 24,999",20000,27,0,27,5,0,5,32,0,32,1.6,"CROWLEY POLICE DEPARTMENT                         ","Crowley Police Department"
"7934",1977,"LA0500100","Breaux Bridge",NA,"LA","West South Central","South","ST MARTIN","City","Cities from 2,500 thru 9,999",5628,10,1,11,2,0,2,12,1,13,2.31,"BREAUX BRIDGE POLICE DEPARTMENT                   ","Breaux Bridge Police Department"
"7935",1977,"LA0290000","Lafourche",NA,"LA","West South Central","South","LAFOURCHE","County","Non-MSA counties from 25,000 thru 99,999",55668,113,0,113,17,0,17,130,0,130,2.34,"LAFOURCHE PARISH SHERIFF'S OFFICE                 ","Lafourche Parish Sheriff's Office"
"7936",1977,"LA0340000","Morehouse",NA,"LA","West South Central","South","MOREHOUSE","County","Non-MSA counties from 10,000 thru 24,999",19505,28,1,29,6,2,8,34,3,37,1.9,"MOREHOUSE PARISH SHERIFF'S OFFICE                 ","Morehouse Parish Sheriff's Office"
"7937",1977,"LA0270200","Jennings",NA,"LA","West South Central","South","JEFFERSON DAVIS","City","Cities from 10,000 thru 24,999",12038,22,0,22,4,0,4,26,0,26,2.16,"JENNINGS POLICE DEPARTMENT                        ","Jennings Police Department"
"7938",1977,"LA0450000","St. Charles",NA,"LA","West South Central","South","ST CHARLES","County","Non-MSA counties from 25,000 thru 99,999",35000,67,7,74,30,0,30,97,7,104,2.97,"ST. CHARLES PARISH SHERIFF'S OFFICE               ","St. Charles Parish Sheriff's Office"
"7939",1977,"LA0400200","Pineville",NA,"LA","West South Central","South","RAPIDES","City","Cities from 2,500 thru 9,999",9399,21,0,21,0,1,1,21,1,22,2.34,"PINEVILLE POLICE DEPARTMENT                       ","Pineville Police Department"
"7940",1977,"LA0070800","Bienville",NA,"LA","West South Central","South","BIENVILLE","City","Cities under 2,500",312,1,0,1,0,0,0,1,0,1,3.21,"BIENVILLE PD                                      ","Bienville Police Department"
"7941",1977,"LA0580000","Vernon",NA,"LA","West South Central","South","VERNON","County","Non-MSA counties from 25,000 thru 99,999",31233,34,0,34,7,2,9,41,2,43,1.38,"VERNON PARISH SHERIFF'S OFFICE                    ","Vernon Parish Sheriff's Office"
"7942",1977,"LA0510100","Berwick",NA,"LA","West South Central","South","ST MARY","City","Cities from 2,500 thru 9,999",4871,10,0,10,1,0,1,11,0,11,2.26,"BERWICK POLICE DEPARTMENT                         ","Berwick Police Department"
"7943",1977,"LA0100000","Calcasieu",NA,"LA","West South Central","South","CALCASIEU","County","MSA counties from 25,000 thru 99,999",40918,166,0,166,39,0,39,205,0,205,5.01,"CALCASIEU PARISH SHERIFF'S OFFICE                 ","Calcasieu Parish Sheriff's Office"
"7944",1977,"LA0210400","Baskin",NA,"LA","West South Central","South","FRANKLIN","City","Cities under 2,500",322,2,0,2,0,1,1,2,1,3,9.32,"BASKIN POLICE DEPARTMENT                          ","Baskin Police Department"
"7945",1977,"LA0210000","Franklin",NA,"LA","West South Central","South","FRANKLIN","County","Non-MSA counties from 10,000 thru 24,999",18656,17,0,17,4,0,4,21,0,21,1.13,"FRANKLIN PARISH SHERIFF'S OFFICE                  ","Franklin Parish Sheriff's Office"
"7946",1977,"LA0460000","St. Helena",NA,"LA","West South Central","South","ST HELENA","County","Non-MSA counties from 10,000 thru 24,999",10145,12,0,12,4,0,4,16,0,16,1.58,"ST. HELENA PARISH SHERIFF'S OFFICE                ","St. Helena Parish Sheriff's Office"
"7947",1977,"LA0520300","Mandeville",NA,"LA","West South Central","South","ST TAMMANY","City","Cities from 2,500 thru 9,999",4118,9,0,9,3,0,3,12,0,12,2.91,"MANDEVILLE POLICE DEPARTMENT                      ","Mandeville Police Department"
"7948",1977,"LA0290500","Thibodaux",NA,"LA","West South Central","South","LAFOURCHE","City","Cities from 10,000 thru 24,999",16059,26,4,30,0,2,2,26,6,32,1.99,"THIBODAUX POLICE DEPARTMENT                       ","Thibodaux Police Department"
"7949",1977,"LA0570200","Kaplan",NA,"LA","West South Central","South","VERMILION","City","Cities from 2,500 thru 9,999",5916,13,0,13,0,0,0,13,0,13,2.2,"KAPLAN POLICE DEPARTMENT                          ","Kaplan Police Department"
"7950",1977,"LA0550100","Houma",NA,"LA","West South Central","South","TERREBONNE","City","Cities from 25,000 thru 49,999",48439,41,4,45,2,3,5,43,7,50,1.03,"HOUMA POLICE DEPARTMENT                           ","Houma Police Department"
"7951",1977,"LA0120000","Cameron",NA,"LA","West South Central","South","CAMERON","County","Non-MSA counties under 10,000",8980,29,0,29,3,0,3,32,0,32,3.56,"CAMERON PARISH SHERIFF'S OFFICE                   ","Cameron Parish Sheriff's Office"
"7952",1977,"LA0510200","Franklin",NA,"LA","West South Central","South","ST MARY","City","Cities from 2,500 thru 9,999",9571,17,0,17,4,0,4,21,0,21,2.19,"FRANKLIN POLICE DEPARTMENT                        ","Franklin Police Department"
"7953",1977,"LA0100400","Vinton",NA,"LA","West South Central","South","CALCASIEU","City","Cities from 2,500 thru 9,999",3568,7,0,7,2,0,2,9,0,9,2.52,"VINTON POLICE DEPARTMENT                          ","Vinton Police Department"
"7954",1977,"LA0290100","Golden Meadow",NA,"LA","West South Central","South","LAFOURCHE","City","Cities from 2,500 thru 9,999",3046,4,0,4,0,0,0,4,0,4,1.31,"GOLDEN MEADOW POLICE DEPARTMENT                   ","Golden Meadow Police Department"
"7955",1977,"LA0490000","St. Landry",NA,"LA","West South Central","South","ST LANDRY","County","Non-MSA counties from 25,000 thru 99,999",48589,79,0,79,18,0,18,97,0,97,2,"ST. LANDRY PARISH SHERIFF'S OFFICE                ","St. Landry Parish Sheriff's Office"
"7956",1977,"LA0240000","Iberville",NA,"LA","West South Central","South","IBERVILLE","County","Non-MSA counties from 10,000 thru 24,999",23970,50,0,50,14,0,14,64,0,64,2.67,"IBERVILLE PARISH SHERIFF'S OFFICE                 ","Iberville Parish Sheriff's Office"
"7957",1977,"LA0300100","Jena",NA,"LA","West South Central","South","LA SALLE","City","Cities from 2,500 thru 9,999",2893,3,0,3,1,0,1,4,0,4,1.38,"JENA POLICE DEPARTMENT                            ","Jena Police Department"
"7958",1977,"LA0250100","Jonesboro",NA,"LA","West South Central","South","JACKSON","City","Cities from 2,500 thru 9,999",5068,10,0,10,0,0,0,10,0,10,1.97,"JONESBORO POLICE DEPARTMENT                       ","Jonesboro Police Department"
"7959",1977,"LA0240200","Plaquemine",NA,"LA","West South Central","South","IBERVILLE","City","Cities from 2,500 thru 9,999",7615,20,0,20,7,0,7,27,0,27,3.55,"PLAQUEMINE POLICE DEPARTMENT                      ","Plaquemine Police Department"
"7960",1977,"LA0370000","Ouachita",NA,"LA","West South Central","South","OUACHITA","County","MSA counties from 25,000 thru 99,999",45289,90,0,90,24,0,24,114,0,114,2.52,"OUACHITA PARISH SHERIFF'S OFFICE                  ","Ouachita Parish Sheriff's Office"
"7961",1977,"LA0470000","St. James",NA,"LA","West South Central","South","ST JAMES","County","Non-MSA counties from 10,000 thru 24,999",19700,40,0,40,6,1,7,46,1,47,2.39,"ST. JAMES PARISH SHERIFF'S OFFICE                 ","St. James Parish Sheriff's Office"
"7962",1977,"LA0190000","East Feliciana",NA,"LA","West South Central","South","EAST FELICIANA","County","Non-MSA counties from 10,000 thru 24,999",16569,7,0,7,3,0,3,10,0,10,0.6,"EAST FELICIANA PARISH SHERIFF'S OFFICE            ","East Feliciana Parish Sheriff's Office"
"7963",1976,"LA0260300","Kenner",NA,"LA","West South Central","South","JEFFERSON","City","Cities from 25,000 thru 49,999",46126,66,22,88,3,4,7,69,26,95,2.06,"KENNER POLICE DEPARTMENT                          ","Kenner Police Department"
"7964",1976,"LA0050000","Avoyelles",NA,"LA","West South Central","South","AVOYELLES","County","Non-MSA counties from 25,000 thru 99,999",27332,28,0,28,9,0,9,37,0,37,1.35,"AVOYELLES PARISH SHERIFF'S OFFICE                 ","Avoyelles Parish Sheriff's Office"
"7965",1976,"LA0270400","Welsh",NA,"LA","West South Central","South","JEFFERSON DAVIS","City","Cities from 2,500 thru 9,999",3268,6,0,6,1,0,1,7,0,7,2.14,"WELSH POLICE DEPARTMENT                           ","Welsh Police Department"
"7966",1976,"LA0590100","Bogalusa",NA,"LA","West South Central","South","WASHINGTON","City","Cities from 10,000 thru 24,999",19260,40,4,44,0,2,2,40,6,46,2.39,"BOGALUSA POLICE DEPARTMENT                        ","Bogalusa Police Department"
"7967",1976,"LA0130100","Jonesville",NA,"LA","West South Central","South","CATAHOULA","City","Cities from 2,500 thru 9,999",3100,8,0,8,3,0,3,11,0,11,3.55,"JONESVILLE POLICE DEPARTMENT                      ","Jonesville Police Department"
"7968",1976,"LA0590000","Washington",NA,"LA","West South Central","South","WASHINGTON","County","Non-MSA counties from 10,000 thru 24,999",20746,37,0,37,12,0,12,49,0,49,2.36,"WASHINGTON PARISH SHERIFF'S OFFICE                ","Washington Parish Sheriff's Office"
"7969",1976,"LA0630000","West Feliciana",NA,"LA","West South Central","South","WEST FELICIANA","County","Non-MSA counties under 10,000",9086,14,0,14,2,1,3,16,1,17,1.87,"WEST FELICIANA PARISH SHERIFF'S OFFICE            ","West Feliciana Parish Sheriff's Office"
"7970",1976,"LA0530000","Tangipahoa",NA,"LA","West South Central","South","TANGIPAHOA","County","Non-MSA counties from 25,000 thru 99,999",44978,76,0,76,22,0,22,98,0,98,2.18,"TANGIPAHOA PARISH SHERIFF'S OFFICE                ","Tangipahoa Parish Sheriff's Office"
"7971",1976,"LA0200000","Evangeline",NA,"LA","West South Central","South","EVANGELINE","County","Non-MSA counties from 10,000 thru 24,999",20411,17,0,17,3,0,3,20,0,20,0.98,"EVANGELINE PARISH SHERIFF'S OFFICE                ","Evangeline Parish Sheriff's Office"
"7972",1976,"LA0040000","Assumption",NA,"LA","West South Central","South","ASSUMPTION","County","Non-MSA counties from 10,000 thru 24,999",19752,23,0,23,3,0,3,26,0,26,1.32,"ASSUMPTION PARISH SHERIFF'S OFFICE                ","Assumption Parish Sheriff's Office"
"7973",1976,"LA0150200","Vidalia",NA,"LA","West South Central","South","CONCORDIA","City","Cities from 2,500 thru 9,999",6000,7,0,7,3,0,3,10,0,10,1.67,"VIDALIA POLICE DEPARTMENT                         ","Vidalia Police Department"
"7974",1976,"LA0350100","Natchitoches",NA,"LA","West South Central","South","NATCHITOCHES","City","Cities from 10,000 thru 24,999",15992,39,1,40,5,0,5,44,1,45,2.81,"NATCHITOCHES POLICE DEPARTMENT                    ","Natchitoches Police Department"
"7975",1976,"LA0640100","Winnfield",NA,"LA","West South Central","South","WINN","City","Cities from 2,500 thru 9,999",7000,13,0,13,4,0,4,17,0,17,2.43,"WINNFIELD POLICE DEPT                             ","Winnfield Police Police Department"
"7976",1976,"LA0330100","Tallulah",NA,"LA","West South Central","South","MADISON","City","Cities from 2,500 thru 9,999",9972,14,0,14,2,0,2,16,0,16,1.6,"TALLULAH POLICE DEPT.                             ","Tallulah Police Police Department"
"7977",1976,"LA0310000","Lincoln",NA,"LA","West South Central","South","LINCOLN","County","Non-MSA counties under 10,000",8298,14,0,14,3,0,3,17,0,17,2.05,"LINCOLN PARISH SHERIFF'S OFFICE                   ","Lincoln Parish Sheriff's Office"
"7978",1976,"LA0300000","La Salle",NA,"LA","West South Central","South","LA SALLE","County","Non-MSA counties from 10,000 thru 24,999",12033,30,0,30,2,2,4,32,2,34,2.83,"LA SALLE PARISH SHERIFF'S OFFICE                  ","La Salle Parish Sheriff's Office"
"7979",1976,"LA0570100","Abbeville",NA,"LA","West South Central","South","VERMILION","City","Cities from 10,000 thru 24,999",11946,21,0,21,3,0,3,24,0,24,2.01,"ABBEVILLE POLICE DEPARTMENT                       ","Abbeville Police Department"
"7980",1976,"LA0530100","Hammond",NA,"LA","West South Central","South","TANGIPAHOA","City","Cities from 10,000 thru 24,999",13548,33,0,33,3,1,4,36,1,37,2.73,"HAMMOND POLICE DEPARTMENT                         ","Hammond Police Department"
"7981",1976,"LA0400100","Alexandria",NA,"LA","West South Central","South","RAPIDES","City","Cities from 50,000 thru 99,999",50600,107,6,113,1,10,11,108,16,124,2.45,"ALEXANDRIA POLICE DEPARTMENT                      ","Alexandria Police Department"
"7982",1976,"LA0310200","Ruston",NA,"LA","West South Central","South","LINCOLN","City","Cities from 10,000 thru 24,999",19500,24,3,27,2,2,4,26,5,31,1.59,"RUSTON POLICE DEPARTMENT                          ","Ruston Police Department"
"7983",1976,"LA0130000","Catahoula",NA,"LA","West South Central","South","CATAHOULA","County","Non-MSA counties under 10,000",7863,13,1,14,4,1,5,17,2,19,2.42,"CATAHOULA PARISH SHERIFF'S OFFICE                 ","Catahoula Parish Sheriff's Office"
"7984",1976,"LA0340400","Collinston",NA,"LA","West South Central","South","MOREHOUSE","City","Cities under 2,500",446,1,0,1,0,0,0,1,0,1,2.24,"COLLINSTON POLICE DEPT                            ","Collinston Police Police Department"
"7985",1976,"LA0590200","Franklinton",NA,"LA","West South Central","South","WASHINGTON","City","Cities from 2,500 thru 9,999",3694,12,0,12,1,0,1,13,0,13,3.52,"FRANKLINTON POLICE DEPARTMENT                     ","Franklinton Police Department"
"7986",1976,"LA0580100","Leesville",NA,"LA","West South Central","South","VERNON","City","Cities from 2,500 thru 9,999",9817,20,0,20,3,1,4,23,1,24,2.44,"LEESVILLE POLICE DEPARTMENT                       ","Leesville Police Department"
"7987",1976,"LA0190000","East Feliciana",NA,"LA","West South Central","South","EAST FELICIANA","County","Non-MSA counties from 10,000 thru 24,999",16296,7,0,7,3,0,3,10,0,10,0.61,"EAST FELICIANA PARISH SHERIFF'S OFFICE            ","East Feliciana Parish Sheriff's Office"
"7988",1976,"LA0240200","Plaquemine",NA,"LA","West South Central","South","IBERVILLE","City","Cities from 2,500 thru 9,999",7500,20,0,20,5,0,5,25,0,25,3.33,"PLAQUEMINE POLICE DEPARTMENT                      ","Plaquemine Police Department"
"7989",1976,"LA0250100","Jonesboro",NA,"LA","West South Central","South","JACKSON","City","Cities from 2,500 thru 9,999",5275,10,0,10,0,0,0,10,0,10,1.9,"JONESBORO POLICE DEPARTMENT                       ","Jonesboro Police Department"
"7990",1976,"LA0180000","East Carroll",NA,"LA","West South Central","South","EAST CARROLL","County","Non-MSA counties under 10,000",5253,12,0,12,3,0,3,15,0,15,2.86,"EAST CARROLL PARISH SHERIFF'S OFFICE              ","East Carroll Parish Sheriff's Office"
"7991",1976,"LA0170000","East Baton Rouge",NA,"LA","West South Central","South","EAST BATON ROUGE","County","MSA counties 100,000 or over",129299,382,34,416,42,17,59,424,51,475,3.67,"EAST BATON ROUGE PARISH SHERIFF'S OFFICE          ","East Baton Rouge Parish Sheriff's Office"
"7992",1976,"LA0230000","Iberia",NA,"LA","West South Central","South","IBERIA","County","Non-MSA counties from 10,000 thru 24,999",23496,47,0,47,13,0,13,60,0,60,2.55,"IBERIA PARISH SHERIFF'S OFFICE                    ","Iberia Parish Sheriff's Office"
"7993",1976,"LA0500300","Parks",NA,"LA","West South Central","South","ST MARTIN","City","Cities under 2,500",515,2,0,2,0,0,0,2,0,2,3.88,"PARKS POLICE DEPARTMENT                           ","Parks Police Department"
"7994",1976,"LA0420300","Mangham",NA,"LA","West South Central","South","RICHLAND","City","Cities under 2,500",800,2,0,2,0,0,0,2,0,2,2.5,"MANGHAM POLICE DEPARTMENT                         ","Mangham Police Department"
"7995",1976,"LA0490100","Eunice",NA,"LA","West South Central","South","ST LANDRY","City","Cities from 10,000 thru 24,999",11249,27,0,27,1,0,1,28,0,28,2.49,"EUNICE POLICE DEPARTMENT                          ","Eunice Police Department"
"7996",1976,"LA0430000","Sabine",NA,"LA","West South Central","South","SABINE","County","Non-MSA counties from 10,000 thru 24,999",15716,23,0,23,1,0,1,24,0,24,1.53,"SABINE PARISH SHERIFF'S OFFICE                    ","Sabine Parish Sheriff's Office"
"7997",1976,"LA0410000","Red River",NA,"LA","West South Central","South","RED RIVER","County","Non-MSA counties under 10,000",9086,11,0,11,2,0,2,13,0,13,1.43,"RED RIVER PARISH SHERIFF'S OFFICE                 ","Red River Parish Sheriff's Office"
"7998",1976,"LA0440000","St. Bernard",NA,"LA","West South Central","South","ST BERNARD","County","MSA counties from 25,000 thru 99,999",57086,122,2,124,14,5,19,136,7,143,2.5,"ST. BERNARD PARISH SHERIFF'S OFFICE               ","St. Bernard Parish Sheriff's Office"
"7999",1976,"LA0260400","Westwego",NA,"LA","West South Central","South","JEFFERSON","City","Cities from 10,000 thru 24,999",11874,16,0,16,1,0,1,17,0,17,1.43,"WESTWEGO POLICE DEPARTMENT                        ","Westwego Police Department"
"8000",1976,"LA0510000","St. Mary",NA,"LA","West South Central","South","ST MARY","County","Non-MSA counties from 10,000 thru 24,999",23271,59,0,59,14,0,14,73,0,73,3.14,"ST. MARY PARISH SHERIFF'S OFFICE                  ","St. Mary Parish Sheriff's Office"
"8001",1976,"LA0350000","Natchitoches",NA,"LA","West South Central","South","NATCHITOCHES","County","Non-MSA counties from 10,000 thru 24,999",19267,24,0,24,2,0,2,26,0,26,1.35,"NATCHITOCHES PARISH SHERIFF'S OFFICE              ","Natchitoches Parish Sheriff's Office"
"8002",1976,"LA0150100","Ferriday",NA,"LA","West South Central","South","CONCORDIA","City","Cities from 2,500 thru 9,999",5801,13,0,13,0,0,0,13,0,13,2.24,"FERRIDAY POLICE DEPARTMENT                        ","Ferriday Police Department"
"8003",1976,"LA0170300","Zachary",NA,"LA","West South Central","South","EAST BATON ROUGE","City","Cities from 2,500 thru 9,999",6029,13,0,13,1,0,1,14,0,14,2.32,"ZACHARY POLICE DEPARTMENT                         ","Zachary Police Department"
"8004",1976,"LA0230300","New Iberia",NA,"LA","West South Central","South","IBERIA","City","Cities from 25,000 thru 49,999",30200,56,0,56,1,7,8,57,7,64,2.12,"NEW IBERIA PD                                     ","New Iberia Police Department"
"8005",1976,"LA0170100","Baker",NA,"LA","West South Central","South","EAST BATON ROUGE","City","Cities from 10,000 thru 24,999",10175,17,2,19,1,1,2,18,3,21,2.06,"BAKER POLICE DEPARTMENT                           ","Baker Police Department"
"8006",1976,"LA0050100","Bunkie",NA,"LA","West South Central","South","AVOYELLES","City","Cities from 2,500 thru 9,999",5270,13,2,15,0,0,0,13,2,15,2.85,"BUNKIE POLICE DEPARTMENT                          ","Bunkie Police Department"
"8007",1976,"LA0110000","Caldwell",NA,"LA","West South Central","South","CALDWELL","County","Non-MSA counties from 10,000 thru 24,999",10000,19,4,23,1,1,2,20,5,25,2.5,"CALDWELL PARISH SHERIFF'S OFFICE                  ","Caldwell Parish Sheriff's Office"
"8008",1976,"LA0260000","Jefferson",NA,"LA","West South Central","South","JEFFERSON","County","MSA counties 100,000 or over",290104,510,79,589,60,106,166,570,185,755,2.6,"JEFFERSON PARISH SHERIFF'S OFFICE                 ","Jefferson Parish Sheriff's Office"
"8009",1976,"LA0390000","Pointe Coupee",NA,"LA","West South Central","South","POINTE COUPEE","County","Non-MSA counties from 10,000 thru 24,999",17703,12,0,12,3,0,3,15,0,15,0.85,"POINTE COUPEE PARISH SHERIFF'S OFFICE             ","Pointe Coupee Parish Sheriff's Office"
"8010",1976,"LA0090100","Shreveport",NA,"LA","West South Central","South","BOSSIER, CADDO","City","Cities from 100,000 thru 249,999",192237,374,51,425,0,59,59,374,110,484,2.52,"SHREVEPORT POLICE DEPARTMENT                      ","Shreveport Police Department"
"8011",1976,"LA0080000","Bossier",NA,"LA","West South Central","South","BOSSIER","County","MSA counties from 10,000 thru 24,999",20680,36,0,36,7,0,7,43,0,43,2.08,"BOSSIER PARISH SHERIFF'S OFFICE                   ","Bossier Parish Sheriff's Office"
"8012",1976,"LA0510300","Morgan City",NA,"LA","West South Central","South","ST MARY","City","Cities from 10,000 thru 24,999",16673,35,4,39,2,4,6,37,8,45,2.7,"MORGAN CITY POLICE DEPARTMENT                     ","Morgan City Police Department"
"8013",1976,"LA0140000","Claiborne",NA,"LA","West South Central","South","CLAIBORNE","County","Non-MSA counties under 10,000",8967,11,0,11,3,0,3,14,0,14,1.56,"CLAIBORNE PARISH SHERIFF'S OFFICE                 ","Claiborne Parish Sheriff's Office"
"8014",1976,"LA0020200","Oakdale",NA,"LA","West South Central","South","ALLEN","City","Cities from 2,500 thru 9,999",8188,15,0,15,0,0,0,15,0,15,1.83,"OAKDALE POLICE DEPARTMENT                         ","Oakdale Police Department"
"8015",1976,"LA0340300","Bonita",NA,"LA","West South Central","South","MOREHOUSE","City","Cities under 2,500",597,3,0,3,0,0,0,3,0,3,5.03,"BONITA POLICE DEPT.                               ","Bonita Police Police Department"
"8016",1976,"LA0540200","Waterproof",NA,"LA","West South Central","South","TENSAS","City","Cities under 2,500",1374,2,0,2,0,0,0,2,0,2,1.46,"WATERPROOF POLICE DEPARTMENT                      ","Waterproof Police Department"
"8017",1976,"LA0560000","Union",NA,"LA","West South Central","South","UNION","County","Non-MSA counties from 10,000 thru 24,999",16232,13,0,13,1,1,2,14,1,15,0.92,"UNION PARISH SHERIFF'S OFFICE                     ","Union Parish Sheriff's Office"
"8018",1976,"LA0290500","Thibodaux",NA,"LA","West South Central","South","LAFOURCHE","City","Cities from 10,000 thru 24,999",15457,24,1,25,0,2,2,24,3,27,1.75,"THIBODAUX POLICE DEPARTMENT                       ","Thibodaux Police Department"
"8019",1976,"LA0500200","St. Martinville",NA,"LA","West South Central","South","ST MARTIN","City","Cities from 2,500 thru 9,999",7598,14,0,14,2,0,2,16,0,16,2.11,"ST. MARTINVILLE POLICE DEPARTMENT                 ","St. Martinville Police Department"
"8020",1976,"LA0520200","Slidell",NA,"LA","West South Central","South","ST TAMMANY","City","Cities from 25,000 thru 49,999",26661,37,0,37,7,1,8,44,1,45,1.69,"SLIDELL POLICE DEPARTMENT                         ","Slidell Police Department"
"8021",1976,"LA0570200","Kaplan",NA,"LA","West South Central","South","VERMILION","City","Cities from 2,500 thru 9,999",5614,11,0,11,1,0,1,12,0,12,2.14,"KAPLAN POLICE DEPARTMENT                          ","Kaplan Police Department"
"8022",1976,"LA0520300","Mandeville",NA,"LA","West South Central","South","ST TAMMANY","City","Cities from 2,500 thru 9,999",3500,8,0,8,3,0,3,11,0,11,3.14,"MANDEVILLE POLICE DEPARTMENT                      ","Mandeville Police Department"
"8023",1976,"LA0230200","Jeanerette",NA,"LA","West South Central","South","IBERIA","City","Cities from 2,500 thru 9,999",6742,8,0,8,5,0,5,13,0,13,1.93,"JEANERETTE POLICE DEPARTMENT                      ","Jeanerette Police Department"
"8024",1976,"LA0100200","Lake Charles",NA,"LA","West South Central","South","CALCASIEU","City","Cities from 50,000 thru 99,999",76225,119,3,122,3,3,6,122,6,128,1.68,"LAKE CHARLES POLICE DEPARTMENT                    ","Lake Charles Police Department"
"8025",1976,"LA0270000","Jefferson Davis",NA,"LA","West South Central","South","JEFFERSON DAVIS","County","Non-MSA counties from 10,000 thru 24,999",14124,17,0,17,3,0,3,20,0,20,1.42,"JEFFERSON DAVIS PARISH SHERIFF'S OFFICE           ","Jefferson Davis Parish Sheriff's Office"
"8026",1976,"LA0310300","Grambling",NA,"LA","West South Central","South","LINCOLN","City","Cities from 2,500 thru 9,999",5056,7,2,9,0,2,2,7,4,11,2.18,"GRAMBLING POLICE DEPARTMENT                       ","Grambling Police Department"
"8027",1976,"LA0330000","Madison",NA,"LA","West South Central","South","MADISON","County","Non-MSA counties under 10,000",4542,12,0,12,4,0,4,16,0,16,3.52,"MADISON PARISH SHERIFF'S OFFICE                   ","Madison Parish Sheriff's Office"
"8028",1976,"LA0030200","Gonzales",NA,"LA","West South Central","South","ASCENSION","City","Cities from 2,500 thru 9,999",4818,18,0,18,1,0,1,19,0,19,3.94,"GONZALES POLICE DEPARTMENT                        ","Gonzales Police Department"
"8029",1976,"LA0320100","Denham Springs",NA,"LA","West South Central","South","LIVINGSTON","City","Cities from 2,500 thru 9,999",7744,17,0,17,1,3,4,18,3,21,2.71,"DENHAM SPRINGS POLICE DEPARTMENT                  ","Denham Springs Police Department"
"8030",1976,"LA0060000","Beauregard",NA,"LA","West South Central","South","BEAUREGARD","County","Non-MSA counties from 10,000 thru 24,999",15696,21,0,21,5,0,5,26,0,26,1.66,"BEAUREGARD PARISH SHERIFF'S OFFICE                ","Beauregard Parish Sheriff's Office"
"8031",1976,"LA0150000","Concordia",NA,"LA","West South Central","South","CONCORDIA","County","Non-MSA counties from 10,000 thru 24,999",13199,22,0,22,4,0,4,26,0,26,1.97,"CONCORDIA PARISH SHERIFF'S OFFICE                 ","Concordia Parish Sheriff's Office"
"8032",1976,"LA0070100","Arcadia",NA,"LA","West South Central","South","BIENVILLE","City","Cities from 2,500 thru 9,999",3000,5,0,5,0,0,0,5,0,5,1.67,"ARCADIA POLICE DEPARTMENT                         ","Arcadia Police Department"
"8033",1976,"LA0420000","Richland",NA,"LA","West South Central","South","RICHLAND","County","Non-MSA counties from 10,000 thru 24,999",13313,18,0,18,1,0,1,19,0,19,1.43,"RICHLAND PARISH SHERIFF'S OFFICE                  ","Richland Parish Sheriff's Office"
"8034",1976,"LA0170200","Baton Rouge",NA,"LA","West South Central","South","EAST BATON ROUGE","City","Cities from 100,000 thru 249,999",204897,471,4,475,29,80,109,500,84,584,2.85,"BATON ROUGE POLICE DEPARTMENT                     ","Baton Rouge Police Department"
"8035",1976,"LA0100100","De Quincy",NA,"LA","West South Central","South","CALCASIEU","City","Cities from 2,500 thru 9,999",3757,8,0,8,1,0,1,9,0,9,2.4,"DEQUINCY POLICE DEPARTMENT                        ","Dequincy Police Department"
"8036",1976,"LA0140100","Haynesville",NA,"LA","West South Central","South","CLAIBORNE","City","Cities from 2,500 thru 9,999",2888,7,1,8,0,0,0,7,1,8,2.77,"HAYNESVILLE POLICE DEPT                           ","Haynesville Police Police Department"
"8037",1976,"LA0260200","Harahan",NA,"LA","West South Central","South","JEFFERSON","City","Cities from 10,000 thru 24,999",15097,15,0,15,0,1,1,15,1,16,1.06,"HARAHAN POLICE DEPARTMENT                         ","Harahan Police Department"
"8038",1976,"LA0070000","Bienville",NA,"LA","West South Central","South","BIENVILLE","County","Non-MSA counties from 10,000 thru 24,999",13090,15,2,17,1,1,2,16,3,19,1.45,"BIENVILLE PARISH SHERIFF'S OFFICE                 ","Bienville Parish Sheriff's Office"
"8039",1976,"LA0140200","Homer",NA,"LA","West South Central","South","CLAIBORNE","City","Cities from 2,500 thru 9,999",4238,8,0,8,1,0,1,9,0,9,2.12,"HOMER POLICE DEPARTMENT                           ","Homer Police Department"
"8040",1976,"LA0420200","Rayville",NA,"LA","West South Central","South","RICHLAND","City","Cities from 2,500 thru 9,999",3918,7,0,7,0,0,0,7,0,7,1.79,"RAYVILLE POLICE DEPARTMENT                        ","Rayville Police Department"
"8041",1976,"LA0370100","Monroe",NA,"LA","West South Central","South","OUACHITA","City","Cities from 50,000 thru 99,999",65000,102,12,114,2,18,20,104,30,134,2.06,"MONROE POLICE DEPARTMENT                          ","Monroe Police Department"
"8042",1976,"LA0010300","Church Point",NA,"LA","West South Central","South","ACADIA","City","Cities from 2,500 thru 9,999",4207,11,0,11,0,0,0,11,0,11,2.61,"CHURCH POINT POLICE DEPARTMENT                    ","Church Point Police Department"
"8043",1976,"LA0160000","De Soto",NA,"LA","West South Central","South","DE SOTO","County","Non-MSA counties from 10,000 thru 24,999",16230,14,0,14,3,0,3,17,0,17,1.05,"DE SOTO PARISH SHERIFF'S OFFICE                   ","De Soto Parish Sheriff's Office"
"8044",1976,"LA0100300","Sulphur",NA,"LA","West South Central","South","CALCASIEU","City","Cities from 10,000 thru 24,999",18775,19,0,19,1,1,2,20,1,21,1.12,"SULPHUR POLICE DEPARTMENT                         ","Sulphur Police Department"
"8045",1976,"LA0530400","Amite",NA,"LA","West South Central","South","TANGIPAHOA","City","Cities from 2,500 thru 9,999",3590,10,0,10,1,0,1,11,0,11,3.06,"AMITE POLICE DEPARTMENT                           ","Amite Police Department"
"8046",1976,"LA0620000","West Carroll",NA,"LA","West South Central","South","WEST CARROLL","County","Non-MSA counties from 10,000 thru 24,999",10637,13,0,13,2,0,2,15,0,15,1.41,"WEST CARROLL PARISH SHERIFF'S OFFICE              ","West Carroll Parish Sheriff's Office"
"8047",1976,"LA0520000","St. Tammany",NA,"LA","West South Central","South","ST TAMMANY","County","MSA counties from 25,000 thru 99,999",49738,80,0,80,36,0,36,116,0,116,2.33,"ST. TAMMANY PARISH SHERIFF'S OFFICE               ","St. Tammany Parish Sheriff's Office"
"8048",1976,"LA0540000","Tensas",NA,"LA","West South Central","South","TENSAS","County","Non-MSA counties under 10,000",7021,11,0,11,3,1,4,14,1,15,2.14,"TENSAS PARISH SHERIFF'S OFFICE                    ","Tensas Parish Sheriff's Office"
"8049",1976,"LA0030000","Ascension",NA,"LA","West South Central","South","ASCENSION","County","MSA counties from 25,000 thru 99,999",26919,50,0,50,16,1,17,66,1,67,2.49,"ASCENSION PARISH SHERIFF'S OFFICE                 ","Ascension Parish Sheriff's Office"
"8050",1976,"LA0340000","Morehouse",NA,"LA","West South Central","South","MOREHOUSE","County","Non-MSA counties from 10,000 thru 24,999",20759,26,0,26,6,2,8,32,2,34,1.64,"MOREHOUSE PARISH SHERIFF'S OFFICE                 ","Morehouse Parish Sheriff's Office"
"8051",1976,"LA0120000","Cameron",NA,"LA","West South Central","South","CAMERON","County","Non-MSA counties under 10,000",8790,31,1,32,3,1,4,34,2,36,4.1,"CAMERON PARISH SHERIFF'S OFFICE                   ","Cameron Parish Sheriff's Office"
"8052",1976,"LA0290000","Lafourche",NA,"LA","West South Central","South","LAFOURCHE","County","Non-MSA counties from 25,000 thru 99,999",50783,99,0,99,13,0,13,112,0,112,2.21,"LAFOURCHE PARISH SHERIFF'S OFFICE                 ","Lafourche Parish Sheriff's Office"
"8053",1976,"LA0530300","Ponchatoula",NA,"LA","West South Central","South","TANGIPAHOA","City","Cities from 2,500 thru 9,999",5033,11,0,11,2,0,2,13,0,13,2.58,"PONCHATOULA POLICE DEPARTMENT                     ","Ponchatoula Police Department"
"8054",1976,"LA0010200","Rayne",NA,"LA","West South Central","South","ACADIA","City","Cities from 2,500 thru 9,999",9823,19,1,20,0,0,0,19,1,20,2.04,"RAYNE POLICE DEPARTMENT                           ","Rayne Police Department"
"8055",1976,"LA0550000","Terrebonne",NA,"LA","West South Central","South","TERREBONNE","County","Non-MSA counties from 25,000 thru 99,999",35467,74,0,74,21,0,21,95,0,95,2.68,"TERREBONNE PARISH SHERIFF'S OFFICE                ","Terrebonne Parish Sheriff's Office"
"8056",1976,"LA0550100","Houma",NA,"LA","West South Central","South","TERREBONNE","City","Cities from 25,000 thru 49,999",46902,40,4,44,0,2,2,40,6,46,0.98,"HOUMA POLICE DEPARTMENT                           ","Houma Police Department"
"8057",1976,"LA0240000","Iberville",NA,"LA","West South Central","South","IBERVILLE","County","Non-MSA counties from 10,000 thru 24,999",22524,35,0,35,7,0,7,42,0,42,1.86,"IBERVILLE PARISH SHERIFF'S OFFICE                 ","Iberville Parish Sheriff's Office"
"8058",1976,"LANPD0000","New Orleans",NA,"LA","West South Central","South","ORLEANS","City","Cities from 500,000 thru 999,999",557327,1482,253,1735,28,250,278,1510,503,2013,3.61,"NEW ORLEANS POLICE DEPARTMENT                     ","New Orleans Police Department"
"8059",1976,"LA0020000","Allen",NA,"LA","West South Central","South","ALLEN","County","Non-MSA counties from 10,000 thru 24,999",12009,23,0,23,1,0,1,24,0,24,2,"ALLEN PARISH SHERIFF'S OFFICE                     ","Allen Parish Sheriff's Office"
"8060",1976,"LA0340500","Oak Ridge",NA,"LA","West South Central","South","MOREHOUSE","City","Cities under 2,500",310,2,0,2,0,0,0,2,0,2,6.45,"OAK RIDGE POLICE DEPT                             ","Oak Ridge Police Police Department"
"8061",1976,"LA0010000","Acadia",NA,"LA","West South Central","South","ACADIA","County","Non-MSA counties from 10,000 thru 24,999",19214,39,0,39,5,0,5,44,0,44,2.29,"ACADIA PARISH SHERIFF'S OFFICE                    ","Acadia Parish Sheriff's Office"
"8062",1976,"LA0500000","St. Martin",NA,"LA","West South Central","South","ST MARTIN","County","Non-MSA counties from 10,000 thru 24,999",20285,36,0,36,7,0,7,43,0,43,2.12,"ST. MARTIN PARISH SHERIFF'S OFFICE                ","St. Martin Parish Sheriff's Office"
"8063",1976,"LA0080100","Bossier City",NA,"LA","West South Central","South","BOSSIER","City","Cities from 25,000 thru 49,999",47507,95,0,95,0,15,15,95,15,110,2.32,"BOSSIER CITY POLICE DEPT                          ","Bossier City Police Police Department"
"8064",1976,"LA0010100","Crowley",NA,"LA","West South Central","South","ACADIA","City","Cities from 10,000 thru 24,999",19200,31,0,31,5,0,5,36,0,36,1.88,"CROWLEY POLICE DEPARTMENT                         ","Crowley Police Department"
"8065",1976,"LA0210100","Winnsboro",NA,"LA","West South Central","South","FRANKLIN","City","Cities from 2,500 thru 9,999",5097,8,0,8,0,0,0,8,0,8,1.57,"WINNSBORO POLICE DEPARTMENT                       ","Winnsboro Police Department"
"8066",1976,"LA0220000","Grant",NA,"LA","West South Central","South","GRANT","County","MSA counties from 10,000 thru 24,999",14293,13,3,16,2,1,3,15,4,19,1.33,"GRANT PARISH SHERIFF'S OFFICE                     ","Grant Parish Sheriff's Office"
"8067",1976,"LA0500100","Breaux Bridge",NA,"LA","West South Central","South","ST MARTIN","City","Cities from 2,500 thru 9,999",5700,9,0,9,2,0,2,11,0,11,1.93,"BREAUX BRIDGE POLICE DEPARTMENT                   ","Breaux Bridge Police Department"
"8068",1976,"LA0230400","Loreauville",NA,"LA","West South Central","South","IBERIA","City","Cities under 2,500",775,2,0,2,0,0,0,2,0,2,2.58,"LOREAUVILLE PD                                    ","Loreauville Police Department"
"8069",1976,"LA0050200","Marksville",NA,"LA","West South Central","South","AVOYELLES","City","Cities from 2,500 thru 9,999",4434,11,1,12,2,0,2,13,1,14,3.16,"MARKSVILLE POLICE DEPARTMENT                      ","Marksville Police Department"
"8070",1976,"LA0600000","Webster",NA,"LA","West South Central","South","WEBSTER","County","MSA counties from 10,000 thru 24,999",18021,31,0,31,6,0,6,37,0,37,2.05,"WEBSTER PARISH SHERIFF'S OFFICE                   ","Webster Parish Sheriff's Office"
"8071",1976,"LA0490000","St. Landry",NA,"LA","West South Central","South","ST LANDRY","County","Non-MSA counties from 25,000 thru 99,999",43114,68,8,76,2,9,11,70,17,87,2.02,"ST. LANDRY PARISH SHERIFF'S OFFICE                ","St. Landry Parish Sheriff's Office"
"8072",1976,"LA0290100","Golden Meadow",NA,"LA","West South Central","South","LAFOURCHE","City","Cities from 2,500 thru 9,999",2813,4,0,4,0,0,0,4,0,4,1.42,"GOLDEN MEADOW POLICE DEPARTMENT                   ","Golden Meadow Police Department"
"8073",1976,"LA0510100","Berwick",NA,"LA","West South Central","South","ST MARY","City","Cities from 2,500 thru 9,999",4148,10,0,10,0,0,0,10,0,10,2.41,"BERWICK POLICE DEPARTMENT                         ","Berwick Police Department"
"8074",1976,"LA0450000","St. Charles",NA,"LA","West South Central","South","ST CHARLES","County","Non-MSA counties from 25,000 thru 99,999",31995,67,0,67,20,3,23,87,3,90,2.81,"ST. CHARLES PARISH SHERIFF'S OFFICE               ","St. Charles Parish Sheriff's Office"
"8075",1976,"LA0400200","Pineville",NA,"LA","West South Central","South","RAPIDES","City","Cities from 2,500 thru 9,999",9172,19,0,19,0,0,0,19,0,19,2.07,"PINEVILLE POLICE DEPARTMENT                       ","Pineville Police Department"
"8076",1976,"LA0270200","Jennings",NA,"LA","West South Central","South","JEFFERSON DAVIS","City","Cities from 10,000 thru 24,999",12040,22,0,22,4,0,4,26,0,26,2.16,"JENNINGS POLICE DEPARTMENT                        ","Jennings Police Department"
"8077",1976,"LA0580000","Vernon",NA,"LA","West South Central","South","VERNON","County","Non-MSA counties from 25,000 thru 99,999",39958,30,0,30,7,1,8,37,1,38,0.95,"VERNON PARISH SHERIFF'S OFFICE                    ","Vernon Parish Sheriff's Office"
"8078",1976,"LA0620100","Oak Grove",NA,"LA","West South Central","South","WEST CARROLL","City","Cities under 2,500",1906,5,0,5,0,2,2,5,2,7,3.67,"OAK GROVE POLICE DEPARTMENT                       ","Oak Grove Police Department"
"8079",1976,"LA0260100","Gretna",NA,"LA","West South Central","South","JEFFERSON","City","Cities from 25,000 thru 49,999",27708,30,0,30,0,0,0,30,0,30,1.08,"GRETNA POLICE DEPARTMENT                          ","Gretna Police Department"
"8080",1976,"LA0310100","Dubach",NA,"LA","West South Central","South","LINCOLN","City","Cities from 2,500 thru 9,999",2800,4,0,4,0,0,0,4,0,4,1.43,"DUBACH POLICE DEPT                                ","Dubach Police Police Department"
"8081",1976,"LA0570000","Vermilion",NA,"LA","West South Central","South","VERMILION","County","Non-MSA counties from 25,000 thru 99,999",26094,36,0,36,4,0,4,40,0,40,1.53,"VERMILION PARISH SHERIFF'S OFFICE                 ","Vermilion Parish Sheriff's Office"
"8082",1976,"LA0030100","Donaldsonville",NA,"LA","West South Central","South","ASCENSION","City","Cities from 2,500 thru 9,999",7867,14,0,14,3,0,3,17,0,17,2.16,"DONALDSONVILLE PD                                 ","Donaldsonville Police Department"
"8083",1976,"LA0610000","West Baton Rouge",NA,"LA","West South Central","South","WEST BATON ROUGE","County","MSA counties from 10,000 thru 24,999",11413,27,0,27,3,1,4,30,1,31,2.72,"WEST BATON ROUGE PARISH SHERIFF'S OFFICE          ","West Baton Rouge Parish Sheriff's Office"
"8084",1976,"LA0510400","Patterson",NA,"LA","West South Central","South","ST MARY","City","Cities from 2,500 thru 9,999",4344,10,0,10,1,0,1,11,0,11,2.53,"PATTERSON POLICE DEPARTMENT                       ","Patterson Police Department"
"8085",1976,"LA0460000","St. Helena",NA,"LA","West South Central","South","ST HELENA","County","Non-MSA counties under 10,000",9468,10,0,10,3,0,3,13,0,13,1.37,"ST. HELENA PARISH SHERIFF'S OFFICE                ","St. Helena Parish Sheriff's Office"
"8086",1976,"LA0070800","Bienville",NA,"LA","West South Central","South","BIENVILLE","City","Cities under 2,500",305,1,0,1,0,0,0,1,0,1,3.28,"BIENVILLE PD                                      ","Bienville Police Department"
"8087",1976,"LA0480000","St. John the Baptist",NA,"LA","West South Central","South","ST JOHN THE BAPTIST","County","Non-MSA counties from 10,000 thru 24,999",24656,39,1,40,4,7,11,43,8,51,2.07,"ST. JOHN THE BAPTIST PARISH SHERIFF'S OFFICE      ","St. John The Baptist Parish Sheriff's Office"
"8088",1976,"LA0290300","Lockport",NA,"LA","West South Central","South","LAFOURCHE","City","Cities under 2,500",2057,3,0,3,0,0,0,3,0,3,1.46,"LOCKPORT POLICE DEPARTMENT                        ","Lockport Police Department"
"8089",1976,"LA0340100","Bastrop",NA,"LA","West South Central","South","MOREHOUSE","City","Cities from 10,000 thru 24,999",14288,29,0,29,2,0,2,31,0,31,2.17,"BASTROP POLICE DEPARTMENT                         ","Bastrop Police Department"
"8090",1976,"LA0180100","Lake Providence",NA,"LA","West South Central","South","EAST CARROLL","City","Cities from 2,500 thru 9,999",6500,11,0,11,3,0,3,14,0,14,2.15,"LAKE PROVIDENCE POLICE DEPARTMENT                 ","Lake Providence Police Department"
"8091",1976,"LA0510200","Franklin",NA,"LA","West South Central","South","ST MARY","City","Cities from 2,500 thru 9,999",9329,18,0,18,3,0,3,21,0,21,2.25,"FRANKLIN POLICE DEPARTMENT                        ","Franklin Police Department"
"8092",1976,"LA0380000","Plaquemines",NA,"LA","West South Central","South","PLAQUEMINES","County","Non-MSA counties from 25,000 thru 99,999",35000,53,0,53,8,0,8,61,0,61,1.74,"PLAQUEMINES PARISH SHERIFF'S OFFICE               ","Plaquemines Parish Sheriff's Office"
"8093",1976,"LA0160100","Mansfield",NA,"LA","West South Central","South","DE SOTO","City","Cities from 2,500 thru 9,999",6405,11,0,11,0,0,0,11,0,11,1.72,"MANSFIELD POLICE DEPARTMENT                       ","Mansfield Police Department"
"8094",1976,"LA0100500","Westlake",NA,"LA","West South Central","South","CALCASIEU","City","Cities from 2,500 thru 9,999",4222,8,2,10,1,1,2,9,3,12,2.84,"WESTLAKE POLICE DEPARTMENT                        ","Westlake Police Department"
"8095",1976,"LA0420100","Delhi",NA,"LA","West South Central","South","RICHLAND","City","Cities from 2,500 thru 9,999",3500,4,0,4,1,0,1,5,0,5,1.43,"DELHI POLICE DEPARTMENT                           ","Delhi Police Department"
"8096",1976,"LA0090200","Vivian",NA,"LA","West South Central","South","CADDO","City","Cities from 2,500 thru 9,999",5000,14,0,14,1,0,1,15,0,15,3,"VIVIAN POLICE DEPARTMENT                          ","Vivian Police Department"
"8097",1976,"LA0200300","Ville Platte",NA,"LA","West South Central","South","EVANGELINE","City","Cities from 10,000 thru 24,999",10061,21,0,21,0,0,0,21,0,21,2.09,"VILLE PLATTE POLICE DEPARTMENT                    ","Ville Platte Police Department"
"8098",1976,"LA0560100","Farmerville",NA,"LA","West South Central","South","UNION","City","Cities from 2,500 thru 9,999",3768,5,0,5,1,1,2,6,1,7,1.86,"FARMERVILLE POLICE DEPARTMENT                     ","Farmerville Police Department"
"8099",1976,"LA0530200","Kentwood",NA,"LA","West South Central","South","TANGIPAHOA","City","Cities from 2,500 thru 9,999",2579,6,0,6,1,0,1,7,0,7,2.71,"KENTWOOD POLICE DEPARTMENT                        ","Kentwood Police Department"
"8100",1976,"LA0600100","Minden",NA,"LA","West South Central","South","WEBSTER","City","Cities from 10,000 thru 24,999",14729,19,0,19,1,2,3,20,2,22,1.49,"MINDEN POLICE DEPARTMENT                          ","Minden Police Department"
"8101",1976,"LA0600200","Springhill",NA,"LA","West South Central","South","WEBSTER","City","Cities from 2,500 thru 9,999",6361,10,0,10,0,0,0,10,0,10,1.57,"SPRINGHILL POLICE DEPARTMENT                      ","Springhill Police Department"
"8102",1976,"LA0280300","Lafayette",NA,"LA","West South Central","South","LAFAYETTE","City","Cities from 50,000 thru 99,999",85473,110,6,116,0,16,16,110,22,132,1.54,"LAFAYETTE POLICE DEPARTMENT                       ","Lafayette Police Department"
"8103",1976,"LA0100400","Vinton",NA,"LA","West South Central","South","CALCASIEU","City","Cities from 2,500 thru 9,999",3900,9,0,9,2,0,2,11,0,11,2.82,"VINTON POLICE DEPARTMENT                          ","Vinton Police Department"
"8104",1976,"LA0370000","Ouachita",NA,"LA","West South Central","South","OUACHITA","County","MSA counties from 25,000 thru 99,999",42763,88,0,88,22,0,22,110,0,110,2.57,"OUACHITA PARISH SHERIFF'S OFFICE                  ","Ouachita Parish Sheriff's Office"
"8105",1976,"LA0470000","St. James",NA,"LA","West South Central","South","ST JAMES","County","Non-MSA counties from 10,000 thru 24,999",19358,38,0,38,5,1,6,43,1,44,2.27,"ST. JAMES PARISH SHERIFF'S OFFICE                 ","St. James Parish Sheriff's Office"
"8106",1976,"LA0300100","Jena",NA,"LA","West South Central","South","LA SALLE","City","Cities from 2,500 thru 9,999",2967,3,0,3,1,0,1,4,0,4,1.35,"JENA POLICE DEPARTMENT                            ","Jena Police Department"
"8107",1976,"LA0430100","Many",NA,"LA","West South Central","South","SABINE","City","Cities from 2,500 thru 9,999",3543,7,0,7,2,0,2,9,0,9,2.54,"MANY POLICE DEPARTMENT                            ","Many Police Department"
"8108",1976,"LA0400000","Rapides",NA,"LA","West South Central","South","RAPIDES","County","MSA counties from 25,000 thru 99,999",61228,101,0,101,13,0,13,114,0,114,1.86,"RAPIDES PARISH SHERIFF'S OFFICE                   ","Rapides Parish Sheriff's Office"
"8109",1976,"LA0520100","Covington",NA,"LA","West South Central","South","ST TAMMANY","City","Cities from 2,500 thru 9,999",7271,22,0,22,4,0,4,26,0,26,3.58,"COVINGTON POLICE DEPARTMENT                       ","Covington Police Department"
"8110",1976,"LA0060100","De Ridder",NA,"LA","West South Central","South","BEAUREGARD","City","Cities from 10,000 thru 24,999",12500,24,0,24,2,0,2,26,0,26,2.08,"DERIDDER POLICE DEPARTMENT                        ","Deridder Police Department"
"8111",1976,"LA0250000","Jackson",NA,"LA","West South Central","South","JACKSON","County","Non-MSA counties from 10,000 thru 24,999",10675,20,0,20,2,0,2,22,0,22,2.06,"JACKSON PARISH SHERIFF'S OFFICE                   ","Jackson Parish Sheriff's Office"
"8112",1976,"LA0090000","Caddo",NA,"LA","West South Central","South","CADDO","County","MSA counties from 25,000 thru 99,999",38495,131,0,131,17,0,17,148,0,148,3.84,"CADDO PARISH SHERIFF'S OFFICE                     ","Caddo Parish Sheriff's Office"
"8113",1976,"LA0370200","West Monroe",NA,"LA","West South Central","South","OUACHITA","City","Cities from 10,000 thru 24,999",15332,33,1,34,3,0,3,36,1,37,2.41,"WEST MONROE POLICE DEPARTMENT                     ","West Monroe Police Department"
"8114",1976,"LA0510500","Baldwin",NA,"LA","West South Central","South","ST MARY","City","Cities under 2,500",2086,3,0,3,0,0,0,3,0,3,1.44,"BALDWIN POLICE DEPARTMENT                         ","Baldwin Police Department"
"8115",1976,"LA0210000","Franklin",NA,"LA","West South Central","South","FRANKLIN","County","Non-MSA counties from 10,000 thru 24,999",17419,15,1,16,1,1,2,16,2,18,1.03,"FRANKLIN PARISH SHERIFF'S OFFICE                  ","Franklin Parish Sheriff's Office"
"8116",1976,"LA0210400","Baskin",NA,"LA","West South Central","South","FRANKLIN","City","Cities under 2,500",299,1,0,1,0,0,0,1,0,1,3.34,"BASKIN POLICE DEPARTMENT                          ","Baskin Police Department"
"8117",1976,"LA0640000","Winn",NA,"LA","West South Central","South","WINN","County","Non-MSA counties under 10,000",8802,20,0,20,2,1,3,22,1,23,2.61,"WINN PARISH SHERIFF'S OFFICE                      ","Winn Parish Sheriff's Office"
"8118",1976,"LA0610100","Port Allen",NA,"LA","West South Central","South","WEST BATON ROUGE","City","Cities from 2,500 thru 9,999",5871,12,0,12,0,0,0,12,0,12,2.04,"PORT ALLEN POLICE DEPARTMENT                      ","Port Allen Police Department"
"8119",1976,"LA0390100","New Roads",NA,"LA","West South Central","South","POINTE COUPEE","City","Cities from 2,500 thru 9,999",4197,8,0,8,0,0,0,8,0,8,1.91,"NEW ROADS POLICE DEPARTMENT                       ","New Roads Police Department"
"8120",1976,"LA0370300","Sterlington",NA,"LA","West South Central","South","OUACHITA","City","Cities under 2,500",1205,1,0,1,0,0,0,1,0,1,0.83,"STERLINGTON POLICE DEPARTMENT                     ","Sterlington Police Department"
"8121",1976,"LA0320000","Livingston",NA,"LA","West South Central","South","LIVINGSTON","County","MSA counties from 25,000 thru 99,999",34132,38,2,40,12,0,12,50,2,52,1.52,"LIVINGSTON PARISH SHERIFF'S OFFICE                ","Livingston Parish Sheriff's Office"
"8122",1976,"LA0490200","Opelousas",NA,"LA","West South Central","South","ST LANDRY","City","Cities from 25,000 thru 49,999",25000,38,0,38,2,3,5,40,3,43,1.72,"OPELOUSAS POLICE DEPARTMENT                       ","Opelousas Police Department"
"8123",1976,"LA0280000","Lafayette",NA,"LA","West South Central","South","LAFAYETTE","County","MSA counties from 25,000 thru 99,999",43038,131,0,131,14,0,14,145,0,145,3.37,"LAFAYETTE PARISH SHERIFF'S OFFICE                 ","Lafayette Parish Sheriff's Office"
"8124",1976,"LA0200200","Mamou",NA,"LA","West South Central","South","EVANGELINE","City","Cities from 2,500 thru 9,999",3800,11,0,11,0,0,0,11,0,11,2.89,"MAMOU POLICE DEPARTMENT                           ","Mamou Police Department"
"8125",1975,"LA0510300","Morgan City",NA,"LA","West South Central","South","ST MARY","City","Cities from 10,000 thru 24,999",16754,35,3,38,2,4,6,37,7,44,2.63,"MORGAN CITY POLICE DEPARTMENT                     ","Morgan City Police Department"
"8126",1975,"LA0340500","Oak Ridge",NA,"LA","West South Central","South","MOREHOUSE","City","Cities under 2,500",274,2,0,2,0,0,0,2,0,2,7.3,"OAK RIDGE POLICE DEPT                             ","Oak Ridge Police Police Department"
"8127",1975,"LA0500000","St. Martin",NA,"LA","West South Central","South","ST MARTIN","County","Non-MSA counties from 10,000 thru 24,999",20703,34,0,34,5,0,5,39,0,39,1.88,"ST. MARTIN PARISH SHERIFF'S OFFICE                ","St. Martin Parish Sheriff's Office"
"8128",1975,"LA0010000","Acadia",NA,"LA","West South Central","South","ACADIA","County","Non-MSA counties from 25,000 thru 99,999",26769,40,0,40,5,1,6,45,1,46,1.72,"ACADIA PARISH SHERIFF'S OFFICE                    ","Acadia Parish Sheriff's Office"
"8129",1975,"LA0020000","Allen",NA,"LA","West South Central","South","ALLEN","County","Non-MSA counties from 10,000 thru 24,999",20416,24,0,24,1,1,2,25,1,26,1.27,"ALLEN PARISH SHERIFF'S OFFICE                     ","Allen Parish Sheriff's Office"
"8130",1975,"LA0260000","Jefferson",NA,"LA","West South Central","South","JEFFERSON","County","MSA counties 100,000 or over",380168,528,65,593,69,52,121,597,117,714,1.88,"JEFFERSON PARISH SHERIFF'S OFFICE                 ","Jefferson Parish Sheriff's Office"
"8131",1975,"LA0110000","Caldwell",NA,"LA","West South Central","South","CALDWELL","County","Non-MSA counties from 10,000 thru 24,999",10158,14,3,17,1,1,2,15,4,19,1.87,"CALDWELL PARISH SHERIFF'S OFFICE                  ","Caldwell Parish Sheriff's Office"
"8132",1975,"LA0150100","Ferriday",NA,"LA","West South Central","South","CONCORDIA","City","Cities from 2,500 thru 9,999",5111,13,0,13,2,0,2,15,0,15,2.93,"FERRIDAY POLICE DEPARTMENT                        ","Ferriday Police Department"
"8133",1975,"LA0170000","East Baton Rouge",NA,"LA","West South Central","South","EAST BATON ROUGE","County","MSA counties 100,000 or over",136322,283,5,288,82,0,82,365,5,370,2.71,"EAST BATON ROUGE PARISH SHERIFF'S OFFICE          ","East Baton Rouge Parish Sheriff's Office"
"8134",1975,"LA0180000","East Carroll",NA,"LA","West South Central","South","EAST CARROLL","County","Non-MSA counties under 10,000",6172,11,0,11,3,1,4,14,1,15,2.43,"EAST CARROLL PARISH SHERIFF'S OFFICE              ","East Carroll Parish Sheriff's Office"
"8135",1975,"LA0390000","Pointe Coupee",NA,"LA","West South Central","South","POINTE COUPEE","County","Non-MSA counties from 10,000 thru 24,999",17910,7,0,7,3,0,3,10,0,10,0.56,"POINTE COUPEE PARISH SHERIFF'S OFFICE             ","Pointe Coupee Parish Sheriff's Office"
"8136",1975,"LA0230000","Iberia",NA,"LA","West South Central","South","IBERIA","County","Non-MSA counties from 10,000 thru 24,999",21825,86,0,86,12,0,12,98,0,98,4.49,"IBERIA PARISH SHERIFF'S OFFICE                    ","Iberia Parish Sheriff's Office"
"8137",1975,"LA0090100","Shreveport",NA,"LA","West South Central","South","BOSSIER, CADDO","City","Cities from 100,000 thru 249,999",195000,383,54,437,0,64,64,383,118,501,2.57,"SHREVEPORT POLICE DEPARTMENT                      ","Shreveport Police Department"
"8138",1975,"LA0080000","Bossier",NA,"LA","West South Central","South","BOSSIER","County","MSA counties from 10,000 thru 24,999",20079,37,0,37,4,2,6,41,2,43,2.14,"BOSSIER PARISH SHERIFF'S OFFICE                   ","Bossier Parish Sheriff's Office"
"8139",1975,"LA0400000","Rapides",NA,"LA","West South Central","South","RAPIDES","County","MSA counties from 25,000 thru 99,999",70674,102,0,102,10,0,10,112,0,112,1.58,"RAPIDES PARISH SHERIFF'S OFFICE                   ","Rapides Parish Sheriff's Office"
"8140",1975,"LA0140000","Claiborne",NA,"LA","West South Central","South","CLAIBORNE","County","Non-MSA counties under 10,000",9022,11,0,11,3,1,4,14,1,15,1.66,"CLAIBORNE PARISH SHERIFF'S OFFICE                 ","Claiborne Parish Sheriff's Office"
"8141",1975,"LA0370200","West Monroe",NA,"LA","West South Central","South","OUACHITA","City","Cities from 10,000 thru 24,999",14859,29,0,29,2,0,2,31,0,31,2.09,"WEST MONROE POLICE DEPARTMENT                     ","West Monroe Police Department"
"8142",1975,"LA0410000","Red River",NA,"LA","West South Central","South","RED RIVER","County","Non-MSA counties under 10,000",9051,7,3,10,0,1,1,7,4,11,1.22,"RED RIVER PARISH SHERIFF'S OFFICE                 ","Red River Parish Sheriff's Office"
"8143",1975,"LA0420300","Mangham",NA,"LA","West South Central","South","RICHLAND","City","Cities under 2,500",550,3,0,3,0,0,0,3,0,3,5.45,"MANGHAM POLICE DEPARTMENT                         ","Mangham Police Department"
"8144",1975,"LA0490100","Eunice",NA,"LA","West South Central","South","ST LANDRY","City","Cities from 10,000 thru 24,999",11764,27,0,27,1,0,1,28,0,28,2.38,"EUNICE POLICE DEPARTMENT                          ","Eunice Police Department"
"8145",1975,"LA0430000","Sabine",NA,"LA","West South Central","South","SABINE","County","Non-MSA counties from 10,000 thru 24,999",15757,21,1,22,0,0,0,21,1,22,1.4,"SABINE PARISH SHERIFF'S OFFICE                    ","Sabine Parish Sheriff's Office"
"8146",1975,"LA0570000","Vermilion",NA,"LA","West South Central","South","VERMILION","County","Non-MSA counties from 25,000 thru 99,999",26194,43,0,43,6,0,6,49,0,49,1.87,"VERMILION PARISH SHERIFF'S OFFICE                 ","Vermilion Parish Sheriff's Office"
"8147",1975,"LA0030100","Donaldsonville",NA,"LA","West South Central","South","ASCENSION","City","Cities from 2,500 thru 9,999",7991,15,0,15,3,0,3,18,0,18,2.25,"DONALDSONVILLE PD                                 ","Donaldsonville Police Department"
"8148",1975,"LA0080100","Bossier City",NA,"LA","West South Central","South","BOSSIER","City","Cities from 25,000 thru 49,999",46128,98,1,99,9,7,16,107,8,115,2.49,"BOSSIER CITY POLICE DEPT                          ","Bossier City Police Police Department"
"8149",1975,"LA0050200","Marksville",NA,"LA","West South Central","South","AVOYELLES","City","Cities from 2,500 thru 9,999",4539,13,0,13,2,0,2,15,0,15,3.3,"MARKSVILLE POLICE DEPARTMENT                      ","Marksville Police Department"
"8150",1975,"LA0230400","Loreauville",NA,"LA","West South Central","South","IBERIA","City","Cities under 2,500",774,2,0,2,0,0,0,2,0,2,2.58,"LOREAUVILLE PD                                    ","Loreauville Police Department"
"8151",1975,"LA0210100","Winnsboro",NA,"LA","West South Central","South","FRANKLIN","City","Cities from 2,500 thru 9,999",5257,8,0,8,0,0,0,8,0,8,1.52,"WINNSBORO POLICE DEPARTMENT                       ","Winnsboro Police Department"
"8152",1975,"LA0220000","Grant",NA,"LA","West South Central","South","GRANT","County","MSA counties from 10,000 thru 24,999",14080,14,3,17,1,1,2,15,4,19,1.35,"GRANT PARISH SHERIFF'S OFFICE                     ","Grant Parish Sheriff's Office"
"8153",1975,"LA0090000","Caddo",NA,"LA","West South Central","South","CADDO","County","MSA counties from 25,000 thru 99,999",39925,98,40,138,0,16,16,98,56,154,3.86,"CADDO PARISH SHERIFF'S OFFICE                     ","Caddo Parish Sheriff's Office"
"8154",1975,"LA0250000","Jackson",NA,"LA","West South Central","South","JACKSON","County","Non-MSA counties from 10,000 thru 24,999",10978,18,0,18,2,0,2,20,0,20,1.82,"JACKSON PARISH SHERIFF'S OFFICE                   ","Jackson Parish Sheriff's Office"
"8155",1975,"LA0060100","De Ridder",NA,"LA","West South Central","South","BEAUREGARD","City","Cities from 10,000 thru 24,999",10459,17,0,17,1,0,1,18,0,18,1.72,"DERIDDER POLICE DEPARTMENT                        ","Deridder Police Department"
"8156",1975,"LA0600000","Webster",NA,"LA","West South Central","South","WEBSTER","County","MSA counties from 10,000 thru 24,999",18721,31,0,31,3,0,3,34,0,34,1.82,"WEBSTER PARISH SHERIFF'S OFFICE                   ","Webster Parish Sheriff's Office"
"8157",1975,"LA0150000","Concordia",NA,"LA","West South Central","South","CONCORDIA","County","Non-MSA counties from 10,000 thru 24,999",11512,20,0,20,4,0,4,24,0,24,2.08,"CONCORDIA PARISH SHERIFF'S OFFICE                 ","Concordia Parish Sheriff's Office"
"8158",1975,"LA0550100","Houma",NA,"LA","West South Central","South","TERREBONNE","City","Cities from 25,000 thru 49,999",35985,42,4,46,0,2,2,42,6,48,1.33,"HOUMA POLICE DEPARTMENT                           ","Houma Police Department"
"8159",1975,"LA0270000","Jefferson Davis",NA,"LA","West South Central","South","JEFFERSON DAVIS","County","Non-MSA counties from 10,000 thru 24,999",14799,15,0,15,3,0,3,18,0,18,1.22,"JEFFERSON DAVIS PARISH SHERIFF'S OFFICE           ","Jefferson Davis Parish Sheriff's Office"
"8160",1975,"LA0510100","Berwick",NA,"LA","West South Central","South","ST MARY","City","Cities from 2,500 thru 9,999",4168,10,0,10,0,0,0,10,0,10,2.4,"BERWICK POLICE DEPARTMENT                         ","Berwick Police Department"
"8161",1975,"LA0580000","Vernon",NA,"LA","West South Central","South","VERNON","County","Non-MSA counties from 25,000 thru 99,999",36513,23,0,23,3,0,3,26,0,26,0.71,"VERNON PARISH SHERIFF'S OFFICE                    ","Vernon Parish Sheriff's Office"
"8162",1975,"LA0310300","Grambling",NA,"LA","West South Central","South","LINCOLN","City","Cities from 2,500 thru 9,999",5291,7,2,9,0,1,1,7,3,10,1.89,"GRAMBLING POLICE DEPARTMENT                       ","Grambling Police Department"
"8163",1975,"LA0330000","Madison",NA,"LA","West South Central","South","MADISON","County","Non-MSA counties from 10,000 thru 24,999",14180,11,0,11,3,0,3,14,0,14,0.99,"MADISON PARISH SHERIFF'S OFFICE                   ","Madison Parish Sheriff's Office"
"8164",1975,"LA0100200","Lake Charles",NA,"LA","West South Central","South","CALCASIEU","City","Cities from 50,000 thru 99,999",84788,107,1,108,3,4,7,110,5,115,1.36,"LAKE CHARLES POLICE DEPARTMENT                    ","Lake Charles Police Department"
"8165",1975,"LANPD0000","New Orleans",NA,"LA","West South Central","South","ORLEANS","City","Cities from 500,000 thru 999,999",571934,1579,130,1709,68,159,227,1647,289,1936,3.39,"NEW ORLEANS POLICE DEPARTMENT                     ","New Orleans Police Department"
"8166",1975,"LA0510000","St. Mary",NA,"LA","West South Central","South","ST MARY","County","Non-MSA counties from 10,000 thru 24,999",23384,66,8,74,7,8,15,73,16,89,3.81,"ST. MARY PARISH SHERIFF'S OFFICE                  ","St. Mary Parish Sheriff's Office"
"8167",1975,"LA0450000","St. Charles",NA,"LA","West South Central","South","ST CHARLES","County","Non-MSA counties from 25,000 thru 99,999",31177,55,0,55,12,1,13,67,1,68,2.18,"ST. CHARLES PARISH SHERIFF'S OFFICE               ","St. Charles Parish Sheriff's Office"
"8168",1975,"LA0270200","Jennings",NA,"LA","West South Central","South","JEFFERSON DAVIS","City","Cities from 10,000 thru 24,999",12012,21,0,21,6,0,6,27,0,27,2.25,"JENNINGS POLICE DEPARTMENT                        ","Jennings Police Department"
"8169",1975,"LA0400200","Pineville",NA,"LA","West South Central","South","RAPIDES","City","Cities from 2,500 thru 9,999",9255,19,0,19,0,0,0,19,0,19,2.05,"PINEVILLE POLICE DEPARTMENT                       ","Pineville Police Department"
"8170",1975,"LA0050000","Avoyelles",NA,"LA","West South Central","South","AVOYELLES","County","Non-MSA counties from 25,000 thru 99,999",33376,26,0,26,4,0,4,30,0,30,0.9,"AVOYELLES PARISH SHERIFF'S OFFICE                 ","Avoyelles Parish Sheriff's Office"
"8171",1975,"LA0340000","Morehouse",NA,"LA","West South Central","South","MOREHOUSE","County","Non-MSA counties from 10,000 thru 24,999",17755,26,0,26,6,2,8,32,2,34,1.91,"MOREHOUSE PARISH SHERIFF'S OFFICE                 ","Morehouse Parish Sheriff's Office"
"8172",1975,"LA0290000","Lafourche",NA,"LA","West South Central","South","LAFOURCHE","County","Non-MSA counties from 25,000 thru 99,999",50921,87,0,87,13,0,13,100,0,100,1.96,"LAFOURCHE PARISH SHERIFF'S OFFICE                 ","Lafourche Parish Sheriff's Office"
"8173",1975,"LA0190000","East Feliciana",NA,"LA","West South Central","South","EAST FELICIANA","County","Non-MSA counties from 10,000 thru 24,999",17298,7,0,7,0,0,0,7,0,7,0.4,"EAST FELICIANA PARISH SHERIFF'S OFFICE            ","East Feliciana Parish Sheriff's Office"
"8174",1975,"LA0250100","Jonesboro",NA,"LA","West South Central","South","JACKSON","City","Cities from 2,500 thru 9,999",5113,10,0,10,0,0,0,10,0,10,1.96,"JONESBORO POLICE DEPARTMENT                       ","Jonesboro Police Department"
"8175",1975,"LA0290300","Lockport",NA,"LA","West South Central","South","LAFOURCHE","City","Cities under 2,500",2063,4,0,4,0,0,0,4,0,4,1.94,"LOCKPORT POLICE DEPARTMENT                        ","Lockport Police Department"
"8176",1975,"LA0340100","Bastrop",NA,"LA","West South Central","South","MOREHOUSE","City","Cities from 10,000 thru 24,999",13759,28,1,29,1,1,2,29,2,31,2.25,"BASTROP POLICE DEPARTMENT                         ","Bastrop Police Department"
"8177",1975,"LA0240200","Plaquemine",NA,"LA","West South Central","South","IBERVILLE","City","Cities from 2,500 thru 9,999",7739,20,0,20,5,0,5,25,0,25,3.23,"PLAQUEMINE POLICE DEPARTMENT                      ","Plaquemine Police Department"
"8178",1975,"LA0310200","Ruston",NA,"LA","West South Central","South","LINCOLN","City","Cities from 10,000 thru 24,999",18775,21,3,24,2,2,4,23,5,28,1.49,"RUSTON POLICE DEPARTMENT                          ","Ruston Police Department"
"8179",1975,"LA0590100","Bogalusa",NA,"LA","West South Central","South","WASHINGTON","City","Cities from 10,000 thru 24,999",18201,36,4,40,0,6,6,36,10,46,2.53,"BOGALUSA POLICE DEPARTMENT                        ","Bogalusa Police Department"
"8180",1975,"LA0400100","Alexandria",NA,"LA","West South Central","South","RAPIDES","City","Cities from 25,000 thru 49,999",42162,106,5,111,1,10,11,107,15,122,2.89,"ALEXANDRIA POLICE DEPARTMENT                      ","Alexandria Police Department"
"8181",1975,"LA0590000","Washington",NA,"LA","West South Central","South","WASHINGTON","County","Non-MSA counties from 10,000 thru 24,999",23938,38,0,38,10,0,10,48,0,48,2.01,"WASHINGTON PARISH SHERIFF'S OFFICE                ","Washington Parish Sheriff's Office"
"8182",1975,"LA0130000","Catahoula",NA,"LA","West South Central","South","CATAHOULA","County","Non-MSA counties from 10,000 thru 24,999",11169,14,0,14,4,0,4,18,0,18,1.61,"CATAHOULA PARISH SHERIFF'S OFFICE                 ","Catahoula Parish Sheriff's Office"
"8183",1975,"LA0480000","St. John the Baptist",NA,"LA","West South Central","South","ST JOHN THE BAPTIST","County","Non-MSA counties from 10,000 thru 24,999",24841,41,0,41,12,0,12,53,0,53,2.13,"ST. JOHN THE BAPTIST PARISH SHERIFF'S OFFICE      ","St. John The Baptist Parish Sheriff's Office"
"8184",1975,"LA0350000","Natchitoches",NA,"LA","West South Central","South","NATCHITOCHES","County","Non-MSA counties from 10,000 thru 24,999",19949,24,0,24,2,0,2,26,0,26,1.3,"NATCHITOCHES PARISH SHERIFF'S OFFICE              ","Natchitoches Parish Sheriff's Office"
"8185",1975,"LA0370000","Ouachita",NA,"LA","West South Central","South","OUACHITA","County","MSA counties from 25,000 thru 99,999",44114,87,0,87,20,0,20,107,0,107,2.43,"OUACHITA PARISH SHERIFF'S OFFICE                  ","Ouachita Parish Sheriff's Office"
"8186",1975,"LA0470000","St. James",NA,"LA","West South Central","South","ST JAMES","County","Non-MSA counties from 10,000 thru 24,999",19511,40,0,40,5,1,6,45,1,46,2.36,"ST. JAMES PARISH SHERIFF'S OFFICE                 ","St. James Parish Sheriff's Office"
"8187",1975,"LA0570200","Kaplan",NA,"LA","West South Central","South","VERMILION","City","Cities from 2,500 thru 9,999",5652,10,0,10,1,0,1,11,0,11,1.95,"KAPLAN POLICE DEPARTMENT                          ","Kaplan Police Department"
"8188",1975,"LA0240000","Iberville",NA,"LA","West South Central","South","IBERVILLE","County","Non-MSA counties from 10,000 thru 24,999",23007,42,0,42,13,0,13,55,0,55,2.39,"IBERVILLE PARISH SHERIFF'S OFFICE                 ","Iberville Parish Sheriff's Office"
"8189",1975,"LA0370300","Sterlington",NA,"LA","West South Central","South","OUACHITA","City","Cities under 2,500",1193,2,0,2,0,0,0,2,0,2,1.68,"STERLINGTON POLICE DEPARTMENT                     ","Sterlington Police Department"
"8190",1975,"LA0490200","Opelousas",NA,"LA","West South Central","South","ST LANDRY","City","Cities from 10,000 thru 24,999",21788,37,0,37,0,2,2,37,2,39,1.79,"OPELOUSAS POLICE DEPARTMENT                       ","Opelousas Police Department"
"8191",1975,"LA0390100","New Roads",NA,"LA","West South Central","South","POINTE COUPEE","City","Cities from 2,500 thru 9,999",3913,7,0,7,0,0,0,7,0,7,1.79,"NEW ROADS POLICE DEPARTMENT                       ","New Roads Police Department"
"8192",1975,"LA0320000","Livingston",NA,"LA","West South Central","South","LIVINGSTON","County","MSA counties from 25,000 thru 99,999",33280,24,2,26,14,0,14,38,2,40,1.2,"LIVINGSTON PARISH SHERIFF'S OFFICE                ","Livingston Parish Sheriff's Office"
"8193",1975,"LA0280000","Lafayette",NA,"LA","West South Central","South","LAFAYETTE","County","MSA counties from 25,000 thru 99,999",43108,117,0,117,14,0,14,131,0,131,3.04,"LAFAYETTE PARISH SHERIFF'S OFFICE                 ","Lafayette Parish Sheriff's Office"
"8194",1975,"LA0200200","Mamou",NA,"LA","West South Central","South","EVANGELINE","City","Cities from 2,500 thru 9,999",3363,11,0,11,0,0,0,11,0,11,3.27,"MAMOU POLICE DEPARTMENT                           ","Mamou Police Department"
"8195",1975,"LA0510200","Franklin",NA,"LA","West South Central","South","ST MARY","City","Cities from 2,500 thru 9,999",9374,21,0,21,1,0,1,22,0,22,2.35,"FRANKLIN POLICE DEPARTMENT                        ","Franklin Police Department"
"8196",1975,"LA0290500","Thibodaux",NA,"LA","West South Central","South","LAFOURCHE","City","Cities from 10,000 thru 24,999",15499,23,7,30,0,1,1,23,8,31,2,"THIBODAUX POLICE DEPARTMENT                       ","Thibodaux Police Department"
"8197",1975,"LA0120000","Cameron",NA,"LA","West South Central","South","CAMERON","County","Non-MSA counties under 10,000",9051,35,0,35,4,0,4,39,0,39,4.31,"CAMERON PARISH SHERIFF'S OFFICE                   ","Cameron Parish Sheriff's Office"
"8198",1975,"LA0640000","Winn",NA,"LA","West South Central","South","WINN","County","Non-MSA counties under 10,000",8918,17,0,17,2,0,2,19,0,19,2.13,"WINN PARISH SHERIFF'S OFFICE                      ","Winn Parish Sheriff's Office"
"8199",1975,"LA0610100","Port Allen",NA,"LA","West South Central","South","WEST BATON ROUGE","City","Cities from 2,500 thru 9,999",5978,11,0,11,0,0,0,11,0,11,1.84,"PORT ALLEN POLICE DEPARTMENT                      ","Port Allen Police Department"
"8200",1975,"LA0530000","Tangipahoa",NA,"LA","West South Central","South","TANGIPAHOA","County","Non-MSA counties from 25,000 thru 99,999",56027,71,0,71,24,1,25,95,1,96,1.71,"TANGIPAHOA PARISH SHERIFF'S OFFICE                ","Tangipahoa Parish Sheriff's Office"
"8201",1975,"LA0500200","St. Martinville",NA,"LA","West South Central","South","ST MARTIN","City","Cities from 2,500 thru 9,999",7840,13,0,13,1,0,1,14,0,14,1.79,"ST. MARTINVILLE POLICE DEPARTMENT                 ","St. Martinville Police Department"
"8202",1975,"LA0560000","Union",NA,"LA","West South Central","South","UNION","County","Non-MSA counties from 10,000 thru 24,999",15733,12,0,12,2,0,2,14,0,14,0.89,"UNION PARISH SHERIFF'S OFFICE                     ","Union Parish Sheriff's Office"
"8203",1975,"LA0270400","Welsh",NA,"LA","West South Central","South","JEFFERSON DAVIS","City","Cities from 2,500 thru 9,999",3259,7,0,7,1,0,1,8,0,8,2.45,"WELSH POLICE DEPARTMENT                           ","Welsh Police Department"
"8204",1975,"LA0040000","Assumption",NA,"LA","West South Central","South","ASSUMPTION","County","Non-MSA counties from 10,000 thru 24,999",19913,14,0,14,0,0,0,14,0,14,0.7,"ASSUMPTION PARISH SHERIFF'S OFFICE                ","Assumption Parish Sheriff's Office"
"8205",1975,"LA0150200","Vidalia",NA,"LA","West South Central","South","CONCORDIA","City","Cities from 2,500 thru 9,999",5402,8,0,8,2,0,2,10,0,10,1.85,"VIDALIA POLICE DEPARTMENT                         ","Vidalia Police Department"
"8206",1975,"LA0200000","Evangeline",NA,"LA","West South Central","South","EVANGELINE","County","Non-MSA counties from 10,000 thru 24,999",19472,14,2,16,1,2,3,15,4,19,0.98,"EVANGELINE PARISH SHERIFF'S OFFICE                ","Evangeline Parish Sheriff's Office"
"8207",1975,"LA0600100","Minden",NA,"LA","West South Central","South","WEBSTER","City","Cities from 10,000 thru 24,999",15301,19,0,19,1,0,1,20,0,20,1.31,"MINDEN POLICE DEPARTMENT                          ","Minden Police Department"
"8208",1975,"LA0560100","Farmerville",NA,"LA","West South Central","South","UNION","City","Cities from 2,500 thru 9,999",3576,4,0,4,1,1,2,5,1,6,1.68,"FARMERVILLE POLICE DEPARTMENT                     ","Farmerville Police Department"
"8209",1975,"LA0600200","Springhill",NA,"LA","West South Central","South","WEBSTER","City","Cities from 2,500 thru 9,999",6608,11,2,13,0,0,0,11,2,13,1.97,"SPRINGHILL POLICE DEPARTMENT                      ","Springhill Police Department"
"8210",1975,"LA0010200","Rayne",NA,"LA","West South Central","South","ACADIA","City","Cities from 2,500 thru 9,999",9881,18,1,19,0,0,0,18,1,19,1.92,"RAYNE POLICE DEPARTMENT                           ","Rayne Police Department"
"8211",1975,"LA0320100","Denham Springs",NA,"LA","West South Central","South","LIVINGSTON","City","Cities from 2,500 thru 9,999",7551,12,2,14,1,0,1,13,2,15,1.99,"DENHAM SPRINGS POLICE DEPARTMENT                  ","Denham Springs Police Department"
"8212",1975,"LA0550000","Terrebonne",NA,"LA","West South Central","South","TERREBONNE","County","Non-MSA counties from 25,000 thru 99,999",45136,63,16,79,1,10,11,64,26,90,1.99,"TERREBONNE PARISH SHERIFF'S OFFICE                ","Terrebonne Parish Sheriff's Office"
"8213",1975,"LA0510400","Patterson",NA,"LA","West South Central","South","ST MARY","City","Cities from 2,500 thru 9,999",4365,12,0,12,0,0,0,12,0,12,2.75,"PATTERSON POLICE DEPARTMENT                       ","Patterson Police Department"
"8214",1975,"LA0280300","Lafayette",NA,"LA","West South Central","South","LAFAYETTE","City","Cities from 50,000 thru 99,999",79692,108,6,114,1,21,22,109,27,136,1.71,"LAFAYETTE POLICE DEPARTMENT                       ","Lafayette Police Department"
"8215",1975,"LA0610000","West Baton Rouge",NA,"LA","West South Central","South","WEST BATON ROUGE","County","MSA counties from 10,000 thru 24,999",11622,21,0,21,2,0,2,23,0,23,1.98,"WEST BATON ROUGE PARISH SHERIFF'S OFFICE          ","West Baton Rouge Parish Sheriff's Office"
"8216",1975,"LA0330100","Tallulah",NA,"LA","West South Central","South","MADISON","City","Cities from 2,500 thru 9,999",9077,13,2,15,2,0,2,15,2,17,1.87,"TALLULAH POLICE DEPT.                             ","Tallulah Police Police Department"
"8217",1975,"LA0530100","Hammond",NA,"LA","West South Central","South","TANGIPAHOA","City","Cities from 10,000 thru 24,999",13768,31,0,31,2,1,3,33,1,34,2.47,"HAMMOND POLICE DEPARTMENT                         ","Hammond Police Department"
"8218",1975,"LA0570100","Abbeville",NA,"LA","West South Central","South","VERMILION","City","Cities from 10,000 thru 24,999",12103,20,0,20,3,0,3,23,0,23,1.9,"ABBEVILLE POLICE DEPARTMENT                       ","Abbeville Police Department"
"8219",1975,"LA0300000","La Salle",NA,"LA","West South Central","South","LA SALLE","County","Non-MSA counties from 10,000 thru 24,999",14583,16,6,22,0,1,1,16,7,23,1.58,"LA SALLE PARISH SHERIFF'S OFFICE                  ","La Salle Parish Sheriff's Office"
"8220",1975,"LA0640100","Winnfield",NA,"LA","West South Central","South","WINN","City","Cities from 2,500 thru 9,999",6972,11,0,11,0,4,4,11,4,15,2.15,"WINNFIELD POLICE DEPT                             ","Winnfield Police Police Department"
"8221",1975,"LA0310000","Lincoln",NA,"LA","West South Central","South","LINCOLN","County","Non-MSA counties from 10,000 thru 24,999",12175,12,0,12,3,0,3,15,0,15,1.23,"LINCOLN PARISH SHERIFF'S OFFICE                   ","Lincoln Parish Sheriff's Office"
"8222",1975,"LA0350100","Natchitoches",NA,"LA","West South Central","South","NATCHITOCHES","City","Cities from 10,000 thru 24,999",16558,33,3,36,0,4,4,33,7,40,2.42,"NATCHITOCHES POLICE DEPARTMENT                    ","Natchitoches Police Department"
"8223",1975,"LA0380000","Plaquemines",NA,"LA","West South Central","South","PLAQUEMINES","County","Non-MSA counties from 25,000 thru 99,999",26048,50,0,50,8,0,8,58,0,58,2.23,"PLAQUEMINES PARISH SHERIFF'S OFFICE               ","Plaquemines Parish Sheriff's Office"
"8224",1975,"LA0200300","Ville Platte",NA,"LA","West South Central","South","EVANGELINE","City","Cities from 2,500 thru 9,999",9951,21,0,21,0,0,0,21,0,21,2.11,"VILLE PLATTE POLICE DEPARTMENT                    ","Ville Platte Police Department"
"8225",1975,"LA0420100","Delhi",NA,"LA","West South Central","South","RICHLAND","City","Cities from 2,500 thru 9,999",2894,4,0,4,0,0,0,4,0,4,1.38,"DELHI POLICE DEPARTMENT                           ","Delhi Police Department"
"8226",1975,"LA0090200","Vivian",NA,"LA","West South Central","South","CADDO","City","Cities from 2,500 thru 9,999",4198,10,0,10,1,0,1,11,0,11,2.62,"VIVIAN POLICE DEPARTMENT                          ","Vivian Police Department"
"8227",1975,"LA0160100","Mansfield",NA,"LA","West South Central","South","DE SOTO","City","Cities from 2,500 thru 9,999",6432,10,0,10,0,0,0,10,0,10,1.55,"MANSFIELD POLICE DEPARTMENT                       ","Mansfield Police Department"
"8228",1975,"LA0420200","Rayville",NA,"LA","West South Central","South","RICHLAND","City","Cities from 2,500 thru 9,999",3971,7,0,7,0,0,0,7,0,7,1.76,"RAYVILLE POLICE DEPARTMENT                        ","Rayville Police Department"
"8229",1975,"LA0070000","Bienville",NA,"LA","West South Central","South","BIENVILLE","County","Non-MSA counties from 10,000 thru 24,999",16015,14,0,14,1,0,1,15,0,15,0.94,"BIENVILLE PARISH SHERIFF'S OFFICE                 ","Bienville Parish Sheriff's Office"
"8230",1975,"LA0370100","Monroe",NA,"LA","West South Central","South","OUACHITA","City","Cities from 50,000 thru 99,999",62931,113,15,128,2,19,21,115,34,149,2.37,"MONROE POLICE DEPARTMENT                          ","Monroe Police Department"
"8231",1975,"LA0140200","Homer",NA,"LA","West South Central","South","CLAIBORNE","City","Cities from 2,500 thru 9,999",4264,9,0,9,0,0,0,9,0,9,2.11,"HOMER POLICE DEPARTMENT                           ","Homer Police Department"
"8232",1975,"LA0290100","Golden Meadow",NA,"LA","West South Central","South","LAFOURCHE","City","Cities from 2,500 thru 9,999",2821,4,0,4,0,0,0,4,0,4,1.42,"GOLDEN MEADOW POLICE DEPARTMENT                   ","Golden Meadow Police Department"
"8233",1975,"LA0210000","Franklin",NA,"LA","West South Central","South","FRANKLIN","County","Non-MSA counties from 10,000 thru 24,999",23359,16,0,16,2,0,2,18,0,18,0.77,"FRANKLIN PARISH SHERIFF'S OFFICE                  ","Franklin Parish Sheriff's Office"
"8234",1975,"LA0490000","St. Landry",NA,"LA","West South Central","South","ST LANDRY","County","Non-MSA counties from 25,000 thru 99,999",49448,74,10,84,5,8,13,79,18,97,1.96,"ST. LANDRY PARISH SHERIFF'S OFFICE                ","St. Landry Parish Sheriff's Office"
"8235",1975,"LA0100000","Calcasieu",NA,"LA","West South Central","South","CALCASIEU","County","MSA counties from 25,000 thru 99,999",48913,177,2,179,30,0,30,207,2,209,4.27,"CALCASIEU PARISH SHERIFF'S OFFICE                 ","Calcasieu Parish Sheriff's Office"
"8236",1975,"LA0460000","St. Helena",NA,"LA","West South Central","South","ST HELENA","County","Non-MSA counties under 10,000",9468,8,0,8,4,0,4,12,0,12,1.27,"ST. HELENA PARISH SHERIFF'S OFFICE                ","St. Helena Parish Sheriff's Office"
"8237",1975,"LA0100300","Sulphur",NA,"LA","West South Central","South","CALCASIEU","City","Cities from 10,000 thru 24,999",14109,15,2,17,0,3,3,15,5,20,1.42,"SULPHUR POLICE DEPARTMENT                         ","Sulphur Police Department"
"8238",1975,"LA0160000","De Soto",NA,"LA","West South Central","South","DE SOTO","County","Non-MSA counties from 10,000 thru 24,999",16297,14,0,14,2,0,2,16,0,16,0.98,"DE SOTO PARISH SHERIFF'S OFFICE                   ","De Soto Parish Sheriff's Office"
"8239",1975,"LA0580100","Leesville",NA,"LA","West South Central","South","VERNON","City","Cities from 2,500 thru 9,999",9347,23,0,23,2,0,2,25,0,25,2.67,"LEESVILLE POLICE DEPARTMENT                       ","Leesville Police Department"
"8240",1975,"LA0340400","Collinston",NA,"LA","West South Central","South","MOREHOUSE","City","Cities under 2,500",394,1,0,1,0,0,0,1,0,1,2.54,"COLLINSTON POLICE DEPT                            ","Collinston Police Police Department"
"8241",1975,"LA0500100","Breaux Bridge",NA,"LA","West South Central","South","ST MARTIN","City","Cities from 2,500 thru 9,999",5221,11,0,11,2,1,3,13,1,14,2.68,"BREAUX BRIDGE POLICE DEPARTMENT                   ","Breaux Bridge Police Department"
"8242",1975,"LA0010100","Crowley",NA,"LA","West South Central","South","ACADIA","City","Cities from 10,000 thru 24,999",16104,27,0,27,0,6,6,27,6,33,2.05,"CROWLEY POLICE DEPARTMENT                         ","Crowley Police Department"
"8243",1975,"LA0100100","De Quincy",NA,"LA","West South Central","South","CALCASIEU","City","Cities from 2,500 thru 9,999",3590,9,0,9,1,0,1,10,0,10,2.79,"DEQUINCY POLICE DEPARTMENT                        ","Dequincy Police Department"
"8244",1975,"LA0170200","Baton Rouge",NA,"LA","West South Central","South","EAST BATON ROUGE","City","Cities from 100,000 thru 249,999",174438,480,4,484,17,85,102,497,89,586,3.36,"BATON ROUGE POLICE DEPARTMENT                     ","Baton Rouge Police Department"
"8245",1975,"LA0140100","Haynesville",NA,"LA","West South Central","South","CLAIBORNE","City","Cities from 2,500 thru 9,999",2906,7,0,7,0,0,0,7,0,7,2.41,"HAYNESVILLE POLICE DEPT                           ","Haynesville Police Police Department"
"8246",1975,"LA0260200","Harahan",NA,"LA","West South Central","South","JEFFERSON","City","Cities from 10,000 thru 24,999",15272,18,0,18,0,0,0,18,0,18,1.18,"HARAHAN POLICE DEPARTMENT                         ","Harahan Police Department"
"8247",1975,"LA0620000","West Carroll",NA,"LA","West South Central","South","WEST CARROLL","County","Non-MSA counties from 10,000 thru 24,999",12772,15,0,15,2,0,2,17,0,17,1.33,"WEST CARROLL PARISH SHERIFF'S OFFICE              ","West Carroll Parish Sheriff's Office"
"8248",1975,"LA0030000","Ascension",NA,"LA","West South Central","South","ASCENSION","County","MSA counties from 25,000 thru 99,999",32237,49,0,49,9,1,10,58,1,59,1.83,"ASCENSION PARISH SHERIFF'S OFFICE                 ","Ascension Parish Sheriff's Office"
"8249",1975,"LA0540000","Tensas",NA,"LA","West South Central","South","TENSAS","County","Non-MSA counties under 10,000",9051,11,0,11,2,1,3,13,1,14,1.55,"TENSAS PARISH SHERIFF'S OFFICE                    ","Tensas Parish Sheriff's Office"
"8250",1975,"LA0520000","St. Tammany",NA,"LA","West South Central","South","ST TAMMANY","County","MSA counties from 25,000 thru 99,999",73718,78,0,78,34,0,34,112,0,112,1.52,"ST. TAMMANY PARISH SHERIFF'S OFFICE               ","St. Tammany Parish Sheriff's Office"
"8251",1974,"LA0580100","Leesville",NA,"LA","West South Central","South","VERNON","City","Cities from 2,500 thru 9,999",9000,23,0,23,3,0,3,26,0,26,2.89,"LEESVILLE POLICE DEPARTMENT                       ","Leesville Police Department"
"8252",1974,"LA0320100","Denham Springs",NA,"LA","West South Central","South","LIVINGSTON","City","Cities from 2,500 thru 9,999",7150,12,0,12,1,1,2,13,1,14,1.96,"DENHAM SPRINGS POLICE DEPARTMENT                  ","Denham Springs Police Department"
"8253",1974,"LA0150000","Concordia",NA,"LA","West South Central","South","CONCORDIA","County","Non-MSA counties from 10,000 thru 24,999",11123,18,0,18,2,0,2,20,0,20,1.8,"CONCORDIA PARISH SHERIFF'S OFFICE                 ","Concordia Parish Sheriff's Office"
"8254",1974,"LA0060000","Beauregard",NA,"LA","West South Central","South","BEAUREGARD","County","Non-MSA counties from 10,000 thru 24,999",14317,17,0,17,2,0,2,19,0,19,1.33,"BEAUREGARD PARISH SHERIFF'S OFFICE                ","Beauregard Parish Sheriff's Office"
"8255",1974,"LA0380000","Plaquemines",NA,"LA","West South Central","South","PLAQUEMINES","County","Non-MSA counties from 25,000 thru 99,999",25775,50,0,50,8,0,8,58,0,58,2.25,"PLAQUEMINES PARISH SHERIFF'S OFFICE               ","Plaquemines Parish Sheriff's Office"
"8256",1974,"LA0600100","Minden",NA,"LA","West South Central","South","WEBSTER","City","Cities from 10,000 thru 24,999",15200,19,0,19,1,0,1,20,0,20,1.32,"MINDEN POLICE DEPARTMENT                          ","Minden Police Department"
"8257",1974,"LA0420100","Delhi",NA,"LA","West South Central","South","RICHLAND","City","Cities from 2,500 thru 9,999",3079,4,0,4,0,0,0,4,0,4,1.3,"DELHI POLICE DEPARTMENT                           ","Delhi Police Department"
"8258",1974,"LA0560100","Farmerville",NA,"LA","West South Central","South","UNION","City","Cities from 2,500 thru 9,999",3459,4,0,4,1,0,1,5,0,5,1.45,"FARMERVILLE POLICE DEPARTMENT                     ","Farmerville Police Department"
"8259",1974,"LA0600200","Springhill",NA,"LA","West South Central","South","WEBSTER","City","Cities from 2,500 thru 9,999",6517,10,0,10,0,0,0,10,0,10,1.53,"SPRINGHILL POLICE DEPARTMENT                      ","Springhill Police Department"
"8260",1974,"LA0570000","Vermilion",NA,"LA","West South Central","South","VERMILION","County","Non-MSA counties from 25,000 thru 99,999",26979,43,0,43,4,0,4,47,0,47,1.74,"VERMILION PARISH SHERIFF'S OFFICE                 ","Vermilion Parish Sheriff's Office"
"8261",1974,"LA0030100","Donaldsonville",NA,"LA","West South Central","South","ASCENSION","City","Cities from 2,500 thru 9,999",7787,14,0,14,8,0,8,22,0,22,2.83,"DONALDSONVILLE PD                                 ","Donaldsonville Police Department"
"8262",1974,"LA0250100","Jonesboro",NA,"LA","West South Central","South","JACKSON","City","Cities from 2,500 thru 9,999",5174,10,0,10,0,0,0,10,0,10,1.93,"JONESBORO POLICE DEPARTMENT                       ","Jonesboro Police Department"
"8263",1974,"LA0340100","Bastrop",NA,"LA","West South Central","South","MOREHOUSE","City","Cities from 10,000 thru 24,999",14536,21,0,21,1,0,1,22,0,22,1.51,"BASTROP POLICE DEPARTMENT                         ","Bastrop Police Department"
"8264",1974,"LA0290300","Lockport",NA,"LA","West South Central","South","LAFOURCHE","City","Cities under 2,500",2086,4,0,4,0,0,0,4,0,4,1.92,"LOCKPORT POLICE DEPARTMENT                        ","Lockport Police Department"
"8265",1974,"LA0240200","Plaquemine",NA,"LA","West South Central","South","IBERVILLE","City","Cities from 2,500 thru 9,999",7644,19,0,19,2,0,2,21,0,21,2.75,"PLAQUEMINE POLICE DEPARTMENT                      ","Plaquemine Police Department"
"8266",1974,"LA0190000","East Feliciana",NA,"LA","West South Central","South","EAST FELICIANA","County","Non-MSA counties from 10,000 thru 24,999",17683,9,0,9,0,0,0,9,0,9,0.51,"EAST FELICIANA PARISH SHERIFF'S OFFICE            ","East Feliciana Parish Sheriff's Office"
"8267",1974,"LA0500000","St. Martin",NA,"LA","West South Central","South","ST MARTIN","County","Non-MSA counties from 25,000 thru 99,999",33668,34,0,34,5,0,5,39,0,39,1.16,"ST. MARTIN PARISH SHERIFF'S OFFICE                ","St. Martin Parish Sheriff's Office"
"8268",1974,"LA0210000","Franklin",NA,"LA","West South Central","South","FRANKLIN","County","Non-MSA counties from 10,000 thru 24,999",22978,19,0,19,1,0,1,20,0,20,0.87,"FRANKLIN PARISH SHERIFF'S OFFICE                  ","Franklin Parish Sheriff's Office"
"8269",1974,"LA0020000","Allen",NA,"LA","West South Central","South","ALLEN","County","Non-MSA counties from 10,000 thru 24,999",20780,24,0,24,1,1,2,25,1,26,1.25,"ALLEN PARISH SHERIFF'S OFFICE                     ","Allen Parish Sheriff's Office"
"8270",1974,"LA0010000","Acadia",NA,"LA","West South Central","South","ACADIA","County","Non-MSA counties from 25,000 thru 99,999",26746,32,0,32,4,0,4,36,0,36,1.35,"ACADIA PARISH SHERIFF'S OFFICE                    ","Acadia Parish Sheriff's Office"
"8271",1974,"LA0100000","Calcasieu",NA,"LA","West South Central","South","CALCASIEU","County","MSA counties from 25,000 thru 99,999",48360,177,2,179,30,0,30,207,2,209,4.32,"CALCASIEU PARISH SHERIFF'S OFFICE                 ","Calcasieu Parish Sheriff's Office"
"8272",1974,"LA0390000","Pointe Coupee",NA,"LA","West South Central","South","POINTE COUPEE","County","Non-MSA counties from 10,000 thru 24,999",17874,9,0,9,2,1,3,11,1,12,0.67,"POINTE COUPEE PARISH SHERIFF'S OFFICE             ","Pointe Coupee Parish Sheriff's Office"
"8273",1974,"LA0260000","Jefferson",NA,"LA","West South Central","South","JEFFERSON","County","MSA counties 100,000 or over",364965,528,65,593,69,52,121,597,117,714,1.96,"JEFFERSON PARISH SHERIFF'S OFFICE                 ","Jefferson Parish Sheriff's Office"
"8274",1974,"LA0110000","Caldwell",NA,"LA","West South Central","South","CALDWELL","County","Non-MSA counties from 10,000 thru 24,999",10000,17,4,21,1,1,2,18,5,23,2.3,"CALDWELL PARISH SHERIFF'S OFFICE                  ","Caldwell Parish Sheriff's Office"
"8275",1974,"LA0290100","Golden Meadow",NA,"LA","West South Central","South","LAFOURCHE","City","Cities from 2,500 thru 9,999",2803,3,0,3,0,0,0,3,0,3,1.07,"GOLDEN MEADOW POLICE DEPARTMENT                   ","Golden Meadow Police Department"
"8276",1974,"LA0490000","St. Landry",NA,"LA","West South Central","South","ST LANDRY","County","Non-MSA counties from 25,000 thru 99,999",49076,74,10,84,5,8,13,79,18,97,1.98,"ST. LANDRY PARISH SHERIFF'S OFFICE                ","St. Landry Parish Sheriff's Office"
"8277",1974,"LA0570200","Kaplan",NA,"LA","West South Central","South","VERMILION","City","Cities from 2,500 thru 9,999",5479,14,0,14,0,0,0,14,0,14,2.56,"KAPLAN POLICE DEPARTMENT                          ","Kaplan Police Department"
"8278",1974,"LA0570100","Abbeville",NA,"LA","West South Central","South","VERMILION","City","Cities from 10,000 thru 24,999",12336,21,0,21,2,0,2,23,0,23,1.86,"ABBEVILLE POLICE DEPARTMENT                       ","Abbeville Police Department"
"8279",1974,"LA0640100","Winnfield",NA,"LA","West South Central","South","WINN","City","Cities from 2,500 thru 9,999",7411,11,0,11,0,4,4,11,4,15,2.02,"WINNFIELD POLICE DEPT                             ","Winnfield Police Police Department"
"8280",1974,"LA0530100","Hammond",NA,"LA","West South Central","South","TANGIPAHOA","City","Cities from 10,000 thru 24,999",13500,29,0,29,2,0,2,31,0,31,2.3,"HAMMOND POLICE DEPARTMENT                         ","Hammond Police Department"
"8281",1974,"LA0400000","Rapides",NA,"LA","West South Central","South","RAPIDES","County","MSA counties from 25,000 thru 99,999",70915,88,3,91,12,0,12,100,3,103,1.45,"RAPIDES PARISH SHERIFF'S OFFICE                   ","Rapides Parish Sheriff's Office"
"8282",1974,"LA0290500","Thibodaux",NA,"LA","West South Central","South","LAFOURCHE","City","Cities from 10,000 thru 24,999",15700,23,7,30,0,1,1,23,8,31,1.97,"THIBODAUX POLICE DEPARTMENT                       ","Thibodaux Police Department"
"8283",1974,"LA0440000","St. Bernard",NA,"LA","West South Central","South","ST BERNARD","County","MSA counties from 25,000 thru 99,999",56246,130,2,132,15,5,20,145,7,152,2.7,"ST. BERNARD PARISH SHERIFF'S OFFICE               ","St. Bernard Parish Sheriff's Office"
"8284",1974,"LA0170000","East Baton Rouge",NA,"LA","West South Central","South","EAST BATON ROUGE","County","MSA counties 100,000 or over",134368,340,16,356,60,0,60,400,16,416,3.1,"EAST BATON ROUGE PARISH SHERIFF'S OFFICE          ","East Baton Rouge Parish Sheriff's Office"
"8285",1974,"LA0180000","East Carroll",NA,"LA","West South Central","South","EAST CARROLL","County","Non-MSA counties from 10,000 thru 24,999",12011,11,0,11,3,1,4,14,1,15,1.25,"EAST CARROLL PARISH SHERIFF'S OFFICE              ","East Carroll Parish Sheriff's Office"
"8286",1974,"LA0230000","Iberia",NA,"LA","West South Central","South","IBERIA","County","Non-MSA counties from 25,000 thru 99,999",28800,86,0,86,12,0,12,98,0,98,3.4,"IBERIA PARISH SHERIFF'S OFFICE                    ","Iberia Parish Sheriff's Office"
"8287",1974,"LA0370100","Monroe",NA,"LA","West South Central","South","OUACHITA","City","Cities from 50,000 thru 99,999",62464,109,13,122,1,18,19,110,31,141,2.26,"MONROE POLICE DEPARTMENT                          ","Monroe Police Department"
"8288",1974,"LA0300000","La Salle",NA,"LA","West South Central","South","LA SALLE","County","Non-MSA counties from 10,000 thru 24,999",14286,16,6,22,0,1,1,16,7,23,1.61,"LA SALLE PARISH SHERIFF'S OFFICE                  ","La Salle Parish Sheriff's Office"
"8289",1974,"LA0230300","New Iberia",NA,"LA","West South Central","South","IBERIA","City","Cities from 25,000 thru 49,999",31200,43,5,48,0,4,4,43,9,52,1.67,"NEW IBERIA PD                                     ","New Iberia Police Department"
"8290",1974,"LA0310000","Lincoln",NA,"LA","West South Central","South","LINCOLN","County","Non-MSA counties from 10,000 thru 24,999",13472,11,0,11,3,0,3,14,0,14,1.04,"LINCOLN PARISH SHERIFF'S OFFICE                   ","Lincoln Parish Sheriff's Office"
"8291",1974,"LA0350100","Natchitoches",NA,"LA","West South Central","South","NATCHITOCHES","City","Cities from 10,000 thru 24,999",16451,37,3,40,1,2,3,38,5,43,2.61,"NATCHITOCHES POLICE DEPARTMENT                    ","Natchitoches Police Department"
"8292",1974,"LA0550100","Houma",NA,"LA","West South Central","South","TERREBONNE","City","Cities from 25,000 thru 49,999",35498,43,6,49,0,0,0,43,6,49,1.38,"HOUMA POLICE DEPARTMENT                           ","Houma Police Department"
"8293",1974,"LA0070000","Bienville",NA,"LA","West South Central","South","BIENVILLE","County","Non-MSA counties from 10,000 thru 24,999",15208,14,0,14,1,0,1,15,0,15,0.99,"BIENVILLE PARISH SHERIFF'S OFFICE                 ","Bienville Parish Sheriff's Office"
"8294",1974,"LA0550000","Terrebonne",NA,"LA","West South Central","South","TERREBONNE","County","Non-MSA counties from 25,000 thru 99,999",44525,63,16,79,1,10,11,64,26,90,2.02,"TERREBONNE PARISH SHERIFF'S OFFICE                ","Terrebonne Parish Sheriff's Office"
"8295",1974,"LA0010200","Rayne",NA,"LA","West South Central","South","ACADIA","City","Cities from 2,500 thru 9,999",9521,16,0,16,0,0,0,16,0,16,1.68,"RAYNE POLICE DEPARTMENT                           ","Rayne Police Department"
"8296",1974,"LA0120000","Cameron",NA,"LA","West South Central","South","CAMERON","County","Non-MSA counties under 10,000",9191,33,1,34,3,0,3,36,1,37,4.03,"CAMERON PARISH SHERIFF'S OFFICE                   ","Cameron Parish Sheriff's Office"
"8297",1974,"LA0340000","Morehouse",NA,"LA","West South Central","South","MOREHOUSE","County","Non-MSA counties from 10,000 thru 24,999",19464,25,1,26,5,2,7,30,3,33,1.7,"MOREHOUSE PARISH SHERIFF'S OFFICE                 ","Morehouse Parish Sheriff's Office"
"8298",1974,"LA0290000","Lafourche",NA,"LA","West South Central","South","LAFOURCHE","County","Non-MSA counties from 25,000 thru 99,999",51642,109,0,109,9,0,9,118,0,118,2.28,"LAFOURCHE PARISH SHERIFF'S OFFICE                 ","Lafourche Parish Sheriff's Office"
"8299",1974,"LA0280000","Lafayette",NA,"LA","West South Central","South","LAFAYETTE","County","MSA counties from 25,000 thru 99,999",42085,110,0,110,13,0,13,123,0,123,2.92,"LAFAYETTE PARISH SHERIFF'S OFFICE                 ","Lafayette Parish Sheriff's Office"
"8300",1974,"LA0390100","New Roads",NA,"LA","West South Central","South","POINTE COUPEE","City","Cities from 2,500 thru 9,999",3905,7,0,7,0,0,0,7,0,7,1.79,"NEW ROADS POLICE DEPARTMENT                       ","New Roads Police Department"
"8301",1974,"LA0320000","Livingston",NA,"LA","West South Central","South","LIVINGSTON","County","MSA counties from 25,000 thru 99,999",31513,20,0,20,5,0,5,25,0,25,0.79,"LIVINGSTON PARISH SHERIFF'S OFFICE                ","Livingston Parish Sheriff's Office"
"8302",1974,"LA0490200","Opelousas",NA,"LA","West South Central","South","ST LANDRY","City","Cities from 10,000 thru 24,999",21610,41,0,41,0,0,0,41,0,41,1.9,"OPELOUSAS POLICE DEPARTMENT                       ","Opelousas Police Department"
"8303",1974,"LA0400100","Alexandria",NA,"LA","West South Central","South","RAPIDES","City","Cities from 25,000 thru 49,999",42056,100,5,105,1,10,11,101,15,116,2.76,"ALEXANDRIA POLICE DEPARTMENT                      ","Alexandria Police Department"
"8304",1974,"LA0310200","Ruston",NA,"LA","West South Central","South","LINCOLN","City","Cities from 10,000 thru 24,999",18500,19,0,19,3,0,3,22,0,22,1.19,"RUSTON POLICE DEPARTMENT                          ","Ruston Police Department"
"8305",1974,"LA0560000","Union",NA,"LA","West South Central","South","UNION","County","Non-MSA counties from 10,000 thru 24,999",15223,13,0,13,1,0,1,14,0,14,0.92,"UNION PARISH SHERIFF'S OFFICE                     ","Union Parish Sheriff's Office"
"8306",1974,"LA0200200","Mamou",NA,"LA","West South Central","South","EVANGELINE","City","Cities from 2,500 thru 9,999",3350,11,0,11,0,0,0,11,0,11,3.28,"MAMOU POLICE DEPARTMENT                           ","Mamou Police Department"
"8307",1974,"LA0640000","Winn",NA,"LA","West South Central","South","WINN","County","Non-MSA counties under 10,000",9573,13,0,13,2,0,2,15,0,15,1.57,"WINN PARISH SHERIFF'S OFFICE                      ","Winn Parish Sheriff's Office"
"8308",1974,"LA0610100","Port Allen",NA,"LA","West South Central","South","WEST BATON ROUGE","City","Cities from 2,500 thru 9,999",5837,9,0,9,0,0,0,9,0,9,1.54,"PORT ALLEN POLICE DEPARTMENT                      ","Port Allen Police Department"
"8309",1974,"LA0590000","Washington",NA,"LA","West South Central","South","WASHINGTON","County","Non-MSA counties from 10,000 thru 24,999",24801,38,0,38,13,0,13,51,0,51,2.06,"WASHINGTON PARISH SHERIFF'S OFFICE                ","Washington Parish Sheriff's Office"
"8310",1974,"LA0590100","Bogalusa",NA,"LA","West South Central","South","WASHINGTON","City","Cities from 10,000 thru 24,999",18857,37,4,41,0,8,8,37,12,49,2.6,"BOGALUSA POLICE DEPARTMENT                        ","Bogalusa Police Department"
"8311",1974,"LA0270200","Jennings",NA,"LA","West South Central","South","JEFFERSON DAVIS","City","Cities from 10,000 thru 24,999",11736,20,0,20,3,0,3,23,0,23,1.96,"JENNINGS POLICE DEPARTMENT                        ","Jennings Police Department"
"8312",1974,"LA0400200","Pineville",NA,"LA","West South Central","South","RAPIDES","City","Cities from 2,500 thru 9,999",8812,19,0,19,0,0,0,19,0,19,2.16,"PINEVILLE POLICE DEPARTMENT                       ","Pineville Police Department"
"8313",1974,"LA0010100","Crowley",NA,"LA","West South Central","South","ACADIA","City","Cities from 10,000 thru 24,999",16233,27,0,27,0,6,6,27,6,33,2.03,"CROWLEY POLICE DEPARTMENT                         ","Crowley Police Department"
"8314",1974,"LA0460000","St. Helena",NA,"LA","West South Central","South","ST HELENA","County","Non-MSA counties under 10,000",8792,9,0,9,4,0,4,13,0,13,1.48,"ST. HELENA PARISH SHERIFF'S OFFICE                ","St. Helena Parish Sheriff's Office"
"8315",1974,"LA0470000","St. James",NA,"LA","West South Central","South","ST JAMES","County","Non-MSA counties from 10,000 thru 24,999",18782,34,0,34,5,1,6,39,1,40,2.13,"ST. JAMES PARISH SHERIFF'S OFFICE                 ","St. James Parish Sheriff's Office"
"8316",1974,"LA0370000","Ouachita",NA,"LA","West South Central","South","OUACHITA","County","MSA counties from 25,000 thru 99,999",44970,88,0,88,16,0,16,104,0,104,2.31,"OUACHITA PARISH SHERIFF'S OFFICE                  ","Ouachita Parish Sheriff's Office"
"8317",1974,"LA0510000","St. Mary",NA,"LA","West South Central","South","ST MARY","County","Non-MSA counties from 25,000 thru 99,999",30886,52,5,57,3,8,11,55,13,68,2.2,"ST. MARY PARISH SHERIFF'S OFFICE                  ","St. Mary Parish Sheriff's Office"
"8318",1974,"LA0050000","Avoyelles",NA,"LA","West South Central","South","AVOYELLES","County","Non-MSA counties from 25,000 thru 99,999",32586,22,0,22,5,0,5,27,0,27,0.83,"AVOYELLES PARISH SHERIFF'S OFFICE                 ","Avoyelles Parish Sheriff's Office"
"8319",1974,"LA0260200","Harahan",NA,"LA","West South Central","South","JEFFERSON","City","Cities from 10,000 thru 24,999",14971,15,0,15,0,0,0,15,0,15,1,"HARAHAN POLICE DEPARTMENT                         ","Harahan Police Department"
"8320",1974,"LA0140100","Haynesville",NA,"LA","West South Central","South","CLAIBORNE","City","Cities from 2,500 thru 9,999",2845,7,0,7,0,0,0,7,0,7,2.46,"HAYNESVILLE POLICE DEPT                           ","Haynesville Police Police Department"
"8321",1974,"LA0170200","Baton Rouge",NA,"LA","West South Central","South","EAST BATON ROUGE","City","Cities from 100,000 thru 249,999",171938,506,15,521,12,58,70,518,73,591,3.44,"BATON ROUGE POLICE DEPARTMENT                     ","Baton Rouge Police Department"
"8322",1974,"LA0100100","De Quincy",NA,"LA","West South Central","South","CALCASIEU","City","Cities from 2,500 thru 9,999",3390,9,0,9,1,0,1,10,0,10,2.95,"DEQUINCY POLICE DEPARTMENT                        ","Dequincy Police Department"
"8323",1974,"LA0050200","Marksville",NA,"LA","West South Central","South","AVOYELLES","City","Cities from 2,500 thru 9,999",4878,12,0,12,1,0,1,13,0,13,2.67,"MARKSVILLE POLICE DEPARTMENT                      ","Marksville Police Department"
"8324",1974,"LA0220000","Grant",NA,"LA","West South Central","South","GRANT","County","MSA counties from 10,000 thru 24,999",14186,14,3,17,1,1,2,15,4,19,1.34,"GRANT PARISH SHERIFF'S OFFICE                     ","Grant Parish Sheriff's Office"
"8325",1974,"LA0080100","Bossier City",NA,"LA","West South Central","South","BOSSIER","City","Cities from 25,000 thru 49,999",46100,83,7,90,0,12,12,83,19,102,2.21,"BOSSIER CITY POLICE DEPT                          ","Bossier City Police Police Department"
"8326",1974,"LANPD0000","New Orleans",NA,"LA","West South Central","South","ORLEANS","City","Cities from 500,000 thru 999,999",587337,1366,122,1488,17,332,349,1383,454,1837,3.13,"NEW ORLEANS POLICE DEPARTMENT                     ","New Orleans Police Department"
"8327",1974,"LA0100200","Lake Charles",NA,"LA","West South Central","South","CALCASIEU","City","Cities from 50,000 thru 99,999",83700,99,1,100,2,1,3,101,2,103,1.23,"LAKE CHARLES POLICE DEPARTMENT                    ","Lake Charles Police Department"
"8328",1974,"LA0270000","Jefferson Davis",NA,"LA","West South Central","South","JEFFERSON DAVIS","County","Non-MSA counties from 10,000 thru 24,999",14632,15,0,15,3,0,3,18,0,18,1.23,"JEFFERSON DAVIS PARISH SHERIFF'S OFFICE           ","Jefferson Davis Parish Sheriff's Office"
"8329",1974,"LA0330000","Madison",NA,"LA","West South Central","South","MADISON","County","Non-MSA counties from 10,000 thru 24,999",14786,12,0,12,3,0,3,15,0,15,1.01,"MADISON PARISH SHERIFF'S OFFICE                   ","Madison Parish Sheriff's Office"
"8330",1974,"LA0510200","Franklin",NA,"LA","West South Central","South","ST MARY","City","Cities from 2,500 thru 9,999",9623,19,0,19,2,0,2,21,0,21,2.18,"FRANKLIN POLICE DEPARTMENT                        ","Franklin Police Department"
"8331",1974,"LA0510100","Berwick",NA,"LA","West South Central","South","ST MARY","City","Cities from 2,500 thru 9,999",4032,10,0,10,0,0,0,10,0,10,2.48,"BERWICK POLICE DEPARTMENT                         ","Berwick Police Department"
"8332",1974,"LA0580000","Vernon",NA,"LA","West South Central","South","VERNON","County","Non-MSA counties from 25,000 thru 99,999",35158,23,0,23,3,0,3,26,0,26,0.74,"VERNON PARISH SHERIFF'S OFFICE                    ","Vernon Parish Sheriff's Office"
"8333",1974,"LA0620000","West Carroll",NA,"LA","West South Central","South","WEST CARROLL","County","Non-MSA counties from 10,000 thru 24,999",12888,14,0,14,2,0,2,16,0,16,1.24,"WEST CARROLL PARISH SHERIFF'S OFFICE              ","West Carroll Parish Sheriff's Office"
"8334",1974,"LA0350000","Natchitoches",NA,"LA","West South Central","South","NATCHITOCHES","County","Non-MSA counties from 10,000 thru 24,999",19614,24,0,24,1,0,1,25,0,25,1.27,"NATCHITOCHES PARISH SHERIFF'S OFFICE              ","Natchitoches Parish Sheriff's Office"
"8335",1974,"LA0030000","Ascension",NA,"LA","West South Central","South","ASCENSION","County","MSA counties from 25,000 thru 99,999",31575,49,0,49,9,1,10,58,1,59,1.87,"ASCENSION PARISH SHERIFF'S OFFICE                 ","Ascension Parish Sheriff's Office"
"8336",1974,"LA0520000","St. Tammany",NA,"LA","West South Central","South","ST TAMMANY","County","MSA counties from 25,000 thru 99,999",68434,71,0,71,20,0,20,91,0,91,1.33,"ST. TAMMANY PARISH SHERIFF'S OFFICE               ","St. Tammany Parish Sheriff's Office"
"8337",1974,"LA0540000","Tensas",NA,"LA","West South Central","South","TENSAS","County","Non-MSA counties under 10,000",9191,12,0,12,2,0,2,14,0,14,1.52,"TENSAS PARISH SHERIFF'S OFFICE                    ","Tensas Parish Sheriff's Office"
"8338",1974,"LA0610000","West Baton Rouge",NA,"LA","West South Central","South","WEST BATON ROUGE","County","MSA counties from 10,000 thru 24,999",11347,22,0,22,1,0,1,23,0,23,2.03,"WEST BATON ROUGE PARISH SHERIFF'S OFFICE          ","West Baton Rouge Parish Sheriff's Office"
"8339",1974,"LA0090000","Caddo",NA,"LA","West South Central","South","CADDO","County","MSA counties from 25,000 thru 99,999",42075,98,40,138,0,16,16,98,56,154,3.66,"CADDO PARISH SHERIFF'S OFFICE                     ","Caddo Parish Sheriff's Office"
"8340",1974,"LA0250000","Jackson",NA,"LA","West South Central","South","JACKSON","County","Non-MSA counties from 10,000 thru 24,999",11110,18,0,18,1,0,1,19,0,19,1.71,"JACKSON PARISH SHERIFF'S OFFICE                   ","Jackson Parish Sheriff's Office"
"8341",1974,"LA0060100","De Ridder",NA,"LA","West South Central","South","BEAUREGARD","City","Cities from 10,000 thru 24,999",10060,14,2,16,0,1,1,14,3,17,1.69,"DERIDDER POLICE DEPARTMENT                        ","Deridder Police Department"
"8342",1974,"LA0090100","Shreveport",NA,"LA","West South Central","South","BOSSIER, CADDO","City","Cities from 100,000 thru 249,999",192592,387,25,412,0,56,56,387,81,468,2.43,"SHREVEPORT POLICE DEPARTMENT                      ","Shreveport Police Department"
"8343",1974,"LA0410000","Red River",NA,"LA","West South Central","South","RED RIVER","County","Non-MSA counties under 10,000",8991,8,0,8,1,0,1,9,0,9,1,"RED RIVER PARISH SHERIFF'S OFFICE                 ","Red River Parish Sheriff's Office"
"8344",1974,"LA0430000","Sabine",NA,"LA","West South Central","South","SABINE","County","Non-MSA counties from 10,000 thru 24,999",18282,24,0,24,0,0,0,24,0,24,1.31,"SABINE PARISH SHERIFF'S OFFICE                    ","Sabine Parish Sheriff's Office"
"8345",1974,"LA0490100","Eunice",NA,"LA","West South Central","South","ST LANDRY","City","Cities from 10,000 thru 24,999",11635,27,1,28,0,1,1,27,2,29,2.49,"EUNICE POLICE DEPARTMENT                          ","Eunice Police Department"
"8346",1974,"LA0140000","Claiborne",NA,"LA","West South Central","South","CLAIBORNE","County","Non-MSA counties from 10,000 thru 24,999",13140,11,0,11,3,0,3,14,0,14,1.07,"CLAIBORNE PARISH SHERIFF'S OFFICE                 ","Claiborne Parish Sheriff's Office"
"8347",1974,"LA0080000","Bossier",NA,"LA","West South Central","South","BOSSIER","County","MSA counties from 10,000 thru 24,999",20070,37,0,37,4,2,6,41,2,43,2.14,"BOSSIER PARISH SHERIFF'S OFFICE                   ","Bossier Parish Sheriff's Office"
"8348",1974,"LA0040000","Assumption",NA,"LA","West South Central","South","ASSUMPTION","County","Non-MSA counties from 10,000 thru 24,999",19981,14,0,14,0,0,0,14,0,14,0.7,"ASSUMPTION PARISH SHERIFF'S OFFICE                ","Assumption Parish Sheriff's Office"
"8349",1974,"LA0150200","Vidalia",NA,"LA","West South Central","South","CONCORDIA","City","Cities from 2,500 thru 9,999",5219,7,0,7,3,0,3,10,0,10,1.92,"VIDALIA POLICE DEPARTMENT                         ","Vidalia Police Department"
"8350",1974,"LA0200000","Evangeline",NA,"LA","West South Central","South","EVANGELINE","County","Non-MSA counties from 10,000 thru 24,999",19404,14,2,16,1,2,3,15,4,19,0.98,"EVANGELINE PARISH SHERIFF'S OFFICE                ","Evangeline Parish Sheriff's Office"
"8351",1974,"LA0160000","De Soto",NA,"LA","West South Central","South","DE SOTO","County","Non-MSA counties from 10,000 thru 24,999",15913,14,0,14,2,0,2,16,0,16,1.01,"DE SOTO PARISH SHERIFF'S OFFICE                   ","De Soto Parish Sheriff's Office"
"8352",1974,"LA0100300","Sulphur",NA,"LA","West South Central","South","CALCASIEU","City","Cities from 10,000 thru 24,999",14007,15,2,17,0,3,3,15,5,20,1.43,"SULPHUR POLICE DEPARTMENT                         ","Sulphur Police Department"
"8353",1974,"LA0510300","Morgan City",NA,"LA","West South Central","South","ST MARY","City","Cities from 10,000 thru 24,999",17200,35,2,37,2,3,5,37,5,42,2.44,"MORGAN CITY POLICE DEPARTMENT                     ","Morgan City Police Department"
"8354",1974,"LA0480000","St. John the Baptist",NA,"LA","West South Central","South","ST JOHN THE BAPTIST","County","Non-MSA counties from 10,000 thru 24,999",24876,30,1,31,5,0,5,35,1,36,1.45,"ST. JOHN THE BAPTIST PARISH SHERIFF'S OFFICE      ","St. John The Baptist Parish Sheriff's Office"
"8355",1974,"LA0280300","Lafayette",NA,"LA","West South Central","South","LAFAYETTE","City","Cities from 50,000 thru 99,999",77800,100,7,107,2,12,14,102,19,121,1.56,"LAFAYETTE POLICE DEPARTMENT                       ","Lafayette Police Department"
"8356",1974,"LA0270400","Welsh",NA,"LA","West South Central","South","JEFFERSON DAVIS","City","Cities from 2,500 thru 9,999",3204,7,0,7,1,0,1,8,0,8,2.5,"WELSH POLICE DEPARTMENT                           ","Welsh Police Department"
"8357",1974,"LA0530000","Tangipahoa",NA,"LA","West South Central","South","TANGIPAHOA","County","Non-MSA counties from 25,000 thru 99,999",54934,50,0,50,17,0,17,67,0,67,1.22,"TANGIPAHOA PARISH SHERIFF'S OFFICE                ","Tangipahoa Parish Sheriff's Office"
"8358",1974,"LA0370200","West Monroe",NA,"LA","West South Central","South","OUACHITA","City","Cities from 10,000 thru 24,999",14749,29,0,29,2,0,2,31,0,31,2.1,"WEST MONROE POLICE DEPARTMENT                     ","West Monroe Police Department"
"8359",1974,"LA0600000","Webster",NA,"LA","West South Central","South","WEBSTER","County","MSA counties from 10,000 thru 24,999",18644,27,0,27,3,0,3,30,0,30,1.61,"WEBSTER PARISH SHERIFF'S OFFICE                   ","Webster Parish Sheriff's Office"
"8360",1974,"LA0160100","Mansfield",NA,"LA","West South Central","South","DE SOTO","City","Cities from 2,500 thru 9,999",6266,11,0,11,0,0,0,11,0,11,1.76,"MANSFIELD POLICE DEPARTMENT                       ","Mansfield Police Department"
"8361",1974,"LA0090200","Vivian",NA,"LA","West South Central","South","CADDO","City","Cities from 2,500 thru 9,999",3871,8,2,10,1,0,1,9,2,11,2.84,"VIVIAN POLICE DEPARTMENT                          ","Vivian Police Department"
"8362",1974,"LA0200300","Ville Platte",NA,"LA","West South Central","South","EVANGELINE","City","Cities from 2,500 thru 9,999",9915,20,0,20,0,0,0,20,0,20,2.02,"VILLE PLATTE POLICE DEPARTMENT                    ","Ville Platte Police Department"
"8363",1973,"LA0270400","Welsh",NA,"LA","West South Central","South","JEFFERSON DAVIS","City","Cities from 2,500 thru 9,999",3313,8,0,8,0,0,0,8,0,8,2.41,"WELSH POLICE DEPARTMENT                           ","Welsh Police Department"
"8364",1973,"LA0050000","Avoyelles",NA,"LA","West South Central","South","AVOYELLES","County","Non-MSA counties from 25,000 thru 99,999",33738,21,0,21,6,0,6,27,0,27,0.8,"AVOYELLES PARISH SHERIFF'S OFFICE                 ","Avoyelles Parish Sheriff's Office"
"8365",1973,"LA0570100","Abbeville",NA,"LA","West South Central","South","VERMILION","City","Cities from 10,000 thru 24,999",11896,17,0,17,1,0,1,18,0,18,1.51,"ABBEVILLE POLICE DEPARTMENT                       ","Abbeville Police Department"
"8366",1973,"LA0530100","Hammond",NA,"LA","West South Central","South","TANGIPAHOA","City","Cities from 10,000 thru 24,999",13500,20,0,20,3,0,3,23,0,23,1.7,"HAMMOND POLICE DEPARTMENT                         ","Hammond Police Department"
"8367",1973,"LA0300000","La Salle",NA,"LA","West South Central","South","LA SALLE","County","Non-MSA counties from 10,000 thru 24,999",14365,18,4,22,0,1,1,18,5,23,1.6,"LA SALLE PARISH SHERIFF'S OFFICE                  ","La Salle Parish Sheriff's Office"
"8368",1973,"LA0640100","Winnfield",NA,"LA","West South Central","South","WINN","City","Cities from 2,500 thru 9,999",7343,9,4,13,0,0,0,9,4,13,1.77,"WINNFIELD POLICE DEPT                             ","Winnfield Police Police Department"
"8369",1973,"LA0310000","Lincoln",NA,"LA","West South Central","South","LINCOLN","County","Non-MSA counties from 10,000 thru 24,999",17300,11,0,11,3,0,3,14,0,14,0.81,"LINCOLN PARISH SHERIFF'S OFFICE                   ","Lincoln Parish Sheriff's Office"
"8370",1973,"LA0430000","Sabine",NA,"LA","West South Central","South","SABINE","County","Non-MSA counties from 10,000 thru 24,999",19291,14,2,16,0,0,0,14,2,16,0.83,"SABINE PARISH SHERIFF'S OFFICE                    ","Sabine Parish Sheriff's Office"
"8371",1973,"LA0490100","Eunice",NA,"LA","West South Central","South","ST LANDRY","City","Cities from 10,000 thru 24,999",11590,28,0,28,0,0,0,28,0,28,2.42,"EUNICE POLICE DEPARTMENT                          ","Eunice Police Department"
"8372",1973,"LA0410000","Red River",NA,"LA","West South Central","South","RED RIVER","County","Non-MSA counties under 10,000",9133,6,1,7,0,1,1,6,2,8,0.88,"RED RIVER PARISH SHERIFF'S OFFICE                 ","Red River Parish Sheriff's Office"
"8373",1973,"LA0590100","Bogalusa",NA,"LA","West South Central","South","WASHINGTON","City","Cities from 10,000 thru 24,999",18500,34,4,38,0,8,8,34,12,46,2.49,"BOGALUSA POLICE DEPARTMENT                        ","Bogalusa Police Department"
"8374",1973,"LA0240200","Plaquemine",NA,"LA","West South Central","South","IBERVILLE","City","Cities from 2,500 thru 9,999",8110,17,0,17,1,0,1,18,0,18,2.22,"PLAQUEMINE POLICE DEPARTMENT                      ","Plaquemine Police Department"
"8375",1973,"LA0250100","Jonesboro",NA,"LA","West South Central","South","JACKSON","City","Cities from 2,500 thru 9,999",5412,8,0,8,0,0,0,8,0,8,1.48,"JONESBORO POLICE DEPARTMENT                       ","Jonesboro Police Department"
"8376",1973,"LA0190000","East Feliciana",NA,"LA","West South Central","South","EAST FELICIANA","County","Non-MSA counties from 10,000 thru 24,999",18778,7,0,7,2,1,3,9,1,10,0.53,"EAST FELICIANA PARISH SHERIFF'S OFFICE            ","East Feliciana Parish Sheriff's Office"
"8377",1973,"LA0230300","New Iberia",NA,"LA","West South Central","South","IBERIA","City","Cities from 25,000 thru 49,999",31400,43,5,48,0,4,4,43,9,52,1.66,"NEW IBERIA PD                                     ","New Iberia Police Department"
"8378",1973,"LA0630000","West Feliciana",NA,"LA","West South Central","South","WEST FELICIANA","County","Non-MSA counties from 10,000 thru 24,999",11185,9,0,9,2,1,3,11,1,12,1.07,"WEST FELICIANA PARISH SHERIFF'S OFFICE            ","West Feliciana Parish Sheriff's Office"
"8379",1973,"LA0200000","Evangeline",NA,"LA","West South Central","South","EVANGELINE","County","Non-MSA counties from 10,000 thru 24,999",20478,29,10,39,0,0,0,29,10,39,1.9,"EVANGELINE PARISH SHERIFF'S OFFICE                ","Evangeline Parish Sheriff's Office"
"8380",1973,"LA0040000","Assumption",NA,"LA","West South Central","South","ASSUMPTION","County","Non-MSA counties from 10,000 thru 24,999",20420,19,1,20,0,2,2,19,3,22,1.08,"ASSUMPTION PARISH SHERIFF'S OFFICE                ","Assumption Parish Sheriff's Office"
"8381",1973,"LA0530000","Tangipahoa",NA,"LA","West South Central","South","TANGIPAHOA","County","Non-MSA counties from 25,000 thru 99,999",56687,43,0,43,14,0,14,57,0,57,1.01,"TANGIPAHOA PARISH SHERIFF'S OFFICE                ","Tangipahoa Parish Sheriff's Office"
"8382",1973,"LA0150200","Vidalia",NA,"LA","West South Central","South","CONCORDIA","City","Cities from 2,500 thru 9,999",5537,8,0,8,3,0,3,11,0,11,1.99,"VIDALIA POLICE DEPARTMENT                         ","Vidalia Police Department"
"8383",1973,"LA0510000","St. Mary",NA,"LA","West South Central","South","ST MARY","County","Non-MSA counties from 25,000 thru 99,999",32427,44,1,45,9,1,10,53,2,55,1.7,"ST. MARY PARISH SHERIFF'S OFFICE                  ","St. Mary Parish Sheriff's Office"
"8384",1973,"LA0350000","Natchitoches",NA,"LA","West South Central","South","NATCHITOCHES","County","Non-MSA counties from 10,000 thru 24,999",19811,21,1,22,2,0,2,23,1,24,1.21,"NATCHITOCHES PARISH SHERIFF'S OFFICE              ","Natchitoches Parish Sheriff's Office"
"8385",1973,"LA0150100","Ferriday",NA,"LA","West South Central","South","CONCORDIA","City","Cities from 2,500 thru 9,999",5238,7,0,7,0,0,0,7,0,7,1.34,"FERRIDAY POLICE DEPARTMENT                        ","Ferriday Police Department"
"8386",1973,"LA0580100","Leesville",NA,"LA","West South Central","South","VERNON","City","Cities from 2,500 thru 9,999",9298,25,0,25,3,0,3,28,0,28,3.01,"LEESVILLE POLICE DEPARTMENT                       ","Leesville Police Department"
"8387",1973,"LA0400100","Alexandria",NA,"LA","West South Central","South","RAPIDES","City","Cities from 25,000 thru 49,999",43000,91,5,96,1,5,6,92,10,102,2.37,"ALEXANDRIA POLICE DEPARTMENT                      ","Alexandria Police Department"
"8388",1973,"LA0310200","Ruston",NA,"LA","West South Central","South","LINCOLN","City","Cities from 10,000 thru 24,999",18615,19,0,19,3,0,3,22,0,22,1.18,"RUSTON POLICE DEPARTMENT                          ","Ruston Police Department"
"8389",1973,"LA0440000","St. Bernard",NA,"LA","West South Central","South","ST BERNARD","County","MSA counties from 25,000 thru 99,999",53462,130,2,132,15,5,20,145,7,152,2.84,"ST. BERNARD PARISH SHERIFF'S OFFICE               ","St. Bernard Parish Sheriff's Office"
"8390",1973,"LA0180000","East Carroll",NA,"LA","West South Central","South","EAST CARROLL","County","Non-MSA counties from 10,000 thru 24,999",13032,9,0,9,3,1,4,12,1,13,1,"EAST CARROLL PARISH SHERIFF'S OFFICE              ","East Carroll Parish Sheriff's Office"
"8391",1973,"LA0170000","East Baton Rouge",NA,"LA","West South Central","South","EAST BATON ROUGE","County","MSA counties 100,000 or over",124018,340,16,356,60,0,60,400,16,416,3.35,"EAST BATON ROUGE PARISH SHERIFF'S OFFICE          ","East Baton Rouge Parish Sheriff's Office"
"8392",1973,"LA0230000","Iberia",NA,"LA","West South Central","South","IBERIA","County","Non-MSA counties from 25,000 thru 99,999",28834,79,0,79,11,0,11,90,0,90,3.12,"IBERIA PARISH SHERIFF'S OFFICE                    ","Iberia Parish Sheriff's Office"
"8393",1973,"LA0110000","Caldwell",NA,"LA","West South Central","South","CALDWELL","County","Non-MSA counties under 10,000",9440,13,2,15,0,1,1,13,3,16,1.69,"CALDWELL PARISH SHERIFF'S OFFICE                  ","Caldwell Parish Sheriff's Office"
"8394",1973,"LA0260000","Jefferson",NA,"LA","West South Central","South","JEFFERSON","County","MSA counties 100,000 or over",362019,586,2,588,111,1,112,697,3,700,1.93,"JEFFERSON PARISH SHERIFF'S OFFICE                 ","Jefferson Parish Sheriff's Office"
"8395",1973,"LA0390000","Pointe Coupee",NA,"LA","West South Central","South","POINTE COUPEE","County","Non-MSA counties from 10,000 thru 24,999",19285,9,0,9,3,0,3,12,0,12,0.62,"POINTE COUPEE PARISH SHERIFF'S OFFICE             ","Pointe Coupee Parish Sheriff's Office"
"8396",1973,"LA0240000","Iberville",NA,"LA","West South Central","South","IBERVILLE","County","Non-MSA counties from 10,000 thru 24,999",24111,41,0,41,5,0,5,46,0,46,1.91,"IBERVILLE PARISH SHERIFF'S OFFICE                 ","Iberville Parish Sheriff's Office"
"8397",1973,"LA0550100","Houma",NA,"LA","West South Central","South","TERREBONNE","City","Cities from 25,000 thru 49,999",34354,43,6,49,0,0,0,43,6,49,1.43,"HOUMA POLICE DEPARTMENT                           ","Houma Police Department"
"8398",1973,"LA0290500","Thibodaux",NA,"LA","West South Central","South","LAFOURCHE","City","Cities from 10,000 thru 24,999",15539,28,3,31,0,1,1,28,4,32,2.06,"THIBODAUX POLICE DEPARTMENT                       ","Thibodaux Police Department"
"8399",1973,"LA0560000","Union",NA,"LA","West South Central","South","UNION","County","Non-MSA counties from 10,000 thru 24,999",15803,10,2,12,1,0,1,11,2,13,0.82,"UNION PARISH SHERIFF'S OFFICE                     ","Union Parish Sheriff's Office"
"8400",1973,"LA0570200","Kaplan",NA,"LA","West South Central","South","VERMILION","City","Cities from 2,500 thru 9,999",5688,12,0,12,0,0,0,12,0,12,2.11,"KAPLAN POLICE DEPARTMENT                          ","Kaplan Police Department"
"8401",1973,"LA0010200","Rayne",NA,"LA","West South Central","South","ACADIA","City","Cities from 2,500 thru 9,999",9751,17,2,19,0,0,0,17,2,19,1.95,"RAYNE POLICE DEPARTMENT                           ","Rayne Police Department"
"8402",1973,"LA0500000","St. Martin",NA,"LA","West South Central","South","ST MARTIN","County","Non-MSA counties from 25,000 thru 99,999",34068,30,0,30,5,0,5,35,0,35,1.03,"ST. MARTIN PARISH SHERIFF'S OFFICE                ","St. Martin Parish Sheriff's Office"
"8403",1973,"LA0010000","Acadia",NA,"LA","West South Central","South","ACADIA","County","Non-MSA counties from 25,000 thru 99,999",27817,32,0,32,4,0,4,36,0,36,1.29,"ACADIA PARISH SHERIFF'S OFFICE                    ","Acadia Parish Sheriff's Office"
"8404",1973,"LA0020000","Allen",NA,"LA","West South Central","South","ALLEN","County","Non-MSA counties from 10,000 thru 24,999",21446,17,0,17,1,0,1,18,0,18,0.84,"ALLEN PARISH SHERIFF'S OFFICE                     ","Allen Parish Sheriff's Office"
"8405",1973,"LA0090100","Shreveport",NA,"LA","West South Central","South","BOSSIER, CADDO","City","Cities from 100,000 thru 249,999",188072,380,34,414,0,50,50,380,84,464,2.47,"SHREVEPORT POLICE DEPARTMENT                      ","Shreveport Police Department"
"8406",1973,"LA0140000","Claiborne",NA,"LA","West South Central","South","CLAIBORNE","County","Non-MSA counties from 10,000 thru 24,999",14086,11,0,11,1,0,1,12,0,12,0.85,"CLAIBORNE PARISH SHERIFF'S OFFICE                 ","Claiborne Parish Sheriff's Office"
"8407",1973,"LA0510300","Morgan City",NA,"LA","West South Central","South","ST MARY","City","Cities from 10,000 thru 24,999",17681,35,0,35,4,0,4,39,0,39,2.21,"MORGAN CITY POLICE DEPARTMENT                     ","Morgan City Police Department"
"8408",1973,"LA0080000","Bossier",NA,"LA","West South Central","South","BOSSIER","County","MSA counties from 10,000 thru 24,999",18841,35,0,35,4,0,4,39,0,39,2.07,"BOSSIER PARISH SHERIFF'S OFFICE                   ","Bossier Parish Sheriff's Office"
"8409",1973,"LA0100200","Lake Charles",NA,"LA","West South Central","South","CALCASIEU","City","Cities from 50,000 thru 99,999",83000,88,2,90,2,1,3,90,3,93,1.12,"LAKE CHARLES POLICE DEPARTMENT                    ","Lake Charles Police Department"
"8410",1973,"LA0330000","Madison",NA,"LA","West South Central","South","MADISON","County","Non-MSA counties from 10,000 thru 24,999",15289,10,0,10,3,0,3,13,0,13,0.85,"MADISON PARISH SHERIFF'S OFFICE                   ","Madison Parish Sheriff's Office"
"8411",1973,"LA0270000","Jefferson Davis",NA,"LA","West South Central","South","JEFFERSON DAVIS","County","Non-MSA counties from 10,000 thru 24,999",15077,18,0,18,4,0,4,22,0,22,1.46,"JEFFERSON DAVIS PARISH SHERIFF'S OFFICE           ","Jefferson Davis Parish Sheriff's Office"
"8412",1973,"LA0100300","Sulphur",NA,"LA","West South Central","South","CALCASIEU","City","Cities from 10,000 thru 24,999",13777,16,2,18,0,0,0,16,2,18,1.31,"SULPHUR POLICE DEPARTMENT                         ","Sulphur Police Department"
"8413",1973,"LA0160000","De Soto",NA,"LA","West South Central","South","DE SOTO","County","Non-MSA counties from 10,000 thru 24,999",17228,14,0,14,2,0,2,16,0,16,0.93,"DE SOTO PARISH SHERIFF'S OFFICE                   ","De Soto Parish Sheriff's Office"
"8414",1973,"LA0370100","Monroe",NA,"LA","West South Central","South","OUACHITA","City","Cities from 50,000 thru 99,999",60155,102,11,113,0,17,17,102,28,130,2.16,"MONROE POLICE DEPARTMENT                          ","Monroe Police Department"
"8415",1973,"LA0070000","Bienville",NA,"LA","West South Central","South","BIENVILLE","County","Non-MSA counties from 10,000 thru 24,999",16213,13,1,14,1,0,1,14,1,15,0.93,"BIENVILLE PARISH SHERIFF'S OFFICE                 ","Bienville Parish Sheriff's Office"
"8416",1973,"LA0060000","Beauregard",NA,"LA","West South Central","South","BEAUREGARD","County","Non-MSA counties from 10,000 thru 24,999",13923,17,0,17,2,0,2,19,0,19,1.36,"BEAUREGARD PARISH SHERIFF'S OFFICE                ","Beauregard Parish Sheriff's Office"
"8417",1973,"LA0320100","Denham Springs",NA,"LA","West South Central","South","LIVINGSTON","City","Cities from 2,500 thru 9,999",7002,9,0,9,1,0,1,10,0,10,1.43,"DENHAM SPRINGS POLICE DEPARTMENT                  ","Denham Springs Police Department"
"8418",1973,"LA0150000","Concordia",NA,"LA","West South Central","South","CONCORDIA","County","Non-MSA counties from 10,000 thru 24,999",11800,14,1,15,2,0,2,16,1,17,1.44,"CONCORDIA PARISH SHERIFF'S OFFICE                 ","Concordia Parish Sheriff's Office"
"8419",1973,"LA0170200","Baton Rouge",NA,"LA","West South Central","South","EAST BATON ROUGE","City","Cities from 100,000 thru 249,999",171200,488,10,498,16,52,68,504,62,566,3.31,"BATON ROUGE POLICE DEPARTMENT                     ","Baton Rouge Police Department"
"8420",1973,"LA0260200","Harahan",NA,"LA","West South Central","South","JEFFERSON","City","Cities from 10,000 thru 24,999",14265,13,0,13,0,0,0,13,0,13,0.91,"HARAHAN POLICE DEPARTMENT                         ","Harahan Police Department"
"8421",1973,"LA0100100","De Quincy",NA,"LA","West South Central","South","CALCASIEU","City","Cities from 2,500 thru 9,999",3334,7,0,7,2,0,2,9,0,9,2.7,"DEQUINCY POLICE DEPARTMENT                        ","Dequincy Police Department"
"8422",1973,"LA0140100","Haynesville",NA,"LA","West South Central","South","CLAIBORNE","City","Cities from 2,500 thru 9,999",3050,7,0,7,0,0,0,7,0,7,2.3,"HAYNESVILLE POLICE DEPT                           ","Haynesville Police Police Department"
"8423",1973,"LA0340000","Morehouse",NA,"LA","West South Central","South","MOREHOUSE","County","Non-MSA counties from 10,000 thru 24,999",18563,20,1,21,4,2,6,24,3,27,1.45,"MOREHOUSE PARISH SHERIFF'S OFFICE                 ","Morehouse Parish Sheriff's Office"
"8424",1973,"LA0290000","Lafourche",NA,"LA","West South Central","South","LAFOURCHE","County","Non-MSA counties from 25,000 thru 99,999",51812,92,0,92,9,0,9,101,0,101,1.95,"LAFOURCHE PARISH SHERIFF'S OFFICE                 ","Lafourche Parish Sheriff's Office"
"8425",1973,"LA0120000","Cameron",NA,"LA","West South Central","South","CAMERON","County","Non-MSA counties under 10,000",9030,26,1,27,3,0,3,29,1,30,3.32,"CAMERON PARISH SHERIFF'S OFFICE                   ","Cameron Parish Sheriff's Office"
"8426",1973,"LANPD0000","New Orleans",NA,"LA","West South Central","South","ORLEANS","City","Cities from 500,000 thru 999,999",591338,1329,129,1458,14,329,343,1343,458,1801,3.05,"NEW ORLEANS POLICE DEPARTMENT                     ","New Orleans Police Department"
"8427",1973,"LA0620000","West Carroll",NA,"LA","West South Central","South","WEST CARROLL","County","Non-MSA counties from 10,000 thru 24,999",13442,5,0,5,2,0,2,7,0,7,0.52,"WEST CARROLL PARISH SHERIFF'S OFFICE              ","West Carroll Parish Sheriff's Office"
"8428",1973,"LA0540000","Tensas",NA,"LA","West South Central","South","TENSAS","County","Non-MSA counties under 10,000",9543,8,0,8,2,0,2,10,0,10,1.05,"TENSAS PARISH SHERIFF'S OFFICE                    ","Tensas Parish Sheriff's Office"
"8429",1973,"LA0520000","St. Tammany",NA,"LA","West South Central","South","ST TAMMANY","County","MSA counties from 25,000 thru 99,999",66288,51,0,51,27,0,27,78,0,78,1.18,"ST. TAMMANY PARISH SHERIFF'S OFFICE               ","St. Tammany Parish Sheriff's Office"
"8430",1973,"LA0600000","Webster",NA,"LA","West South Central","South","WEBSTER","County","MSA counties from 10,000 thru 24,999",19576,25,0,25,3,0,3,28,0,28,1.43,"WEBSTER PARISH SHERIFF'S OFFICE                   ","Webster Parish Sheriff's Office"
"8431",1973,"LA0250000","Jackson",NA,"LA","West South Central","South","JACKSON","County","Non-MSA counties from 10,000 thru 24,999",11622,18,0,18,1,0,1,19,0,19,1.63,"JACKSON PARISH SHERIFF'S OFFICE                   ","Jackson Parish Sheriff's Office"
"8432",1973,"LA0370200","West Monroe",NA,"LA","West South Central","South","OUACHITA","City","Cities from 10,000 thru 24,999",14779,28,0,28,2,0,2,30,0,30,2.03,"WEST MONROE POLICE DEPARTMENT                     ","West Monroe Police Department"
"8433",1973,"LA0060100","De Ridder",NA,"LA","West South Central","South","BEAUREGARD","City","Cities from 2,500 thru 9,999",9681,17,0,17,0,1,1,17,1,18,1.86,"DERIDDER POLICE DEPARTMENT                        ","Deridder Police Department"
"8434",1973,"LA0090000","Caddo",NA,"LA","West South Central","South","CADDO","County","MSA counties from 25,000 thru 99,999",43861,93,45,138,0,10,10,93,55,148,3.37,"CADDO PARISH SHERIFF'S OFFICE                     ","Caddo Parish Sheriff's Office"
"8435",1973,"LA0480000","St. John the Baptist",NA,"LA","West South Central","South","ST JOHN THE BAPTIST","County","Non-MSA counties from 10,000 thru 24,999",24525,30,1,31,5,0,5,35,1,36,1.47,"ST. JOHN THE BAPTIST PARISH SHERIFF'S OFFICE      ","St. John The Baptist Parish Sheriff's Office"
"8436",1973,"LA0640000","Winn",NA,"LA","West South Central","South","WINN","County","Non-MSA counties under 10,000",9486,13,0,13,2,0,2,15,0,15,1.58,"WINN PARISH SHERIFF'S OFFICE                      ","Winn Parish Sheriff's Office"
"8437",1973,"LA0100000","Calcasieu",NA,"LA","West South Central","South","CALCASIEU","County","MSA counties from 25,000 thru 99,999",46889,177,2,179,27,0,27,204,2,206,4.39,"CALCASIEU PARISH SHERIFF'S OFFICE                 ","Calcasieu Parish Sheriff's Office"
"8438",1973,"LA0610100","Port Allen",NA,"LA","West South Central","South","WEST BATON ROUGE","City","Cities from 2,500 thru 9,999",5925,10,0,10,0,0,0,10,0,10,1.69,"PORT ALLEN POLICE DEPARTMENT                      ","Port Allen Police Department"
"8439",1973,"LA0210000","Franklin",NA,"LA","West South Central","South","FRANKLIN","County","Non-MSA counties from 10,000 thru 24,999",24217,20,1,21,1,0,1,21,1,22,0.91,"FRANKLIN PARISH SHERIFF'S OFFICE                  ","Franklin Parish Sheriff's Office"
"8440",1973,"LA0280000","Lafayette",NA,"LA","West South Central","South","LAFAYETTE","County","MSA counties from 25,000 thru 99,999",41600,105,0,105,12,0,12,117,0,117,2.81,"LAFAYETTE PARISH SHERIFF'S OFFICE                 ","Lafayette Parish Sheriff's Office"
"8441",1973,"LA0390100","New Roads",NA,"LA","West South Central","South","POINTE COUPEE","City","Cities from 2,500 thru 9,999",4213,7,0,7,0,0,0,7,0,7,1.66,"NEW ROADS POLICE DEPARTMENT                       ","New Roads Police Department"
"8442",1973,"LA0490200","Opelousas",NA,"LA","West South Central","South","ST LANDRY","City","Cities from 10,000 thru 24,999",21304,41,0,41,1,0,1,42,0,42,1.97,"OPELOUSAS POLICE DEPARTMENT                       ","Opelousas Police Department"
"8443",1973,"LA0200200","Mamou",NA,"LA","West South Central","South","EVANGELINE","City","Cities from 2,500 thru 9,999",3536,7,3,10,0,1,1,7,4,11,3.11,"MAMOU POLICE DEPARTMENT                           ","Mamou Police Department"
"8444",1973,"LA0320000","Livingston",NA,"LA","West South Central","South","LIVINGSTON","County","MSA counties from 25,000 thru 99,999",30862,20,0,20,5,0,5,25,0,25,0.81,"LIVINGSTON PARISH SHERIFF'S OFFICE                ","Livingston Parish Sheriff's Office"
"8445",1973,"LA0270200","Jennings",NA,"LA","West South Central","South","JEFFERSON DAVIS","City","Cities from 10,000 thru 24,999",12189,14,0,14,2,0,2,16,0,16,1.31,"JENNINGS POLICE DEPARTMENT                        ","Jennings Police Department"
"8446",1973,"LA0400200","Pineville",NA,"LA","West South Central","South","RAPIDES","City","Cities from 2,500 thru 9,999",9058,13,4,17,0,0,0,13,4,17,1.88,"PINEVILLE POLICE DEPARTMENT                       ","Pineville Police Department"
"8447",1973,"LA0510100","Berwick",NA,"LA","West South Central","South","ST MARY","City","Cities from 2,500 thru 9,999",4168,10,0,10,0,0,0,10,0,10,2.4,"BERWICK POLICE DEPARTMENT                         ","Berwick Police Department"
"8448",1973,"LA0450000","St. Charles",NA,"LA","West South Central","South","ST CHARLES","County","Non-MSA counties from 25,000 thru 99,999",30784,57,0,57,7,3,10,64,3,67,2.18,"ST. CHARLES PARISH SHERIFF'S OFFICE               ","St. Charles Parish Sheriff's Office"
"8449",1973,"LA0610000","West Baton Rouge",NA,"LA","West South Central","South","WEST BATON ROUGE","County","MSA counties from 10,000 thru 24,999",11519,20,0,20,1,0,1,21,0,21,1.82,"WEST BATON ROUGE PARISH SHERIFF'S OFFICE          ","West Baton Rouge Parish Sheriff's Office"
"8450",1973,"LA0290300","Lockport",NA,"LA","West South Central","South","LAFOURCHE","City","Cities under 2,500",2086,4,0,4,0,0,0,4,0,4,1.92,"LOCKPORT POLICE DEPARTMENT                        ","Lockport Police Department"
"8451",1973,"LA0570000","Vermilion",NA,"LA","West South Central","South","VERMILION","County","Non-MSA counties from 25,000 thru 99,999",26642,41,0,41,3,0,3,44,0,44,1.65,"VERMILION PARISH SHERIFF'S OFFICE                 ","Vermilion Parish Sheriff's Office"
"8452",1973,"LA0030100","Donaldsonville",NA,"LA","West South Central","South","ASCENSION","City","Cities from 2,500 thru 9,999",7673,13,0,13,2,0,2,15,0,15,1.95,"DONALDSONVILLE PD                                 ","Donaldsonville Police Department"
"8453",1973,"LA0510200","Franklin",NA,"LA","West South Central","South","ST MARY","City","Cities from 2,500 thru 9,999",9549,21,0,21,2,0,2,23,0,23,2.41,"FRANKLIN POLICE DEPARTMENT                        ","Franklin Police Department"
"8454",1973,"LA0280300","Lafayette",NA,"LA","West South Central","South","LAFAYETTE","City","Cities from 50,000 thru 99,999",75500,93,4,97,2,15,17,95,19,114,1.51,"LAFAYETTE POLICE DEPARTMENT                       ","Lafayette Police Department"
"8455",1973,"LA0470000","St. James",NA,"LA","West South Central","South","ST JAMES","County","Non-MSA counties from 10,000 thru 24,999",19189,29,0,29,4,2,6,33,2,35,1.82,"ST. JAMES PARISH SHERIFF'S OFFICE                 ","St. James Parish Sheriff's Office"
"8456",1973,"LA0370000","Ouachita",NA,"LA","West South Central","South","OUACHITA","County","MSA counties from 25,000 thru 99,999",44816,79,0,79,16,0,16,95,0,95,2.12,"OUACHITA PARISH SHERIFF'S OFFICE                  ","Ouachita Parish Sheriff's Office"
"8457",1973,"LA0090200","Vivian",NA,"LA","West South Central","South","CADDO","City","Cities from 2,500 thru 9,999",3826,10,0,10,0,0,0,10,0,10,2.61,"VIVIAN POLICE DEPARTMENT                          ","Vivian Police Department"
"8458",1973,"LA0420100","Delhi",NA,"LA","West South Central","South","RICHLAND","City","Cities from 2,500 thru 9,999",3085,3,0,3,0,0,0,3,0,3,0.97,"DELHI POLICE DEPARTMENT                           ","Delhi Police Department"
"8459",1973,"LA0160100","Mansfield",NA,"LA","West South Central","South","DE SOTO","City","Cities from 2,500 thru 9,999",6784,11,0,11,0,0,0,11,0,11,1.62,"MANSFIELD POLICE DEPARTMENT                       ","Mansfield Police Department"
"8460",1973,"LA0200300","Ville Platte",NA,"LA","West South Central","South","EVANGELINE","City","Cities from 10,000 thru 24,999",10464,20,0,20,0,0,0,20,0,20,1.91,"VILLE PLATTE POLICE DEPARTMENT                    ","Ville Platte Police Department"
"8461",1973,"LA0380000","Plaquemines",NA,"LA","West South Central","South","PLAQUEMINES","County","Non-MSA counties from 25,000 thru 99,999",27500,46,0,46,8,0,8,54,0,54,1.96,"PLAQUEMINES PARISH SHERIFF'S OFFICE               ","Plaquemines Parish Sheriff's Office"
"8462",1973,"LA0400000","Rapides",NA,"LA","West South Central","South","RAPIDES","County","MSA counties from 25,000 thru 99,999",73130,87,0,87,10,1,11,97,1,98,1.34,"RAPIDES PARISH SHERIFF'S OFFICE                   ","Rapides Parish Sheriff's Office"
"8463",1973,"LA0560100","Farmerville",NA,"LA","West South Central","South","UNION","City","Cities from 2,500 thru 9,999",3591,3,0,3,1,1,2,4,1,5,1.39,"FARMERVILLE POLICE DEPARTMENT                     ","Farmerville Police Department"
"8464",1973,"LA0600200","Springhill",NA,"LA","West South Central","South","WEBSTER","City","Cities from 2,500 thru 9,999",6677,11,0,11,0,0,0,11,0,11,1.65,"SPRINGHILL POLICE DEPARTMENT                      ","Springhill Police Department"
"8465",1973,"LA0600100","Minden",NA,"LA","West South Central","South","WEBSTER","City","Cities from 10,000 thru 24,999",15100,17,0,17,1,0,1,18,0,18,1.19,"MINDEN POLICE DEPARTMENT                          ","Minden Police Department"
"8466",1973,"LA0220000","Grant",NA,"LA","West South Central","South","GRANT","County","MSA counties from 10,000 thru 24,999",14571,13,3,16,1,1,2,14,4,18,1.24,"GRANT PARISH SHERIFF'S OFFICE                     ","Grant Parish Sheriff's Office"
"8467",1973,"LA0050200","Marksville",NA,"LA","West South Central","South","AVOYELLES","City","Cities from 2,500 thru 9,999",5050,10,5,15,1,0,1,11,5,16,3.17,"MARKSVILLE POLICE DEPARTMENT                      ","Marksville Police Department"
"8468",1973,"LA0010100","Crowley",NA,"LA","West South Central","South","ACADIA","City","Cities from 10,000 thru 24,999",16201,27,0,27,0,0,0,27,0,27,1.67,"CROWLEY POLICE DEPARTMENT                         ","Crowley Police Department"
"8469",1973,"LA0080100","Bossier City",NA,"LA","West South Central","South","BOSSIER","City","Cities from 25,000 thru 49,999",45900,72,1,73,0,8,8,72,9,81,1.76,"BOSSIER CITY POLICE DEPT                          ","Bossier City Police Police Department"
"8470",1973,"LA0290100","Golden Meadow",NA,"LA","West South Central","South","LAFOURCHE","City","Cities from 2,500 thru 9,999",2803,4,0,4,0,0,0,4,0,4,1.43,"GOLDEN MEADOW POLICE DEPARTMENT                   ","Golden Meadow Police Department"
"8471",1973,"LA0490000","St. Landry",NA,"LA","West South Central","South","ST LANDRY","County","Non-MSA counties from 25,000 thru 99,999",49106,70,0,70,7,0,7,77,0,77,1.57,"ST. LANDRY PARISH SHERIFF'S OFFICE                ","St. Landry Parish Sheriff's Office"
"8472",1973,"LA0460000","St. Helena",NA,"LA","West South Central","South","ST HELENA","County","Non-MSA counties under 10,000",9748,10,0,10,2,2,4,12,2,14,1.44,"ST. HELENA PARISH SHERIFF'S OFFICE                ","St. Helena Parish Sheriff's Office"
"8473",1972,"LANPD0000","New Orleans",NA,"LA","West South Central","South","ORLEANS","City","Cities from 500,000 thru 999,999",601177,1342,251,1593,11,219,230,1353,470,1823,3.03,"NEW ORLEANS POLICE DEPARTMENT                     ","New Orleans Police Department"
"8474",1972,"LA0230300","New Iberia",NA,"LA","West South Central","South","IBERIA","City","Cities from 25,000 thru 49,999",30947,47,5,52,0,3,3,47,8,55,1.78,"NEW IBERIA PD                                     ","New Iberia Police Department"
"8475",1972,"LA0370100","Monroe",NA,"LA","West South Central","South","OUACHITA","City","Cities from 50,000 thru 99,999",57860,97,14,111,0,18,18,97,32,129,2.23,"MONROE POLICE DEPARTMENT                          ","Monroe Police Department"
"8476",1972,"LA0070000","Bienville",NA,"LA","West South Central","South","BIENVILLE","County","Non-MSA counties from 10,000 thru 24,999",16158,14,0,14,1,1,2,15,1,16,0.99,"BIENVILLE PARISH SHERIFF'S OFFICE                 ","Bienville Parish Sheriff's Office"
"8477",1972,"LA0310000","Lincoln",NA,"LA","West South Central","South","LINCOLN","County","Non-MSA counties from 10,000 thru 24,999",16093,8,3,11,1,2,3,9,5,14,0.87,"LINCOLN PARISH SHERIFF'S OFFICE                   ","Lincoln Parish Sheriff's Office"
"8478",1972,"LA0530100","Hammond",NA,"LA","West South Central","South","TANGIPAHOA","City","Cities from 10,000 thru 24,999",12767,20,0,20,2,0,2,22,0,22,1.72,"HAMMOND POLICE DEPARTMENT                         ","Hammond Police Department"
"8479",1972,"LA0570100","Abbeville",NA,"LA","West South Central","South","VERMILION","City","Cities from 10,000 thru 24,999",11184,16,0,16,2,0,2,18,0,18,1.61,"ABBEVILLE POLICE DEPARTMENT                       ","Abbeville Police Department"
"8480",1972,"LA0300000","La Salle",NA,"LA","West South Central","South","LA SALLE","County","Non-MSA counties from 10,000 thru 24,999",13406,18,4,22,0,1,1,18,5,23,1.72,"LA SALLE PARISH SHERIFF'S OFFICE                  ","La Salle Parish Sheriff's Office"
"8481",1972,"LA0640100","Winnfield",NA,"LA","West South Central","South","WINN","City","Cities from 2,500 thru 9,999",7221,10,4,14,0,0,0,10,4,14,1.94,"WINNFIELD POLICE DEPT                             ","Winnfield Police Police Department"
"8482",1972,"LA0600000","Webster",NA,"LA","West South Central","South","WEBSTER","County","Non-MSA counties from 10,000 thru 24,999",19778,28,0,28,3,0,3,31,0,31,1.57,"WEBSTER PARISH SHERIFF'S OFFICE                   ","Webster Parish Sheriff's Office"
"8483",1972,"LA0100200","Lake Charles",NA,"LA","West South Central","South","CALCASIEU","City","Cities from 50,000 thru 99,999",81293,89,2,91,0,3,3,89,5,94,1.16,"LAKE CHARLES POLICE DEPARTMENT                    ","Lake Charles Police Department"
"8484",1972,"LA0330000","Madison",NA,"LA","West South Central","South","MADISON","County","Non-MSA counties from 10,000 thru 24,999",15365,10,0,10,3,0,3,13,0,13,0.85,"MADISON PARISH SHERIFF'S OFFICE                   ","Madison Parish Sheriff's Office"
"8485",1972,"LA0270000","Jefferson Davis",NA,"LA","West South Central","South","JEFFERSON DAVIS","County","Non-MSA counties from 10,000 thru 24,999",14813,15,0,15,3,0,3,18,0,18,1.22,"JEFFERSON DAVIS PARISH SHERIFF'S OFFICE           ","Jefferson Davis Parish Sheriff's Office"
"8486",1972,"LA0370200","West Monroe",NA,"LA","West South Central","South","OUACHITA","City","Cities from 10,000 thru 24,999",15248,27,0,27,2,1,3,29,1,30,1.97,"WEST MONROE POLICE DEPARTMENT                     ","West Monroe Police Department"
"8487",1972,"LA0090000","Caddo",NA,"LA","West South Central","South","CADDO","County","MSA counties from 25,000 thru 99,999",44773,85,38,123,0,14,14,85,52,137,3.06,"CADDO PARISH SHERIFF'S OFFICE                     ","Caddo Parish Sheriff's Office"
"8488",1972,"LA0060100","De Ridder",NA,"LA","West South Central","South","BEAUREGARD","City","Cities from 2,500 thru 9,999",7971,12,2,14,0,1,1,12,3,15,1.88,"DERIDDER POLICE DEPARTMENT                        ","Deridder Police Department"
"8489",1972,"LA0250000","Jackson",NA,"LA","West South Central","South","JACKSON","County","Non-MSA counties from 10,000 thru 24,999",11024,18,0,18,1,1,2,19,1,20,1.81,"JACKSON PARISH SHERIFF'S OFFICE                   ","Jackson Parish Sheriff's Office"
"8490",1972,"LA0600100","Minden",NA,"LA","West South Central","South","WEBSTER","City","Cities from 10,000 thru 24,999",14213,17,0,17,1,0,1,18,0,18,1.27,"MINDEN POLICE DEPARTMENT                          ","Minden Police Department"
"8491",1972,"LA0560100","Farmerville",NA,"LA","West South Central","South","UNION","City","Cities from 2,500 thru 9,999",3449,3,0,3,1,0,1,4,0,4,1.16,"FARMERVILLE POLICE DEPARTMENT                     ","Farmerville Police Department"
"8492",1972,"LA0600200","Springhill",NA,"LA","West South Central","South","WEBSTER","City","Cities from 2,500 thru 9,999",6545,11,0,11,0,0,0,11,0,11,1.68,"SPRINGHILL POLICE DEPARTMENT                      ","Springhill Police Department"
"8493",1972,"LA0630000","West Feliciana",NA,"LA","West South Central","South","WEST FELICIANA","County","Non-MSA counties from 10,000 thru 24,999",11514,9,0,9,2,1,3,11,1,12,1.04,"WEST FELICIANA PARISH SHERIFF'S OFFICE            ","West Feliciana Parish Sheriff's Office"
"8494",1972,"LA0530000","Tangipahoa",NA,"LA","West South Central","South","TANGIPAHOA","County","Non-MSA counties from 25,000 thru 99,999",54436,36,3,39,14,0,14,50,3,53,0.97,"TANGIPAHOA PARISH SHERIFF'S OFFICE                ","Tangipahoa Parish Sheriff's Office"
"8495",1972,"LA0590100","Bogalusa",NA,"LA","West South Central","South","WASHINGTON","City","Cities from 10,000 thru 24,999",18578,35,2,37,0,2,2,35,4,39,2.1,"BOGALUSA POLICE DEPARTMENT                        ","Bogalusa Police Department"
"8496",1972,"LA0510000","St. Mary",NA,"LA","West South Central","South","ST MARY","County","Non-MSA counties from 25,000 thru 99,999",31864,44,1,45,9,1,10,53,2,55,1.73,"ST. MARY PARISH SHERIFF'S OFFICE                  ","St. Mary Parish Sheriff's Office"
"8497",1972,"LA0040000","Assumption",NA,"LA","West South Central","South","ASSUMPTION","County","Non-MSA counties from 10,000 thru 24,999",20115,19,1,20,0,2,2,19,3,22,1.09,"ASSUMPTION PARISH SHERIFF'S OFFICE                ","Assumption Parish Sheriff's Office"
"8498",1972,"LA0200000","Evangeline",NA,"LA","West South Central","South","EVANGELINE","County","Non-MSA counties from 10,000 thru 24,999",19271,29,10,39,0,0,0,29,10,39,2.02,"EVANGELINE PARISH SHERIFF'S OFFICE                ","Evangeline Parish Sheriff's Office"
"8499",1972,"LA0270400","Welsh",NA,"LA","West South Central","South","JEFFERSON DAVIS","City","Cities from 2,500 thru 9,999",3256,7,0,7,0,0,0,7,0,7,2.15,"WELSH POLICE DEPARTMENT                           ","Welsh Police Department"
"8500",1972,"LA0350000","Natchitoches",NA,"LA","West South Central","South","NATCHITOCHES","County","Non-MSA counties from 10,000 thru 24,999",19466,20,1,21,1,0,1,21,1,22,1.13,"NATCHITOCHES PARISH SHERIFF'S OFFICE              ","Natchitoches Parish Sheriff's Office"
"8501",1972,"LA0610000","West Baton Rouge",NA,"LA","West South Central","South","WEST BATON ROUGE","County","Non-MSA counties from 10,000 thru 24,999",11460,18,0,18,1,0,1,19,0,19,1.66,"WEST BATON ROUGE PARISH SHERIFF'S OFFICE          ","West Baton Rouge Parish Sheriff's Office"
"8502",1972,"LA0200300","Ville Platte",NA,"LA","West South Central","South","EVANGELINE","City","Cities from 2,500 thru 9,999",9848,19,0,19,0,0,0,19,0,19,1.93,"VILLE PLATTE POLICE DEPARTMENT                    ","Ville Platte Police Department"
"8503",1972,"LA0090200","Vivian",NA,"LA","West South Central","South","CADDO","City","Cities from 2,500 thru 9,999",3818,7,2,9,1,0,1,8,2,10,2.62,"VIVIAN POLICE DEPARTMENT                          ","Vivian Police Department"
"8504",1972,"LA0160100","Mansfield",NA,"LA","West South Central","South","DE SOTO","City","Cities from 2,500 thru 9,999",6488,10,0,10,0,0,0,10,0,10,1.54,"MANSFIELD POLICE DEPARTMENT                       ","Mansfield Police Department"
"8505",1972,"LA0420100","Delhi",NA,"LA","West South Central","South","RICHLAND","City","Cities from 2,500 thru 9,999",2948,3,0,3,0,0,0,3,0,3,1.02,"DELHI POLICE DEPARTMENT                           ","Delhi Police Department"
"8506",1972,"LA0380000","Plaquemines",NA,"LA","West South Central","South","PLAQUEMINES","County","Non-MSA counties from 25,000 thru 99,999",26114,45,0,45,8,0,8,53,0,53,2.03,"PLAQUEMINES PARISH SHERIFF'S OFFICE               ","Plaquemines Parish Sheriff's Office"
"8507",1972,"LA0210000","Franklin",NA,"LA","West South Central","South","FRANKLIN","County","Non-MSA counties from 10,000 thru 24,999",24305,19,0,19,1,0,1,20,0,20,0.82,"FRANKLIN PARISH SHERIFF'S OFFICE                  ","Franklin Parish Sheriff's Office"
"8508",1972,"LA0100000","Calcasieu",NA,"LA","West South Central","South","CALCASIEU","County","MSA counties from 25,000 thru 99,999",50392,124,1,125,23,4,27,147,5,152,3.02,"CALCASIEU PARISH SHERIFF'S OFFICE                 ","Calcasieu Parish Sheriff's Office"
"8509",1972,"LA0490000","St. Landry",NA,"LA","West South Central","South","ST LANDRY","County","Non-MSA counties from 25,000 thru 99,999",49936,55,0,55,5,0,5,60,0,60,1.2,"ST. LANDRY PARISH SHERIFF'S OFFICE                ","St. Landry Parish Sheriff's Office"
"8510",1972,"LA0290100","Golden Meadow",NA,"LA","West South Central","South","LAFOURCHE","City","Cities from 2,500 thru 9,999",2744,4,0,4,0,0,0,4,0,4,1.46,"GOLDEN MEADOW POLICE DEPARTMENT                   ","Golden Meadow Police Department"
"8511",1972,"LA0580100","Leesville",NA,"LA","West South Central","South","VERNON","City","Cities from 2,500 thru 9,999",9002,19,0,19,2,0,2,21,0,21,2.33,"LEESVILLE POLICE DEPARTMENT                       ","Leesville Police Department"
"8512",1972,"LA0480000","St. John the Baptist",NA,"LA","West South Central","South","ST JOHN THE BAPTIST","County","Non-MSA counties from 10,000 thru 24,999",24428,23,5,28,2,3,5,25,8,33,1.35,"ST. JOHN THE BAPTIST PARISH SHERIFF'S OFFICE      ","St. John The Baptist Parish Sheriff's Office"
"8513",1972,"LA0050000","Avoyelles",NA,"LA","West South Central","South","AVOYELLES","County","Non-MSA counties from 25,000 thru 99,999",33741,27,0,27,3,0,3,30,0,30,0.89,"AVOYELLES PARISH SHERIFF'S OFFICE                 ","Avoyelles Parish Sheriff's Office"
"8514",1972,"LA0250100","Jonesboro",NA,"LA","West South Central","South","JACKSON","City","Cities from 2,500 thru 9,999",5133,7,0,7,0,0,0,7,0,7,1.36,"JONESBORO POLICE DEPARTMENT                       ","Jonesboro Police Department"
"8515",1972,"LA0190000","East Feliciana",NA,"LA","West South Central","South","EAST FELICIANA","County","Non-MSA counties from 10,000 thru 24,999",17932,8,0,8,2,1,3,10,1,11,0.61,"EAST FELICIANA PARISH SHERIFF'S OFFICE            ","East Feliciana Parish Sheriff's Office"
"8516",1972,"LA0240200","Plaquemine",NA,"LA","West South Central","South","IBERVILLE","City","Cities from 2,500 thru 9,999",7890,19,0,19,3,0,3,22,0,22,2.79,"PLAQUEMINE POLICE DEPARTMENT                      ","Plaquemine Police Department"
"8517",1972,"LA0120000","Cameron",NA,"LA","West South Central","South","CAMERON","County","Non-MSA counties under 10,000",8364,26,0,26,3,0,3,29,0,29,3.47,"CAMERON PARISH SHERIFF'S OFFICE                   ","Cameron Parish Sheriff's Office"
"8518",1972,"LA0610100","Port Allen",NA,"LA","West South Central","South","WEST BATON ROUGE","City","Cities from 2,500 thru 9,999",5895,8,0,8,0,0,0,8,0,8,1.36,"PORT ALLEN POLICE DEPARTMENT                      ","Port Allen Police Department"
"8519",1972,"LA0640000","Winn",NA,"LA","West South Central","South","WINN","County","Non-MSA counties under 10,000",9329,13,0,13,2,0,2,15,0,15,1.61,"WINN PARISH SHERIFF'S OFFICE                      ","Winn Parish Sheriff's Office"
"8520",1972,"LA0200200","Mamou",NA,"LA","West South Central","South","EVANGELINE","City","Cities from 2,500 thru 9,999",3328,12,0,12,0,0,0,12,0,12,3.61,"MAMOU POLICE DEPARTMENT                           ","Mamou Police Department"
"8521",1972,"LA0170000","East Baton Rouge",NA,"LA","West South Central","South","EAST BATON ROUGE","County","MSA counties 100,000 or over",123053,212,2,214,44,0,44,256,2,258,2.1,"EAST BATON ROUGE PARISH SHERIFF'S OFFICE          ","East Baton Rouge Parish Sheriff's Office"
"8522",1972,"LA0230000","Iberia",NA,"LA","West South Central","South","IBERIA","County","Non-MSA counties from 25,000 thru 99,999",28014,39,0,39,10,0,10,49,0,49,1.75,"IBERIA PARISH SHERIFF'S OFFICE                    ","Iberia Parish Sheriff's Office"
"8523",1972,"LA0010200","Rayne",NA,"LA","West South Central","South","ACADIA","City","Cities from 2,500 thru 9,999",9641,16,2,18,0,0,0,16,2,18,1.87,"RAYNE POLICE DEPARTMENT                           ","Rayne Police Department"
"8524",1972,"LA0320100","Denham Springs",NA,"LA","West South Central","South","LIVINGSTON","City","Cities from 2,500 thru 9,999",6937,7,0,7,1,0,1,8,0,8,1.15,"DENHAM SPRINGS POLICE DEPARTMENT                  ","Denham Springs Police Department"
"8525",1972,"LA0270200","Jennings",NA,"LA","West South Central","South","JEFFERSON DAVIS","City","Cities from 10,000 thru 24,999",11976,14,0,14,2,0,2,16,0,16,1.34,"JENNINGS POLICE DEPARTMENT                        ","Jennings Police Department"
"8526",1972,"LA0320000","Livingston",NA,"LA","West South Central","South","LIVINGSTON","County","Non-MSA counties from 25,000 thru 99,999",30574,20,0,20,0,6,6,20,6,26,0.85,"LIVINGSTON PARISH SHERIFF'S OFFICE                ","Livingston Parish Sheriff's Office"
"8527",1972,"LA0280000","Lafayette",NA,"LA","West South Central","South","LAFAYETTE","County","MSA counties from 25,000 thru 99,999",41220,99,0,99,10,0,10,109,0,109,2.64,"LAFAYETTE PARISH SHERIFF'S OFFICE                 ","Lafayette Parish Sheriff's Office"
"8528",1972,"LA0490200","Opelousas",NA,"LA","West South Central","South","ST LANDRY","City","Cities from 10,000 thru 24,999",20647,39,0,39,0,1,1,39,1,40,1.94,"OPELOUSAS POLICE DEPARTMENT                       ","Opelousas Police Department"
"8529",1972,"LA0390100","New Roads",NA,"LA","West South Central","South","POINTE COUPEE","City","Cities from 2,500 thru 9,999",4012,7,0,7,0,0,0,7,0,7,1.74,"NEW ROADS POLICE DEPARTMENT                       ","New Roads Police Department"
"8530",1972,"LA0460000","St. Helena",NA,"LA","West South Central","South","ST HELENA","County","Non-MSA counties from 10,000 thru 24,999",10046,10,6,16,3,1,4,13,7,20,1.99,"ST. HELENA PARISH SHERIFF'S OFFICE                ","St. Helena Parish Sheriff's Office"
"8531",1972,"LA0400000","Rapides",NA,"LA","West South Central","South","RAPIDES","County","MSA counties from 25,000 thru 99,999",68666,94,1,95,10,0,10,104,1,105,1.53,"RAPIDES PARISH SHERIFF'S OFFICE                   ","Rapides Parish Sheriff's Office"
"8532",1972,"LA0290300","Lockport",NA,"LA","West South Central","South","LAFOURCHE","City","Cities under 2,500",2042,4,0,4,0,0,0,4,0,4,1.96,"LOCKPORT POLICE DEPARTMENT                        ","Lockport Police Department"
"8533",1972,"LA0450000","St. Charles",NA,"LA","West South Central","South","ST CHARLES","County","Non-MSA counties from 25,000 thru 99,999",30380,57,0,57,7,3,10,64,3,67,2.21,"ST. CHARLES PARISH SHERIFF'S OFFICE               ","St. Charles Parish Sheriff's Office"
"8534",1972,"LA0400200","Pineville",NA,"LA","West South Central","South","RAPIDES","City","Cities from 2,500 thru 9,999",9131,12,3,15,0,0,0,12,3,15,1.64,"PINEVILLE POLICE DEPARTMENT                       ","Pineville Police Department"
"8535",1972,"LA0290000","Lafourche",NA,"LA","West South Central","South","LAFOURCHE","County","Non-MSA counties from 25,000 thru 99,999",50644,79,0,79,11,0,11,90,0,90,1.78,"LAFOURCHE PARISH SHERIFF'S OFFICE                 ","Lafourche Parish Sheriff's Office"
"8536",1972,"LA0080100","Bossier City",NA,"LA","West South Central","South","BOSSIER","City","Cities from 25,000 thru 49,999",43368,65,1,66,0,6,6,65,7,72,1.66,"BOSSIER CITY POLICE DEPT                          ","Bossier City Police Police Department"
"8537",1972,"LA0220000","Grant",NA,"LA","West South Central","South","GRANT","County","Non-MSA counties from 10,000 thru 24,999",13838,10,2,12,1,1,2,11,3,14,1.01,"GRANT PARISH SHERIFF'S OFFICE                     ","Grant Parish Sheriff's Office"
"8538",1972,"LA0030100","Donaldsonville",NA,"LA","West South Central","South","ASCENSION","City","Cities from 2,500 thru 9,999",7559,10,0,10,3,0,3,13,0,13,1.72,"DONALDSONVILLE PD                                 ","Donaldsonville Police Department"
"8539",1972,"LA0050200","Marksville",NA,"LA","West South Central","South","AVOYELLES","City","Cities from 2,500 thru 9,999",4630,6,0,6,0,0,0,6,0,6,1.3,"MARKSVILLE POLICE DEPARTMENT                      ","Marksville Police Department"
"8540",1972,"LA0570000","Vermilion",NA,"LA","West South Central","South","VERMILION","County","Non-MSA counties from 25,000 thru 99,999",26915,40,0,40,4,0,4,44,0,44,1.63,"VERMILION PARISH SHERIFF'S OFFICE                 ","Vermilion Parish Sheriff's Office"
"8541",1972,"LA0010100","Crowley",NA,"LA","West South Central","South","ACADIA","City","Cities from 10,000 thru 24,999",16435,23,1,24,0,0,0,23,1,24,1.46,"CROWLEY POLICE DEPARTMENT                         ","Crowley Police Department"
"8542",1972,"LA0400100","Alexandria",NA,"LA","West South Central","South","RAPIDES","City","Cities from 25,000 thru 49,999",42552,84,4,88,2,3,5,86,7,93,2.19,"ALEXANDRIA POLICE DEPARTMENT                      ","Alexandria Police Department"
"8543",1972,"LA0130000","Catahoula",NA,"LA","West South Central","South","CATAHOULA","County","Non-MSA counties from 10,000 thru 24,999",11953,9,3,12,0,0,0,9,3,12,1,"CATAHOULA PARISH SHERIFF'S OFFICE                 ","Catahoula Parish Sheriff's Office"
"8544",1972,"LA0310200","Ruston",NA,"LA","West South Central","South","LINCOLN","City","Cities from 10,000 thru 24,999",18188,17,3,20,2,1,3,19,4,23,1.26,"RUSTON POLICE DEPARTMENT                          ","Ruston Police Department"
"8545",1972,"LALSP0000","State Police",NA,"LA","West South Central","South","UNMAPPED COUNTY","State Police","Non-MSA counties under 10,000",0,488,67,555,0,23,23,488,90,578,NA,"LOUISIANA STATE POLICE                            ","Louisiana State Police"
"8546",1972,"LA0290500","Thibodaux",NA,"LA","West South Central","South","LAFOURCHE","City","Cities from 10,000 thru 24,999",15293,24,7,31,0,1,1,24,8,32,2.09,"THIBODAUX POLICE DEPARTMENT                       ","Thibodaux Police Department"
"8547",1972,"LA0510200","Franklin",NA,"LA","West South Central","South","ST MARY","City","Cities from 2,500 thru 9,999",9474,21,0,21,2,0,2,23,0,23,2.43,"FRANKLIN POLICE DEPARTMENT                        ","Franklin Police Department"
"8548",1972,"LA0500000","St. Martin",NA,"LA","West South Central","South","ST MARTIN","County","Non-MSA counties from 25,000 thru 99,999",33271,23,0,23,5,0,5,28,0,28,0.84,"ST. MARTIN PARISH SHERIFF'S OFFICE                ","St. Martin Parish Sheriff's Office"
"8549",1972,"LA0010000","Acadia",NA,"LA","West South Central","South","ACADIA","County","Non-MSA counties from 25,000 thru 99,999",27086,33,0,33,3,0,3,36,0,36,1.33,"ACADIA PARISH SHERIFF'S OFFICE                    ","Acadia Parish Sheriff's Office"
"8550",1972,"LA0020000","Allen",NA,"LA","West South Central","South","ALLEN","County","Non-MSA counties from 10,000 thru 24,999",21159,24,0,24,1,1,2,25,1,26,1.23,"ALLEN PARISH SHERIFF'S OFFICE                     ","Allen Parish Sheriff's Office"
"8551",1972,"LA0090100","Shreveport",NA,"LA","West South Central","South","BOSSIER, CADDO","City","Cities from 100,000 thru 249,999",186650,370,39,409,0,39,39,370,78,448,2.4,"SHREVEPORT POLICE DEPARTMENT                      ","Shreveport Police Department"
"8552",1972,"LA0510300","Morgan City",NA,"LA","West South Central","South","ST MARY","City","Cities from 10,000 thru 24,999",17154,35,0,35,4,0,4,39,0,39,2.27,"MORGAN CITY POLICE DEPARTMENT                     ","Morgan City Police Department"
"8553",1972,"LA0080000","Bossier",NA,"LA","West South Central","South","BOSSIER","County","MSA counties from 10,000 thru 24,999",22287,31,0,31,4,0,4,35,0,35,1.57,"BOSSIER PARISH SHERIFF'S OFFICE                   ","Bossier Parish Sheriff's Office"
"8554",1972,"LA0140000","Claiborne",NA,"LA","West South Central","South","CLAIBORNE","County","Non-MSA counties from 10,000 thru 24,999",14026,9,2,11,1,0,1,10,2,12,0.86,"CLAIBORNE PARISH SHERIFF'S OFFICE                 ","Claiborne Parish Sheriff's Office"
"8555",1972,"LA0390000","Pointe Coupee",NA,"LA","West South Central","South","POINTE COUPEE","County","Non-MSA counties from 10,000 thru 24,999",18365,9,0,9,0,2,2,9,2,11,0.6,"POINTE COUPEE PARISH SHERIFF'S OFFICE             ","Pointe Coupee Parish Sheriff's Office"
"8556",1972,"LA0260000","Jefferson",NA,"LA","West South Central","South","JEFFERSON","County","MSA counties 100,000 or over",347755,550,57,607,33,85,118,583,142,725,2.08,"JEFFERSON PARISH SHERIFF'S OFFICE                 ","Jefferson Parish Sheriff's Office"
"8557",1972,"LA0110000","Caldwell",NA,"LA","West South Central","South","CALDWELL","County","Non-MSA counties under 10,000",9448,15,4,19,0,0,0,15,4,19,2.01,"CALDWELL PARISH SHERIFF'S OFFICE                  ","Caldwell Parish Sheriff's Office"
"8558",1972,"LA0410000","Red River",NA,"LA","West South Central","South","RED RIVER","County","Non-MSA counties under 10,000",9338,6,0,6,0,0,0,6,0,6,0.64,"RED RIVER PARISH SHERIFF'S OFFICE                 ","Red River Parish Sheriff's Office"
"8559",1972,"LA0490100","Eunice",NA,"LA","West South Central","South","ST LANDRY","City","Cities from 10,000 thru 24,999",11619,19,3,22,0,0,0,19,3,22,1.89,"EUNICE POLICE DEPARTMENT                          ","Eunice Police Department"
"8560",1972,"LA0430000","Sabine",NA,"LA","West South Central","South","SABINE","County","Non-MSA counties from 10,000 thru 24,999",18919,14,0,14,0,0,0,14,0,14,0.74,"SABINE PARISH SHERIFF'S OFFICE                    ","Sabine Parish Sheriff's Office"
"8561",1972,"LA0150100","Ferriday",NA,"LA","West South Central","South","CONCORDIA","City","Cities from 2,500 thru 9,999",5332,7,0,7,0,0,0,7,0,7,1.31,"FERRIDAY POLICE DEPARTMENT                        ","Ferriday Police Department"
"8562",1972,"LA0570200","Kaplan",NA,"LA","West South Central","South","VERMILION","City","Cities from 2,500 thru 9,999",5623,12,0,12,0,0,0,12,0,12,2.13,"KAPLAN POLICE DEPARTMENT                          ","Kaplan Police Department"
"8563",1972,"LA0170200","Baton Rouge",NA,"LA","West South Central","South","EAST BATON ROUGE","City","Cities from 100,000 thru 249,999",169536,418,8,426,5,44,49,423,52,475,2.8,"BATON ROUGE POLICE DEPARTMENT                     ","Baton Rouge Police Department"
"8564",1972,"LA0140100","Haynesville",NA,"LA","West South Central","South","CLAIBORNE","City","Cities from 2,500 thru 9,999",3067,6,0,6,0,0,0,6,0,6,1.96,"HAYNESVILLE POLICE DEPT                           ","Haynesville Police Police Department"
"8565",1972,"LA0100100","De Quincy",NA,"LA","West South Central","South","CALCASIEU","City","Cities from 2,500 thru 9,999",3380,9,0,9,2,0,2,11,0,11,3.25,"DEQUINCY POLICE DEPARTMENT                        ","Dequincy Police Department"
"8566",1972,"LA0260200","Harahan",NA,"LA","West South Central","South","JEFFERSON","City","Cities from 10,000 thru 24,999",13703,13,0,13,0,0,0,13,0,13,0.95,"HARAHAN POLICE DEPARTMENT                         ","Harahan Police Department"
"8567",1972,"LA0620000","West Carroll",NA,"LA","West South Central","South","WEST CARROLL","County","Non-MSA counties from 10,000 thru 24,999",13243,5,0,5,2,0,2,7,0,7,0.53,"WEST CARROLL PARISH SHERIFF'S OFFICE              ","West Carroll Parish Sheriff's Office"
"8568",1972,"LA0540000","Tensas",NA,"LA","West South Central","South","TENSAS","County","Non-MSA counties under 10,000",9841,6,0,6,0,0,0,6,0,6,0.61,"TENSAS PARISH SHERIFF'S OFFICE                    ","Tensas Parish Sheriff's Office"
"8569",1972,"LA0520000","St. Tammany",NA,"LA","West South Central","South","ST TAMMANY","County","MSA counties from 25,000 thru 99,999",64855,50,0,50,22,0,22,72,0,72,1.11,"ST. TAMMANY PARISH SHERIFF'S OFFICE               ","St. Tammany Parish Sheriff's Office"
"8570",1972,"LA0550100","Houma",NA,"LA","West South Central","South","TERREBONNE","City","Cities from 25,000 thru 49,999",31816,41,6,47,0,0,0,41,6,47,1.48,"HOUMA POLICE DEPARTMENT                           ","Houma Police Department"
"8571",1972,"LA0240000","Iberville",NA,"LA","West South Central","South","IBERVILLE","County","Non-MSA counties from 10,000 thru 24,999",23457,41,0,41,5,0,5,46,0,46,1.96,"IBERVILLE PARISH SHERIFF'S OFFICE                 ","Iberville Parish Sheriff's Office"
"8572",1972,"LA0100300","Sulphur",NA,"LA","West South Central","South","CALCASIEU","City","Cities from 10,000 thru 24,999",13968,14,4,18,0,0,0,14,4,18,1.29,"SULPHUR POLICE DEPARTMENT                         ","Sulphur Police Department"
"8573",1972,"LA0160000","De Soto",NA,"LA","West South Central","South","DE SOTO","County","Non-MSA counties from 10,000 thru 24,999",16473,13,0,13,2,0,2,15,0,15,0.91,"DE SOTO PARISH SHERIFF'S OFFICE                   ","De Soto Parish Sheriff's Office"
"8574",1972,"LA0560000","Union",NA,"LA","West South Central","South","UNION","County","Non-MSA counties from 10,000 thru 24,999",15177,10,2,12,1,0,1,11,2,13,0.86,"UNION PARISH SHERIFF'S OFFICE                     ","Union Parish Sheriff's Office"
"8575",1972,"LA0280300","Lafayette",NA,"LA","West South Central","South","LAFAYETTE","City","Cities from 50,000 thru 99,999",73666,70,3,73,3,10,13,73,13,86,1.17,"LAFAYETTE POLICE DEPARTMENT                       ","Lafayette Police Department"
"8576",1972,"LA0470000","St. James",NA,"LA","West South Central","South","ST JAMES","County","Non-MSA counties from 10,000 thru 24,999",20210,24,6,30,0,6,6,24,12,36,1.78,"ST. JAMES PARISH SHERIFF'S OFFICE                 ","St. James Parish Sheriff's Office"
"8577",1972,"LA0370000","Ouachita",NA,"LA","West South Central","South","OUACHITA","County","MSA counties from 25,000 thru 99,999",45188,73,0,73,8,0,8,81,0,81,1.79,"OUACHITA PARISH SHERIFF'S OFFICE                  ","Ouachita Parish Sheriff's Office"
"8578",1971,"LA0100200","Lake Charles",NA,"LA","West South Central","South","CALCASIEU","City","Cities from 50,000 thru 99,999",80200,81,1,82,0,0,0,81,1,82,1.02,"LAKE CHARLES POLICE DEPARTMENT                    ","Lake Charles Police Department"
"8579",1971,"LANPD0000","New Orleans",NA,"LA","West South Central","South","ORLEANS","City","Cities from 500,000 thru 999,999",590504,1418,189,1607,10,162,172,1428,351,1779,3.01,"NEW ORLEANS POLICE DEPARTMENT                     ","New Orleans Police Department"
"8580",1971,"LA0100000","Calcasieu",NA,"LA","West South Central","South","CALCASIEU","County","MSA counties from 25,000 thru 99,999",49492,116,0,116,19,0,19,135,0,135,2.73,"CALCASIEU PARISH SHERIFF'S OFFICE                 ","Calcasieu Parish Sheriff's Office"
"8581",1971,"LA0200200","Mamou",NA,"LA","West South Central","South","EVANGELINE","City","Cities from 2,500 thru 9,999",3323,10,0,10,0,0,0,10,0,10,3.01,"MAMOU POLICE DEPARTMENT                           ","Mamou Police Department"
"8582",1971,"LA0270400","Welsh",NA,"LA","West South Central","South","JEFFERSON DAVIS","City","Cities from 2,500 thru 9,999",3219,6,0,6,0,0,0,6,0,6,1.86,"WELSH POLICE DEPARTMENT                           ","Welsh Police Department"
"8583",1971,"LA0280000","Lafayette",NA,"LA","West South Central","South","LAFAYETTE","County","MSA counties from 25,000 thru 99,999",41000,96,0,96,0,0,0,96,0,96,2.34,"LAFAYETTE PARISH SHERIFF'S OFFICE                 ","Lafayette Parish Sheriff's Office"
"8584",1971,"LA0390100","New Roads",NA,"LA","West South Central","South","POINTE COUPEE","City","Cities from 2,500 thru 9,999",4048,6,0,6,0,0,0,6,0,6,1.48,"NEW ROADS POLICE DEPARTMENT                       ","New Roads Police Department"
"8585",1971,"LA0090200","Vivian",NA,"LA","West South Central","South","CADDO","City","Cities from 2,500 thru 9,999",3822,8,1,9,0,0,0,8,1,9,2.35,"VIVIAN POLICE DEPARTMENT                          ","Vivian Police Department"
"8586",1971,"LA0330000","Madison",NA,"LA","West South Central","South","MADISON","County","Non-MSA counties from 10,000 thru 24,999",15400,8,0,8,3,0,3,11,0,11,0.71,"MADISON PARISH SHERIFF'S OFFICE                   ","Madison Parish Sheriff's Office"
"8587",1971,"LA0120000","Cameron",NA,"LA","West South Central","South","CAMERON","County","Non-MSA counties under 10,000",8700,29,0,29,0,0,0,29,0,29,3.33,"CAMERON PARISH SHERIFF'S OFFICE                   ","Cameron Parish Sheriff's Office"
"8588",1971,"LA0630000","West Feliciana",NA,"LA","West South Central","South","WEST FELICIANA","County","Non-MSA counties from 10,000 thru 24,999",11600,6,1,7,0,0,0,6,1,7,0.6,"WEST FELICIANA PARISH SHERIFF'S OFFICE            ","West Feliciana Parish Sheriff's Office"
"8589",1971,"LA0040000","Assumption",NA,"LA","West South Central","South","ASSUMPTION","County","Non-MSA counties from 10,000 thru 24,999",19900,17,1,18,0,0,0,17,1,18,0.9,"ASSUMPTION PARISH SHERIFF'S OFFICE                ","Assumption Parish Sheriff's Office"
"8590",1971,"LA0530000","Tangipahoa",NA,"LA","West South Central","South","TANGIPAHOA","County","Non-MSA counties from 25,000 thru 99,999",54083,33,0,33,14,0,14,47,0,47,0.87,"TANGIPAHOA PARISH SHERIFF'S OFFICE                ","Tangipahoa Parish Sheriff's Office"
"8591",1971,"LA0290000","Lafourche",NA,"LA","West South Central","South","LAFOURCHE","County","Non-MSA counties from 25,000 thru 99,999",49077,107,0,107,0,0,0,107,0,107,2.18,"LAFOURCHE PARISH SHERIFF'S OFFICE                 ","Lafourche Parish Sheriff's Office"
"8592",1971,"LA0610000","West Baton Rouge",NA,"LA","West South Central","South","WEST BATON ROUGE","County","Non-MSA counties from 10,000 thru 24,999",11292,18,0,18,1,0,1,19,0,19,1.68,"WEST BATON ROUGE PARISH SHERIFF'S OFFICE          ","West Baton Rouge Parish Sheriff's Office"
"8593",1971,"LA0280300","Lafayette",NA,"LA","West South Central","South","LAFAYETTE","City","Cities from 50,000 thru 99,999",71600,73,4,77,0,0,0,73,4,77,1.08,"LAFAYETTE POLICE DEPARTMENT                       ","Lafayette Police Department"
"8594",1971,"LA0380000","Plaquemines",NA,"LA","West South Central","South","PLAQUEMINES","County","Non-MSA counties from 25,000 thru 99,999",27824,47,0,47,0,0,0,47,0,47,1.69,"PLAQUEMINES PARISH SHERIFF'S OFFICE               ","Plaquemines Parish Sheriff's Office"
"8595",1971,"LA0600200","Springhill",NA,"LA","West South Central","South","WEBSTER","City","Cities from 2,500 thru 9,999",6604,9,0,9,0,0,0,9,0,9,1.36,"SPRINGHILL POLICE DEPARTMENT                      ","Springhill Police Department"
"8596",1971,"LA0600100","Minden",NA,"LA","West South Central","South","WEBSTER","City","Cities from 10,000 thru 24,999",14524,16,0,16,0,0,0,16,0,16,1.1,"MINDEN POLICE DEPARTMENT                          ","Minden Police Department"
"8597",1971,"LA0290100","Golden Meadow",NA,"LA","West South Central","South","LAFOURCHE","City","Cities from 2,500 thru 9,999",2667,2,0,2,0,0,0,2,0,2,0.75,"GOLDEN MEADOW POLICE DEPARTMENT                   ","Golden Meadow Police Department"
"8598",1971,"LA0390000","Pointe Coupee",NA,"LA","West South Central","South","POINTE COUPEE","County","Non-MSA counties from 10,000 thru 24,999",18530,8,0,8,0,0,0,8,0,8,0.43,"POINTE COUPEE PARISH SHERIFF'S OFFICE             ","Pointe Coupee Parish Sheriff's Office"
"8599",1971,"LA0510300","Morgan City",NA,"LA","West South Central","South","ST MARY","City","Cities from 10,000 thru 24,999",17047,35,4,39,0,0,0,35,4,39,2.29,"MORGAN CITY POLICE DEPARTMENT                     ","Morgan City Police Department"
"8600",1971,"LA0560000","Union",NA,"LA","West South Central","South","UNION","County","Non-MSA counties from 10,000 thru 24,999",15287,10,3,13,0,0,0,10,3,13,0.85,"UNION PARISH SHERIFF'S OFFICE                     ","Union Parish Sheriff's Office"
"8601",1971,"LA0550100","Houma",NA,"LA","West South Central","South","TERREBONNE","City","Cities from 25,000 thru 49,999",31000,42,6,48,0,0,0,42,6,48,1.55,"HOUMA POLICE DEPARTMENT                           ","Houma Police Department"
"8602",1971,"LA0370100","Monroe",NA,"LA","West South Central","South","OUACHITA","City","Cities from 50,000 thru 99,999",56900,101,12,113,0,0,0,101,12,113,1.99,"MONROE POLICE DEPARTMENT                          ","Monroe Police Department"
"8603",1971,"LA0510000","St. Mary",NA,"LA","West South Central","South","ST MARY","County","Non-MSA counties from 25,000 thru 99,999",29809,48,5,53,0,0,0,48,5,53,1.78,"ST. MARY PARISH SHERIFF'S OFFICE                  ","St. Mary Parish Sheriff's Office"
"8604",1971,"LA0590100","Bogalusa",NA,"LA","West South Central","South","WASHINGTON","City","Cities from 10,000 thru 24,999",18768,37,2,39,0,0,0,37,2,39,2.08,"BOGALUSA POLICE DEPARTMENT                        ","Bogalusa Police Department"
"8605",1971,"LA0100300","Sulphur",NA,"LA","West South Central","South","CALCASIEU","City","Cities from 10,000 thru 24,999",13302,14,4,18,0,0,0,14,4,18,1.35,"SULPHUR POLICE DEPARTMENT                         ","Sulphur Police Department"
"8606",1971,"LA0570200","Kaplan",NA,"LA","West South Central","South","VERMILION","City","Cities from 2,500 thru 9,999",5576,11,0,11,0,0,0,11,0,11,1.97,"KAPLAN POLICE DEPARTMENT                          ","Kaplan Police Department"
"8607",1971,"LA0290500","Thibodaux",NA,"LA","West South Central","South","LAFOURCHE","City","Cities from 10,000 thru 24,999",15000,25,9,34,0,0,0,25,9,34,2.27,"THIBODAUX POLICE DEPARTMENT                       ","Thibodaux Police Department"
"8608",1971,"LA0260000","Jefferson",NA,"LA","West South Central","South","JEFFERSON","County","MSA counties 100,000 or over",340775,466,81,547,49,55,104,515,136,651,1.91,"JEFFERSON PARISH SHERIFF'S OFFICE                 ","Jefferson Parish Sheriff's Office"
"8609",1971,"LA0010000","Acadia",NA,"LA","West South Central","South","ACADIA","County","Non-MSA counties from 25,000 thru 99,999",26891,34,0,34,0,0,0,34,0,34,1.26,"ACADIA PARISH SHERIFF'S OFFICE                    ","Acadia Parish Sheriff's Office"
"8610",1971,"LA0140000","Claiborne",NA,"LA","West South Central","South","CLAIBORNE","County","Non-MSA counties from 10,000 thru 24,999",14360,11,0,11,0,0,0,11,0,11,0.77,"CLAIBORNE PARISH SHERIFF'S OFFICE                 ","Claiborne Parish Sheriff's Office"
"8611",1971,"LA0080000","Bossier",NA,"LA","West South Central","South","BOSSIER","County","MSA counties from 10,000 thru 24,999",22100,31,0,31,0,0,0,31,0,31,1.4,"BOSSIER PARISH SHERIFF'S OFFICE                   ","Bossier Parish Sheriff's Office"
"8612",1971,"LA0090100","Shreveport",NA,"LA","West South Central","South","BOSSIER, CADDO","City","Cities from 100,000 thru 249,999",186000,356,25,381,0,0,0,356,25,381,2.05,"SHREVEPORT POLICE DEPARTMENT                      ","Shreveport Police Department"
"8613",1971,"LA0520000","St. Tammany",NA,"LA","West South Central","South","ST TAMMANY","County","MSA counties from 25,000 thru 99,999",65200,40,0,40,0,0,0,40,0,40,0.61,"ST. TAMMANY PARISH SHERIFF'S OFFICE               ","St. Tammany Parish Sheriff's Office"
"8614",1971,"LA0100100","De Quincy",NA,"LA","West South Central","South","CALCASIEU","City","Cities from 2,500 thru 9,999",3384,9,0,9,0,0,0,9,0,9,2.66,"DEQUINCY POLICE DEPARTMENT                        ","Dequincy Police Department"
"8615",1971,"LA0540000","Tensas",NA,"LA","West South Central","South","TENSAS","County","Non-MSA counties under 10,000",9900,6,0,6,0,0,0,6,0,6,0.61,"TENSAS PARISH SHERIFF'S OFFICE                    ","Tensas Parish Sheriff's Office"
"8616",1971,"LA0170200","Baton Rouge",NA,"LA","West South Central","South","EAST BATON ROUGE","City","Cities from 100,000 thru 249,999",168300,402,6,408,0,0,0,402,6,408,2.42,"BATON ROUGE POLICE DEPARTMENT                     ","Baton Rouge Police Department"
"8617",1971,"LA0030000","Ascension",NA,"LA","West South Central","South","ASCENSION","County","Non-MSA counties from 25,000 thru 99,999",30532,58,1,59,0,0,0,58,1,59,1.93,"ASCENSION PARISH SHERIFF'S OFFICE                 ","Ascension Parish Sheriff's Office"
"8618",1971,"LA0140100","Haynesville",NA,"LA","West South Central","South","CLAIBORNE","City","Cities from 2,500 thru 9,999",3140,8,0,8,0,0,0,8,0,8,2.55,"HAYNESVILLE POLICE DEPT                           ","Haynesville Police Police Department"
"8619",1971,"LA0010200","Rayne",NA,"LA","West South Central","South","ACADIA","City","Cities from 2,500 thru 9,999",9652,15,1,16,0,0,0,15,1,16,1.66,"RAYNE POLICE DEPARTMENT                           ","Rayne Police Department"
"8620",1971,"LA0050200","Marksville",NA,"LA","West South Central","South","AVOYELLES","City","Cities from 2,500 thru 9,999",4635,6,0,6,0,0,0,6,0,6,1.29,"MARKSVILLE POLICE DEPARTMENT                      ","Marksville Police Department"
"8621",1971,"LA0220000","Grant",NA,"LA","West South Central","South","GRANT","County","Non-MSA counties from 10,000 thru 24,999",14000,10,2,12,0,0,0,10,2,12,0.86,"GRANT PARISH SHERIFF'S OFFICE                     ","Grant Parish Sheriff's Office"
"8622",1971,"LA0080100","Bossier City",NA,"LA","West South Central","South","BOSSIER","City","Cities from 25,000 thru 49,999",42064,61,0,61,0,0,0,61,0,61,1.45,"BOSSIER CITY POLICE DEPT                          ","Bossier City Police Police Department"
"8623",1971,"LA0130000","Catahoula",NA,"LA","West South Central","South","CATAHOULA","County","Non-MSA counties from 10,000 thru 24,999",11900,9,3,12,0,0,0,9,3,12,1.01,"CATAHOULA PARISH SHERIFF'S OFFICE                 ","Catahoula Parish Sheriff's Office"
"8624",1971,"LA0400100","Alexandria",NA,"LA","West South Central","South","RAPIDES","City","Cities from 25,000 thru 49,999",41600,82,5,87,0,0,0,82,5,87,2.09,"ALEXANDRIA POLICE DEPARTMENT                      ","Alexandria Police Department"
"8625",1971,"LA0310200","Ruston",NA,"LA","West South Central","South","LINCOLN","City","Cities from 10,000 thru 24,999",17776,15,4,19,0,0,0,15,4,19,1.07,"RUSTON POLICE DEPARTMENT                          ","Ruston Police Department"
"8626",1971,"LA0290300","Lockport",NA,"LA","West South Central","South","LAFOURCHE","City","Cities under 2,500",1984,3,0,3,0,0,0,3,0,3,1.51,"LOCKPORT POLICE DEPARTMENT                        ","Lockport Police Department"
"8627",1971,"LA0240200","Plaquemine",NA,"LA","West South Central","South","IBERVILLE","City","Cities from 2,500 thru 9,999",7878,16,3,19,0,0,0,16,3,19,2.41,"PLAQUEMINE POLICE DEPARTMENT                      ","Plaquemine Police Department"
"8628",1971,"LA0250100","Jonesboro",NA,"LA","West South Central","South","JACKSON","City","Cities from 2,500 thru 9,999",5322,10,0,10,0,0,0,10,0,10,1.88,"JONESBORO POLICE DEPARTMENT                       ","Jonesboro Police Department"
"8629",1971,"LA0190000","East Feliciana",NA,"LA","West South Central","South","EAST FELICIANA","County","Non-MSA counties from 10,000 thru 24,999",17700,7,1,8,0,0,0,7,1,8,0.45,"EAST FELICIANA PARISH SHERIFF'S OFFICE            ","East Feliciana Parish Sheriff's Office"
"8630",1971,"LA0470000","St. James",NA,"LA","West South Central","South","ST JAMES","County","Non-MSA counties from 10,000 thru 24,999",19800,29,0,29,4,1,5,33,1,34,1.72,"ST. JAMES PARISH SHERIFF'S OFFICE                 ","St. James Parish Sheriff's Office"
"8631",1971,"LA0510200","Franklin",NA,"LA","West South Central","South","ST MARY","City","Cities from 10,000 thru 24,999",10694,17,3,20,0,0,0,17,3,20,1.87,"FRANKLIN POLICE DEPARTMENT                        ","Franklin Police Department"
"8632",1971,"LA0370000","Ouachita",NA,"LA","West South Central","South","OUACHITA","County","MSA counties from 25,000 thru 99,999",43837,59,0,59,0,0,0,59,0,59,1.35,"OUACHITA PARISH SHERIFF'S OFFICE                  ","Ouachita Parish Sheriff's Office"
"8633",1971,"LA0230300","New Iberia",NA,"LA","West South Central","South","IBERIA","City","Cities from 25,000 thru 49,999",30600,42,2,44,0,0,0,42,2,44,1.44,"NEW IBERIA PD                                     ","New Iberia Police Department"
"8634",1971,"LA0310000","Lincoln",NA,"LA","West South Central","South","LINCOLN","County","Non-MSA counties from 10,000 thru 24,999",16824,8,3,11,1,2,3,9,5,14,0.83,"LINCOLN PARISH SHERIFF'S OFFICE                   ","Lincoln Parish Sheriff's Office"
"8635",1971,"LA0570100","Abbeville",NA,"LA","West South Central","South","VERMILION","City","Cities from 10,000 thru 24,999",11068,34,0,34,0,0,0,34,0,34,3.07,"ABBEVILLE POLICE DEPARTMENT                       ","Abbeville Police Department"
"8636",1971,"LA0530100","Hammond",NA,"LA","West South Central","South","TANGIPAHOA","City","Cities from 10,000 thru 24,999",12717,18,0,18,0,0,0,18,0,18,1.42,"HAMMOND POLICE DEPARTMENT                         ","Hammond Police Department"
"8637",1971,"LA0510100","Berwick",NA,"LA","West South Central","South","ST MARY","City","Cities from 2,500 thru 9,999",4050,6,5,11,0,0,0,6,5,11,2.72,"BERWICK POLICE DEPARTMENT                         ","Berwick Police Department"
"8638",1971,"LA0250000","Jackson",NA,"LA","West South Central","South","JACKSON","County","Non-MSA counties from 10,000 thru 24,999",11429,17,0,17,0,0,0,17,0,17,1.49,"JACKSON PARISH SHERIFF'S OFFICE                   ","Jackson Parish Sheriff's Office"
"8639",1971,"LA0090000","Caddo",NA,"LA","West South Central","South","CADDO","County","MSA counties from 25,000 thru 99,999",41877,127,0,127,0,0,0,127,0,127,3.03,"CADDO PARISH SHERIFF'S OFFICE                     ","Caddo Parish Sheriff's Office"
"8640",1971,"LA0060100","De Ridder",NA,"LA","West South Central","South","BEAUREGARD","City","Cities from 2,500 thru 9,999",7980,12,2,14,0,0,0,12,2,14,1.75,"DERIDDER POLICE DEPARTMENT                        ","Deridder Police Department"
"8641",1971,"LA0370200","West Monroe",NA,"LA","West South Central","South","OUACHITA","City","Cities from 10,000 thru 24,999",15000,28,0,28,0,0,0,28,0,28,1.87,"WEST MONROE POLICE DEPARTMENT                     ","West Monroe Police Department"
"8642",1971,"LA0270200","Jennings",NA,"LA","West South Central","South","JEFFERSON DAVIS","City","Cities from 10,000 thru 24,999",11841,14,0,14,0,0,0,14,0,14,1.18,"JENNINGS POLICE DEPARTMENT                        ","Jennings Police Department"
"8643",1971,"LA0400200","Pineville",NA,"LA","West South Central","South","RAPIDES","City","Cities from 2,500 thru 9,999",8983,10,4,14,0,0,0,10,4,14,1.56,"PINEVILLE POLICE DEPARTMENT                       ","Pineville Police Department"
"8644",1971,"LA0450000","St. Charles",NA,"LA","West South Central","South","ST CHARLES","County","Non-MSA counties from 25,000 thru 99,999",29961,46,4,50,5,0,5,51,4,55,1.84,"ST. CHARLES PARISH SHERIFF'S OFFICE               ","St. Charles Parish Sheriff's Office"
"8645",1971,"LA0230000","Iberia",NA,"LA","West South Central","South","IBERIA","County","Non-MSA counties from 25,000 thru 99,999",28100,62,0,62,8,0,8,70,0,70,2.49,"IBERIA PARISH SHERIFF'S OFFICE                    ","Iberia Parish Sheriff's Office"
"8646",1971,"LA0170000","East Baton Rouge",NA,"LA","West South Central","South","EAST BATON ROUGE","County","MSA counties 100,000 or over",119035,197,0,197,0,0,0,197,0,197,1.65,"EAST BATON ROUGE PARISH SHERIFF'S OFFICE          ","East Baton Rouge Parish Sheriff's Office"
"8647",1971,"LA0030100","Donaldsonville",NA,"LA","West South Central","South","ASCENSION","City","Cities from 2,500 thru 9,999",7568,13,0,13,0,0,0,13,0,13,1.72,"DONALDSONVILLE PD                                 ","Donaldsonville Police Department"
"8648",1970,"LA0280300","Lafayette",NA,"LA","West South Central","South","LAFAYETTE","City","Cities from 50,000 thru 99,999",68908,70,8,78,0,0,0,70,8,78,1.13,"LAFAYETTE POLICE DEPARTMENT                       ","Lafayette Police Department"
"8649",1970,"LA0010200","Rayne",NA,"LA","West South Central","South","ACADIA","City","Cities from 2,500 thru 9,999",9510,15,1,16,0,0,0,15,1,16,1.68,"RAYNE POLICE DEPARTMENT                           ","Rayne Police Department"
"8650",1970,"LA0600100","Minden",NA,"LA","West South Central","South","WEBSTER","City","Cities from 10,000 thru 24,999",13996,15,0,15,0,0,0,15,0,15,1.07,"MINDEN POLICE DEPARTMENT                          ","Minden Police Department"
"8651",1970,"LA0090200","Vivian",NA,"LA","West South Central","South","CADDO","City","Cities from 2,500 thru 9,999",4046,5,4,9,0,0,0,5,4,9,2.22,"VIVIAN POLICE DEPARTMENT                          ","Vivian Police Department"
"8652",1970,"LA0060100","De Ridder",NA,"LA","West South Central","South","BEAUREGARD","City","Cities from 2,500 thru 9,999",8030,12,2,14,0,0,0,12,2,14,1.74,"DERIDDER POLICE DEPARTMENT                        ","Deridder Police Department"
"8653",1970,"LA0250000","Jackson",NA,"LA","West South Central","South","JACKSON","County","Non-MSA counties from 10,000 thru 24,999",10891,16,0,16,0,0,0,16,0,16,1.47,"JACKSON PARISH SHERIFF'S OFFICE                   ","Jackson Parish Sheriff's Office"
"8654",1970,"LA0100300","Sulphur",NA,"LA","West South Central","South","CALCASIEU","City","Cities from 10,000 thru 24,999",13551,11,1,12,0,0,0,11,1,12,0.89,"SULPHUR POLICE DEPARTMENT                         ","Sulphur Police Department"
"8655",1970,"LA0530100","Hammond",NA,"LA","West South Central","South","TANGIPAHOA","City","Cities from 10,000 thru 24,999",12487,20,0,20,0,0,0,20,0,20,1.6,"HAMMOND POLICE DEPARTMENT                         ","Hammond Police Department"
"8656",1970,"LA0370200","West Monroe",NA,"LA","West South Central","South","OUACHITA","City","Cities from 10,000 thru 24,999",14868,30,0,30,0,0,0,30,0,30,2.02,"WEST MONROE POLICE DEPARTMENT                     ","West Monroe Police Department"
"8657",1970,"LA0560000","Union",NA,"LA","West South Central","South","UNION","County","Non-MSA counties from 10,000 thru 24,999",15031,10,3,13,0,0,0,10,3,13,0.86,"UNION PARISH SHERIFF'S OFFICE                     ","Union Parish Sheriff's Office"
"8658",1970,"LA0290100","Golden Meadow",NA,"LA","West South Central","South","LAFOURCHE","City","Cities from 2,500 thru 9,999",2681,2,0,2,0,0,0,2,0,2,0.75,"GOLDEN MEADOW POLICE DEPARTMENT                   ","Golden Meadow Police Department"
"8659",1970,"LA0100000","Calcasieu",NA,"LA","West South Central","South","CALCASIEU","County","MSA counties from 25,000 thru 99,999",50418,95,30,125,0,0,0,95,30,125,2.48,"CALCASIEU PARISH SHERIFF'S OFFICE                 ","Calcasieu Parish Sheriff's Office"
"8660",1970,"LA0370100","Monroe",NA,"LA","West South Central","South","OUACHITA","City","Cities from 50,000 thru 99,999",56374,90,27,117,0,0,0,90,27,117,2.08,"MONROE POLICE DEPARTMENT                          ","Monroe Police Department"
"8661",1970,"LA0230300","New Iberia",NA,"LA","West South Central","South","IBERIA","City","Cities from 25,000 thru 49,999",30147,39,9,48,0,0,0,39,9,48,1.59,"NEW IBERIA PD                                     ","New Iberia Police Department"
"8662",1970,"LA0270200","Jennings",NA,"LA","West South Central","South","JEFFERSON DAVIS","City","Cities from 10,000 thru 24,999",11783,11,0,11,0,0,0,11,0,11,0.93,"JENNINGS POLICE DEPARTMENT                        ","Jennings Police Department"
"8663",1970,"LA0400200","Pineville",NA,"LA","West South Central","South","RAPIDES","City","Cities from 2,500 thru 9,999",8951,10,4,14,0,0,0,10,4,14,1.56,"PINEVILLE POLICE DEPARTMENT                       ","Pineville Police Department"
"8664",1970,"LA0510100","Berwick",NA,"LA","West South Central","South","ST MARY","City","Cities from 2,500 thru 9,999",4168,6,5,11,0,0,0,6,5,11,2.64,"BERWICK POLICE DEPARTMENT                         ","Berwick Police Department"
"8665",1970,"LA0120000","Cameron",NA,"LA","West South Central","South","CAMERON","County","Non-MSA counties under 10,000",8194,25,0,25,0,0,0,25,0,25,3.05,"CAMERON PARISH SHERIFF'S OFFICE                   ","Cameron Parish Sheriff's Office"
"8666",1970,"LA0290000","Lafourche",NA,"LA","West South Central","South","LAFOURCHE","County","Non-MSA counties from 25,000 thru 99,999",49340,78,0,78,0,0,0,78,0,78,1.58,"LAFOURCHE PARISH SHERIFF'S OFFICE                 ","Lafourche Parish Sheriff's Office"
"8667",1970,"LA0250100","Jonesboro",NA,"LA","West South Central","South","JACKSON","City","Cities from 2,500 thru 9,999",5072,10,0,10,0,0,0,10,0,10,1.97,"JONESBORO POLICE DEPARTMENT                       ","Jonesboro Police Department"
"8668",1970,"LA0510200","Franklin",NA,"LA","West South Central","South","ST MARY","City","Cities from 2,500 thru 9,999",9325,18,5,23,0,0,0,18,5,23,2.47,"FRANKLIN POLICE DEPARTMENT                        ","Franklin Police Department"
"8669",1970,"LA0240200","Plaquemine",NA,"LA","West South Central","South","IBERVILLE","City","Cities from 2,500 thru 9,999",7739,16,4,20,0,0,0,16,4,20,2.58,"PLAQUEMINE POLICE DEPARTMENT                      ","Plaquemine Police Department"
"8670",1970,"LA0100200","Lake Charles",NA,"LA","West South Central","South","CALCASIEU","City","Cities from 50,000 thru 99,999",77998,69,2,71,0,0,0,69,2,71,0.91,"LAKE CHARLES POLICE DEPARTMENT                    ","Lake Charles Police Department"
"8671",1970,"LA0570200","Kaplan",NA,"LA","West South Central","South","VERMILION","City","Cities from 2,500 thru 9,999",5540,14,0,14,0,0,0,14,0,14,2.53,"KAPLAN POLICE DEPARTMENT                          ","Kaplan Police Department"
"8672",1970,"LA0290500","Thibodaux",NA,"LA","West South Central","South","LAFOURCHE","City","Cities from 10,000 thru 24,999",14925,25,9,34,0,0,0,25,9,34,2.28,"THIBODAUX POLICE DEPARTMENT                       ","Thibodaux Police Department"
"8673",1970,"LA0520000","St. Tammany",NA,"LA","West South Central","South","ST TAMMANY","County","MSA counties from 25,000 thru 99,999",63585,70,0,70,0,0,0,70,0,70,1.1,"ST. TAMMANY PARISH SHERIFF'S OFFICE               ","St. Tammany Parish Sheriff's Office"
"8674",1970,"LA0540000","Tensas",NA,"LA","West South Central","South","TENSAS","County","Non-MSA counties under 10,000",9732,5,3,8,0,0,0,5,3,8,0.82,"TENSAS PARISH SHERIFF'S OFFICE                    ","Tensas Parish Sheriff's Office"
"8675",1970,"LA0030000","Ascension",NA,"LA","West South Central","South","ASCENSION","County","Non-MSA counties from 25,000 thru 99,999",29719,58,1,59,0,0,0,58,1,59,1.99,"ASCENSION PARISH SHERIFF'S OFFICE                 ","Ascension Parish Sheriff's Office"
"8676",1970,"LA0170200","Baton Rouge",NA,"LA","West South Central","South","EAST BATON ROUGE","City","Cities from 100,000 thru 249,999",165963,382,50,432,0,0,0,382,50,432,2.6,"BATON ROUGE POLICE DEPARTMENT                     ","Baton Rouge Police Department"
"8677",1970,"LA0100100","De Quincy",NA,"LA","West South Central","South","CALCASIEU","City","Cities from 2,500 thru 9,999",3448,9,0,9,0,0,0,9,0,9,2.61,"DEQUINCY POLICE DEPARTMENT                        ","Dequincy Police Department"
"8678",1970,"LA0550100","Houma",NA,"LA","West South Central","South","TERREBONNE","City","Cities from 25,000 thru 49,999",30922,41,5,46,0,0,0,41,5,46,1.49,"HOUMA POLICE DEPARTMENT                           ","Houma Police Department"
"8679",1970,"LA0510300","Morgan City",NA,"LA","West South Central","South","ST MARY","City","Cities from 10,000 thru 24,999",16586,31,5,36,0,0,0,31,5,36,2.17,"MORGAN CITY POLICE DEPARTMENT                     ","Morgan City Police Department"
"8680",1970,"LA0370000","Ouachita",NA,"LA","West South Central","South","OUACHITA","County","MSA counties from 25,000 thru 99,999",44145,67,1,68,0,0,0,67,1,68,1.54,"OUACHITA PARISH SHERIFF'S OFFICE                  ","Ouachita Parish Sheriff's Office"
"8681",1970,"LA0330000","Madison",NA,"LA","West South Central","South","MADISON","County","Non-MSA counties from 10,000 thru 24,999",15065,12,0,12,0,0,0,12,0,12,0.8,"MADISON PARISH SHERIFF'S OFFICE                   ","Madison Parish Sheriff's Office"
"8682",1970,"LANPD0000","New Orleans",NA,"LA","West South Central","South","ORLEANS","City","Cities from 500,000 thru 999,999",593471,1454,391,1845,0,0,0,1454,391,1845,3.11,"NEW ORLEANS POLICE DEPARTMENT                     ","New Orleans Police Department"
"8683",1970,"LA0590100","Bogalusa",NA,"LA","West South Central","South","WASHINGTON","City","Cities from 10,000 thru 24,999",18412,37,2,39,0,0,0,37,2,39,2.12,"BOGALUSA POLICE DEPARTMENT                        ","Bogalusa Police Department"
"8684",1970,"LA0090100","Shreveport",NA,"LA","West South Central","South","BOSSIER, CADDO","City","Cities from 100,000 thru 249,999",182064,342,67,409,0,0,0,342,67,409,2.25,"SHREVEPORT POLICE DEPARTMENT                      ","Shreveport Police Department"
"8685",1970,"LA0140000","Claiborne",NA,"LA","West South Central","South","CLAIBORNE","County","Non-MSA counties from 10,000 thru 24,999",13969,11,0,11,0,0,0,11,0,11,0.79,"CLAIBORNE PARISH SHERIFF'S OFFICE                 ","Claiborne Parish Sheriff's Office"
"8686",1970,"LA0260000","Jefferson",NA,"LA","West South Central","South","JEFFERSON","County","MSA counties 100,000 or over",338229,403,157,560,0,0,0,403,157,560,1.66,"JEFFERSON PARISH SHERIFF'S OFFICE                 ","Jefferson Parish Sheriff's Office"
"8687",1970,"LA0400100","Alexandria",NA,"LA","West South Central","South","RAPIDES","City","Cities from 25,000 thru 49,999",41557,73,3,76,0,0,0,73,3,76,1.83,"ALEXANDRIA POLICE DEPARTMENT                      ","Alexandria Police Department"
"8688",1970,"LA0170000","East Baton Rouge",NA,"LA","West South Central","South","EAST BATON ROUGE","County","MSA counties 100,000 or over",119204,207,76,283,0,0,0,207,76,283,2.37,"EAST BATON ROUGE PARISH SHERIFF'S OFFICE          ","East Baton Rouge Parish Sheriff's Office"
"8689",1970,"LA0310200","Ruston",NA,"LA","West South Central","South","LINCOLN","City","Cities from 10,000 thru 24,999",17365,17,6,23,0,0,0,17,6,23,1.32,"RUSTON POLICE DEPARTMENT                          ","Ruston Police Department"
"8690",1970,"LA0630000","West Feliciana",NA,"LA","West South Central","South","WEST FELICIANA","County","Non-MSA counties from 10,000 thru 24,999",11376,8,1,9,0,0,0,8,1,9,0.79,"WEST FELICIANA PARISH SHERIFF'S OFFICE            ","West Feliciana Parish Sheriff's Office"
"8691",1970,"LA0270400","Welsh",NA,"LA","West South Central","South","JEFFERSON DAVIS","City","Cities from 2,500 thru 9,999",3203,6,0,6,0,0,0,6,0,6,1.87,"WELSH POLICE DEPARTMENT                           ","Welsh Police Department"
"8692",1970,"LA0010000","Acadia",NA,"LA","West South Central","South","ACADIA","County","Non-MSA counties from 25,000 thru 99,999",26495,34,0,34,0,0,0,34,0,34,1.28,"ACADIA PARISH SHERIFF'S OFFICE                    ","Acadia Parish Sheriff's Office"
"8693",1970,"LA0510000","St. Mary",NA,"LA","West South Central","South","ST MARY","County","Non-MSA counties from 25,000 thru 99,999",30673,35,13,48,0,0,0,35,13,48,1.56,"ST. MARY PARISH SHERIFF'S OFFICE                  ","St. Mary Parish Sheriff's Office"
"8694",1970,"LA0200200","Mamou",NA,"LA","West South Central","South","EVANGELINE","City","Cities from 2,500 thru 9,999",3275,7,3,10,0,0,0,7,3,10,3.05,"MAMOU POLICE DEPARTMENT                           ","Mamou Police Department"
"8695",1970,"LA0220000","Grant",NA,"LA","West South Central","South","GRANT","County","Non-MSA counties from 10,000 thru 24,999",13671,9,4,13,0,0,0,9,4,13,0.95,"GRANT PARISH SHERIFF'S OFFICE                     ","Grant Parish Sheriff's Office"
"8696",1970,"LA0030100","Donaldsonville",NA,"LA","West South Central","South","ASCENSION","City","Cities from 2,500 thru 9,999",7367,15,0,15,0,0,0,15,0,15,2.04,"DONALDSONVILLE PD                                 ","Donaldsonville Police Department"
"8697",1970,"LA0050200","Marksville",NA,"LA","West South Central","South","AVOYELLES","City","Cities from 2,500 thru 9,999",4519,5,4,9,0,0,0,5,4,9,1.99,"MARKSVILLE POLICE DEPARTMENT                      ","Marksville Police Department"
"8698",1970,"LA0080100","Bossier City",NA,"LA","West South Central","South","BOSSIER","City","Cities from 25,000 thru 49,999",41595,56,7,63,0,0,0,56,7,63,1.51,"BOSSIER CITY POLICE DEPT                          ","Bossier City Police Police Department"
"8699",1970,"LA0390100","New Roads",NA,"LA","West South Central","South","POINTE COUPEE","City","Cities from 2,500 thru 9,999",3945,6,0,6,0,0,0,6,0,6,1.52,"NEW ROADS POLICE DEPARTMENT                       ","New Roads Police Department"
"8700",1970,"LA0040000","Assumption",NA,"LA","West South Central","South","ASSUMPTION","County","Non-MSA counties from 10,000 thru 24,999",19654,17,3,20,0,0,0,17,3,20,1.02,"ASSUMPTION PARISH SHERIFF'S OFFICE                ","Assumption Parish Sheriff's Office"
"8701",1969,"LA0560000","Union",NA,"LA","West South Central","South","UNION","County","Non-MSA counties from 10,000 thru 24,999",15524,11,4,15,0,0,0,11,4,15,0.97,"UNION PARISH SHERIFF'S OFFICE                     ","Union Parish Sheriff's Office"
"8702",1969,"LA0550100","Houma",NA,"LA","West South Central","South","TERREBONNE","City","Cities from 25,000 thru 49,999",29105,37,5,42,0,0,0,37,5,42,1.44,"HOUMA POLICE DEPARTMENT                           ","Houma Police Department"
"8703",1969,"LA0010000","Acadia",NA,"LA","West South Central","South","ACADIA","County","Non-MSA counties from 25,000 thru 99,999",29947,34,0,34,0,0,0,34,0,34,1.14,"ACADIA PARISH SHERIFF'S OFFICE                    ","Acadia Parish Sheriff's Office"
"8704",1969,"LA0500000","St. Martin",NA,"LA","West South Central","South","ST MARTIN","County","Non-MSA counties from 25,000 thru 99,999",34348,23,1,24,0,0,0,23,1,24,0.7,"ST. MARTIN PARISH SHERIFF'S OFFICE                ","St. Martin Parish Sheriff's Office"
"8705",1969,"LA0280000","Lafayette",NA,"LA","West South Central","South","LAFAYETTE","County","MSA counties from 25,000 thru 99,999",52409,90,1,91,0,0,0,90,1,91,1.74,"LAFAYETTE PARISH SHERIFF'S OFFICE                 ","Lafayette Parish Sheriff's Office"
"8706",1969,"LA0390100","New Roads",NA,"LA","West South Central","South","POINTE COUPEE","City","Cities from 2,500 thru 9,999",5392,6,0,6,0,0,0,6,0,6,1.11,"NEW ROADS POLICE DEPARTMENT                       ","New Roads Police Department"
"8707",1969,"LA0200200","Mamou",NA,"LA","West South Central","South","EVANGELINE","City","Cities from 2,500 thru 9,999",3500,7,4,11,0,0,0,7,4,11,3.14,"MAMOU POLICE DEPARTMENT                           ","Mamou Police Department"
"8708",1969,"LA0590100","Bogalusa",NA,"LA","West South Central","South","WASHINGTON","City","Cities from 10,000 thru 24,999",23054,35,1,36,0,0,0,35,1,36,1.56,"BOGALUSA POLICE DEPARTMENT                        ","Bogalusa Police Department"
"8709",1969,"LA0010200","Rayne",NA,"LA","West South Central","South","ACADIA","City","Cities from 10,000 thru 24,999",10200,14,0,14,0,0,0,14,0,14,1.37,"RAYNE POLICE DEPARTMENT                           ","Rayne Police Department"
"8710",1969,"LA0310200","Ruston",NA,"LA","West South Central","South","LINCOLN","City","Cities from 10,000 thru 24,999",15570,17,6,23,0,0,0,17,6,23,1.48,"RUSTON POLICE DEPARTMENT                          ","Ruston Police Department"
"8711",1969,"LA0400100","Alexandria",NA,"LA","West South Central","South","RAPIDES","City","Cities from 25,000 thru 49,999",46291,64,6,70,0,0,0,64,6,70,1.51,"ALEXANDRIA POLICE DEPARTMENT                      ","Alexandria Police Department"
"8712",1969,"LA0260000","Jefferson",NA,"LA","West South Central","South","JEFFERSON","County","MSA counties 100,000 or over",255435,399,108,507,0,0,0,399,108,507,1.98,"JEFFERSON PARISH SHERIFF'S OFFICE                 ","Jefferson Parish Sheriff's Office"
"8713",1969,"LA0510100","Berwick",NA,"LA","West South Central","South","ST MARY","City","Cities from 2,500 thru 9,999",4600,6,4,10,0,0,0,6,4,10,2.17,"BERWICK POLICE DEPARTMENT                         ","Berwick Police Department"
"8714",1969,"LA0370100","Monroe",NA,"LA","West South Central","South","OUACHITA","City","Cities from 50,000 thru 99,999",61070,89,23,112,0,0,0,89,23,112,1.83,"MONROE POLICE DEPARTMENT                          ","Monroe Police Department"
"8715",1969,"LA0250000","Jackson",NA,"LA","West South Central","South","JACKSON","County","Non-MSA counties from 10,000 thru 24,999",12261,18,0,18,0,0,0,18,0,18,1.47,"JACKSON PARISH SHERIFF'S OFFICE                   ","Jackson Parish Sheriff's Office"
"8716",1969,"LA0370200","West Monroe",NA,"LA","West South Central","South","OUACHITA","City","Cities from 10,000 thru 24,999",18199,28,0,28,0,0,0,28,0,28,1.54,"WEST MONROE POLICE DEPARTMENT                     ","West Monroe Police Department"
"8717",1969,"LA0090000","Caddo",NA,"LA","West South Central","South","CADDO","County","MSA counties from 25,000 thru 99,999",64928,94,40,134,0,0,0,94,40,134,2.06,"CADDO PARISH SHERIFF'S OFFICE                     ","Caddo Parish Sheriff's Office"
"8718",1969,"LA0060100","De Ridder",NA,"LA","West South Central","South","BEAUREGARD","City","Cities from 2,500 thru 9,999",9500,12,0,12,0,0,0,12,0,12,1.26,"DERIDDER POLICE DEPARTMENT                        ","Deridder Police Department"
"8719",1969,"LA0280300","Lafayette",NA,"LA","West South Central","South","LAFAYETTE","City","Cities from 50,000 thru 99,999",50088,68,10,78,0,0,0,68,10,78,1.56,"LAFAYETTE POLICE DEPARTMENT                       ","Lafayette Police Department"
"8720",1969,"LA0420000","Richland",NA,"LA","West South Central","South","RICHLAND","County","Non-MSA counties from 10,000 thru 24,999",23933,11,0,11,0,0,0,11,0,11,0.46,"RICHLAND PARISH SHERIFF'S OFFICE                  ","Richland Parish Sheriff's Office"
"8721",1969,"LA0100300","Sulphur",NA,"LA","West South Central","South","CALCASIEU","City","Cities from 10,000 thru 24,999",13348,11,2,13,0,0,0,11,2,13,0.97,"SULPHUR POLICE DEPARTMENT                         ","Sulphur Police Department"
"8722",1969,"LA0120000","Cameron",NA,"LA","West South Central","South","CAMERON","County","Non-MSA counties under 10,000",7989,29,0,29,0,0,0,29,0,29,3.63,"CAMERON PARISH SHERIFF'S OFFICE                   ","Cameron Parish Sheriff's Office"
"8723",1969,"LA0100200","Lake Charles",NA,"LA","West South Central","South","CALCASIEU","City","Cities from 50,000 thru 99,999",72990,71,0,71,0,0,0,71,0,71,0.97,"LAKE CHARLES POLICE DEPARTMENT                    ","Lake Charles Police Department"
"8724",1969,"LA0420100","Delhi",NA,"LA","West South Central","South","RICHLAND","City","Cities from 2,500 thru 9,999",3419,3,0,3,0,0,0,3,0,3,0.88,"DELHI POLICE DEPARTMENT                           ","Delhi Police Department"
"8725",1969,"LA0380000","Plaquemines",NA,"LA","West South Central","South","PLAQUEMINES","County","Non-MSA counties from 25,000 thru 99,999",27433,42,0,42,0,0,0,42,0,42,1.53,"PLAQUEMINES PARISH SHERIFF'S OFFICE               ","Plaquemines Parish Sheriff's Office"
"8726",1969,"LA0290000","Lafourche",NA,"LA","West South Central","South","LAFOURCHE","County","Non-MSA counties from 25,000 thru 99,999",43892,60,0,60,0,0,0,60,0,60,1.37,"LAFOURCHE PARISH SHERIFF'S OFFICE                 ","Lafourche Parish Sheriff's Office"
"8727",1969,"LA0090100","Shreveport",NA,"LA","West South Central","South","BOSSIER, CADDO","City","Cities from 100,000 thru 249,999",185257,306,52,358,0,0,0,306,52,358,1.93,"SHREVEPORT POLICE DEPARTMENT                      ","Shreveport Police Department"
"8728",1969,"LA0140000","Claiborne",NA,"LA","West South Central","South","CLAIBORNE","County","Non-MSA counties from 10,000 thru 24,999",16483,11,0,11,0,0,0,11,0,11,0.67,"CLAIBORNE PARISH SHERIFF'S OFFICE                 ","Claiborne Parish Sheriff's Office"
"8729",1969,"LA0570200","Kaplan",NA,"LA","West South Central","South","VERMILION","City","Cities from 2,500 thru 9,999",6000,11,0,11,0,0,0,11,0,11,1.83,"KAPLAN POLICE DEPARTMENT                          ","Kaplan Police Department"
"8730",1969,"LA0290500","Thibodaux",NA,"LA","West South Central","South","LAFOURCHE","City","Cities from 10,000 thru 24,999",16087,20,10,30,0,0,0,20,10,30,1.86,"THIBODAUX POLICE DEPARTMENT                       ","Thibodaux Police Department"
"8731",1969,"LA0140100","Haynesville",NA,"LA","West South Central","South","CLAIBORNE","City","Cities from 2,500 thru 9,999",4122,7,0,7,0,0,0,7,0,7,1.7,"HAYNESVILLE POLICE DEPT                           ","Haynesville Police Police Department"
"8732",1969,"LA0170200","Baton Rouge",NA,"LA","West South Central","South","EAST BATON ROUGE","City","Cities from 100,000 thru 249,999",173560,317,50,367,0,0,0,317,50,367,2.11,"BATON ROUGE POLICE DEPARTMENT                     ","Baton Rouge Police Department"
"8733",1969,"LA0030000","Ascension",NA,"LA","West South Central","South","ASCENSION","County","Non-MSA counties from 25,000 thru 99,999",25731,35,0,35,0,0,0,35,0,35,1.36,"ASCENSION PARISH SHERIFF'S OFFICE                 ","Ascension Parish Sheriff's Office"
"8734",1969,"LA0520000","St. Tammany",NA,"LA","West South Central","South","ST TAMMANY","County","MSA counties from 25,000 thru 99,999",45193,65,0,65,0,0,0,65,0,65,1.44,"ST. TAMMANY PARISH SHERIFF'S OFFICE               ","St. Tammany Parish Sheriff's Office"
"8735",1969,"LA0330000","Madison",NA,"LA","West South Central","South","MADISON","County","Non-MSA counties from 10,000 thru 24,999",18439,12,2,14,0,0,0,12,2,14,0.76,"MADISON PARISH SHERIFF'S OFFICE                   ","Madison Parish Sheriff's Office"
"8736",1969,"LA0090200","Vivian",NA,"LA","West South Central","South","CADDO","City","Cities from 2,500 thru 9,999",4223,5,3,8,0,0,0,5,3,8,1.89,"VIVIAN POLICE DEPARTMENT                          ","Vivian Police Department"
"8737",1969,"LA0600100","Minden",NA,"LA","West South Central","South","WEBSTER","City","Cities from 10,000 thru 24,999",15066,15,0,15,0,0,0,15,0,15,1,"MINDEN POLICE DEPARTMENT                          ","Minden Police Department"
"8738",1969,"LA0220000","Grant",NA,"LA","West South Central","South","GRANT","County","Non-MSA counties from 10,000 thru 24,999",14550,10,4,14,0,0,0,10,4,14,0.96,"GRANT PARISH SHERIFF'S OFFICE                     ","Grant Parish Sheriff's Office"
"8739",1969,"LA0080100","Bossier City",NA,"LA","West South Central","South","BOSSIER","City","Cities from 25,000 thru 49,999",39305,50,5,55,0,0,0,50,5,55,1.4,"BOSSIER CITY POLICE DEPT                          ","Bossier City Police Police Department"
"8740",1969,"LA0030100","Donaldsonville",NA,"LA","West South Central","South","ASCENSION","City","Cities from 2,500 thru 9,999",7350,10,0,10,0,0,0,10,0,10,1.36,"DONALDSONVILLE PD                                 ","Donaldsonville Police Department"
"8741",1969,"LA0050200","Marksville",NA,"LA","West South Central","South","AVOYELLES","City","Cities from 2,500 thru 9,999",4900,4,0,4,0,0,0,4,0,4,0.82,"MARKSVILLE POLICE DEPARTMENT                      ","Marksville Police Department"
"8742",1969,"LA0250100","Jonesboro",NA,"LA","West South Central","South","JACKSON","City","Cities from 2,500 thru 9,999",5233,8,0,8,0,0,0,8,0,8,1.53,"JONESBORO POLICE DEPARTMENT                       ","Jonesboro Police Department"
"8743",1969,"LA0240200","Plaquemine",NA,"LA","West South Central","South","IBERVILLE","City","Cities from 10,000 thru 24,999",10457,14,3,17,0,0,0,14,3,17,1.63,"PLAQUEMINE POLICE DEPARTMENT                      ","Plaquemine Police Department"
"8744",1969,"LA0410000","Red River",NA,"LA","West South Central","South","RED RIVER","County","Non-MSA counties from 10,000 thru 24,999",10968,8,0,8,0,0,0,8,0,8,0.73,"RED RIVER PARISH SHERIFF'S OFFICE                 ","Red River Parish Sheriff's Office"
"8745",1969,"LA0100000","Calcasieu",NA,"LA","West South Central","South","CALCASIEU","County","MSA counties from 25,000 thru 99,999",77096,84,37,121,0,0,0,84,37,121,1.57,"CALCASIEU PARISH SHERIFF'S OFFICE                 ","Calcasieu Parish Sheriff's Office"
"8746",1969,"LA0530100","Hammond",NA,"LA","West South Central","South","TANGIPAHOA","City","Cities from 10,000 thru 24,999",12228,20,0,20,0,0,0,20,0,20,1.64,"HAMMOND POLICE DEPARTMENT                         ","Hammond Police Department"
"8747",1969,"LA0170000","East Baton Rouge",NA,"LA","West South Central","South","EAST BATON ROUGE","County","MSA counties from 25,000 thru 99,999",95626,149,116,265,0,0,0,149,116,265,2.77,"EAST BATON ROUGE PARISH SHERIFF'S OFFICE          ","East Baton Rouge Parish Sheriff's Office"
"8748",1969,"LA0370000","Ouachita",NA,"LA","West South Central","South","OUACHITA","County","MSA counties from 25,000 thru 99,999",38619,61,0,61,0,0,0,61,0,61,1.58,"OUACHITA PARISH SHERIFF'S OFFICE                  ","Ouachita Parish Sheriff's Office"
"8749",1969,"LA0630000","West Feliciana",NA,"LA","West South Central","South","WEST FELICIANA","County","Non-MSA counties from 10,000 thru 24,999",13589,7,0,7,0,0,0,7,0,7,0.52,"WEST FELICIANA PARISH SHERIFF'S OFFICE            ","West Feliciana Parish Sheriff's Office"
"8750",1969,"LA0270400","Welsh",NA,"LA","West South Central","South","JEFFERSON DAVIS","City","Cities from 2,500 thru 9,999",4532,6,0,6,0,0,0,6,0,6,1.32,"WELSH POLICE DEPARTMENT                           ","Welsh Police Department"
"8751",1969,"LA0040000","Assumption",NA,"LA","West South Central","South","ASSUMPTION","County","Non-MSA counties from 10,000 thru 24,999",21085,19,2,21,0,0,0,19,2,21,1,"ASSUMPTION PARISH SHERIFF'S OFFICE                ","Assumption Parish Sheriff's Office"
"8752",1969,"LA0310000","Lincoln",NA,"LA","West South Central","South","LINCOLN","County","Non-MSA counties from 10,000 thru 24,999",16041,8,5,13,0,0,0,8,5,13,0.81,"LINCOLN PARISH SHERIFF'S OFFICE                   ","Lincoln Parish Sheriff's Office"
"8753",1969,"LA0230300","New Iberia",NA,"LA","West South Central","South","IBERIA","City","Cities from 25,000 thru 49,999",34960,32,3,35,0,0,0,32,3,35,1,"NEW IBERIA PD                                     ","New Iberia Police Department"
"8754",1969,"LA0510200","Franklin",NA,"LA","West South Central","South","ST MARY","City","Cities from 10,000 thru 24,999",11000,17,6,23,0,0,0,17,6,23,2.09,"FRANKLIN POLICE DEPARTMENT                        ","Franklin Police Department"
"8755",1968,"LA0060100","De Ridder",NA,"LA","West South Central","South","BEAUREGARD","City","Cities from 2,500 thru 9,999",9488,11,1,12,0,0,0,11,1,12,1.26,"DERIDDER POLICE DEPARTMENT                        ","Deridder Police Department"
"8756",1968,"LA0250000","Jackson",NA,"LA","West South Central","South","JACKSON","County","Non-MSA counties from 10,000 thru 24,999",13024,17,0,17,0,0,0,17,0,17,1.31,"JACKSON PARISH SHERIFF'S OFFICE                   ","Jackson Parish Sheriff's Office"
"8757",1968,"LA0090000","Caddo",NA,"LA","West South Central","South","CADDO","County","MSA counties from 25,000 thru 99,999",67094,92,30,122,0,0,0,92,30,122,1.82,"CADDO PARISH SHERIFF'S OFFICE                     ","Caddo Parish Sheriff's Office"
"8758",1968,"LA0370200","West Monroe",NA,"LA","West South Central","South","OUACHITA","City","Cities from 10,000 thru 24,999",17953,27,0,27,0,0,0,27,0,27,1.5,"WEST MONROE POLICE DEPARTMENT                     ","West Monroe Police Department"
"8759",1968,"LA0530100","Hammond",NA,"LA","West South Central","South","TANGIPAHOA","City","Cities from 10,000 thru 24,999",12081,18,1,19,0,0,0,18,1,19,1.57,"HAMMOND POLICE DEPARTMENT                         ","Hammond Police Department"
"8760",1968,"LA0230300","New Iberia",NA,"LA","West South Central","South","IBERIA","City","Cities from 25,000 thru 49,999",34134,35,3,38,0,0,0,35,3,38,1.11,"NEW IBERIA PD                                     ","New Iberia Police Department"
"8761",1968,"LA0310000","Lincoln",NA,"LA","West South Central","South","LINCOLN","County","Non-MSA counties from 10,000 thru 24,999",16170,8,5,13,0,0,0,8,5,13,0.8,"LINCOLN PARISH SHERIFF'S OFFICE                   ","Lincoln Parish Sheriff's Office"
"8762",1968,"LA0260000","Jefferson",NA,"LA","West South Central","South","JEFFERSON","County","MSA counties 100,000 or over",252133,379,156,535,0,0,0,379,156,535,2.12,"JEFFERSON PARISH SHERIFF'S OFFICE                 ","Jefferson Parish Sheriff's Office"
"8763",1968,"LA0500000","St. Martin",NA,"LA","West South Central","South","ST MARTIN","County","Non-MSA counties from 25,000 thru 99,999",34169,22,0,22,0,0,0,22,0,22,0.64,"ST. MARTIN PARISH SHERIFF'S OFFICE                ","St. Martin Parish Sheriff's Office"
"8764",1968,"LA0370100","Monroe",NA,"LA","West South Central","South","OUACHITA","City","Cities from 50,000 thru 99,999",60203,72,20,92,0,0,0,72,20,92,1.53,"MONROE POLICE DEPARTMENT                          ","Monroe Police Department"
"8765",1968,"LA0090200","Vivian",NA,"LA","West South Central","South","CADDO","City","Cities from 2,500 thru 9,999",3464,4,2,6,0,0,0,4,2,6,1.73,"VIVIAN POLICE DEPARTMENT                          ","Vivian Police Department"
"8766",1968,"LA0530000","Tangipahoa",NA,"LA","West South Central","South","TANGIPAHOA","County","Non-MSA counties from 25,000 thru 99,999",51709,49,0,49,0,0,0,49,0,49,0.95,"TANGIPAHOA PARISH SHERIFF'S OFFICE                ","Tangipahoa Parish Sheriff's Office"
"8767",1968,"LA0380000","Plaquemines",NA,"LA","West South Central","South","PLAQUEMINES","County","Non-MSA counties from 25,000 thru 99,999",27136,39,2,41,0,0,0,39,2,41,1.51,"PLAQUEMINES PARISH SHERIFF'S OFFICE               ","Plaquemines Parish Sheriff's Office"
"8768",1968,"LA0630000","West Feliciana",NA,"LA","West South Central","South","WEST FELICIANA","County","Non-MSA counties from 10,000 thru 24,999",13601,8,1,9,0,0,0,8,1,9,0.66,"WEST FELICIANA PARISH SHERIFF'S OFFICE            ","West Feliciana Parish Sheriff's Office"
"8769",1968,"LA0280300","Lafayette",NA,"LA","West South Central","South","LAFAYETTE","City","Cities from 50,000 thru 99,999",64371,49,7,56,0,0,0,49,7,56,0.87,"LAFAYETTE POLICE DEPARTMENT                       ","Lafayette Police Department"
"8770",1968,"LA0010200","Rayne",NA,"LA","West South Central","South","ACADIA","City","Cities from 10,000 thru 24,999",11396,16,0,16,0,0,0,16,0,16,1.4,"RAYNE POLICE DEPARTMENT                           ","Rayne Police Department"
"8771",1968,"LA0270400","Welsh",NA,"LA","West South Central","South","JEFFERSON DAVIS","City","Cities from 2,500 thru 9,999",4398,6,0,6,0,0,0,6,0,6,1.36,"WELSH POLICE DEPARTMENT                           ","Welsh Police Department"
"8772",1968,"LA0040000","Assumption",NA,"LA","West South Central","South","ASSUMPTION","County","Non-MSA counties from 10,000 thru 24,999",20965,21,3,24,0,0,0,21,3,24,1.14,"ASSUMPTION PARISH SHERIFF'S OFFICE                ","Assumption Parish Sheriff's Office"
"8773",1968,"LA0490100","Eunice",NA,"LA","West South Central","South","ST LANDRY","City","Cities from 10,000 thru 24,999",12932,21,0,21,0,0,0,21,0,21,1.62,"EUNICE POLICE DEPARTMENT                          ","Eunice Police Department"
"8774",1968,"LA0100000","Calcasieu",NA,"LA","West South Central","South","CALCASIEU","County","MSA counties from 25,000 thru 99,999",77584,114,7,121,0,0,0,114,7,121,1.56,"CALCASIEU PARISH SHERIFF'S OFFICE                 ","Calcasieu Parish Sheriff's Office"
"8775",1968,"LA0030000","Ascension",NA,"LA","West South Central","South","ASCENSION","County","Non-MSA counties from 10,000 thru 24,999",24732,33,0,33,0,0,0,33,0,33,1.33,"ASCENSION PARISH SHERIFF'S OFFICE                 ","Ascension Parish Sheriff's Office"
"8776",1968,"LA0540000","Tensas",NA,"LA","West South Central","South","TENSAS","County","Non-MSA counties from 10,000 thru 24,999",13043,8,0,8,0,0,0,8,0,8,0.61,"TENSAS PARISH SHERIFF'S OFFICE                    ","Tensas Parish Sheriff's Office"
"8777",1968,"LA0420000","Richland",NA,"LA","West South Central","South","RICHLAND","County","Non-MSA counties from 10,000 thru 24,999",23993,12,0,12,0,0,0,12,0,12,0.5,"RICHLAND PARISH SHERIFF'S OFFICE                  ","Richland Parish Sheriff's Office"
"8778",1968,"LA0520000","St. Tammany",NA,"LA","West South Central","South","ST TAMMANY","County","MSA counties from 25,000 thru 99,999",44900,70,0,70,0,0,0,70,0,70,1.56,"ST. TAMMANY PARISH SHERIFF'S OFFICE               ","St. Tammany Parish Sheriff's Office"
"8779",1968,"LA0330000","Madison",NA,"LA","West South Central","South","MADISON","County","Non-MSA counties from 10,000 thru 24,999",18461,10,0,10,0,0,0,10,0,10,0.54,"MADISON PARISH SHERIFF'S OFFICE                   ","Madison Parish Sheriff's Office"
"8780",1968,"LA0390100","New Roads",NA,"LA","West South Central","South","POINTE COUPEE","City","Cities from 2,500 thru 9,999",5234,6,0,6,0,0,0,6,0,6,1.15,"NEW ROADS POLICE DEPARTMENT                       ","New Roads Police Department"
"8781",1968,"LA0140100","Haynesville",NA,"LA","West South Central","South","CLAIBORNE","City","Cities from 2,500 thru 9,999",4001,6,0,6,0,0,0,6,0,6,1.5,"HAYNESVILLE POLICE DEPT                           ","Haynesville Police Police Department"
"8782",1968,"LA0170200","Baton Rouge",NA,"LA","West South Central","South","EAST BATON ROUGE","City","Cities from 100,000 thru 249,999",171690,305,49,354,0,0,0,305,49,354,2.06,"BATON ROUGE POLICE DEPARTMENT                     ","Baton Rouge Police Department"
"8783",1968,"LA0250100","Jonesboro",NA,"LA","West South Central","South","JACKSON","City","Cities from 2,500 thru 9,999",4487,8,0,8,0,0,0,8,0,8,1.78,"JONESBORO POLICE DEPARTMENT                       ","Jonesboro Police Department"
"8784",1968,"LA0240200","Plaquemine",NA,"LA","West South Central","South","IBERVILLE","City","Cities from 10,000 thru 24,999",10149,16,2,18,0,0,0,16,2,18,1.77,"PLAQUEMINE POLICE DEPARTMENT                      ","Plaquemine Police Department"
"8785",1968,"LANPD0000","New Orleans",NA,"LA","West South Central","South","ORLEANS","City","Cities from 500,000 thru 999,999",697382,1377,187,1564,0,0,0,1377,187,1564,2.24,"NEW ORLEANS POLICE DEPARTMENT                     ","New Orleans Police Department"
"8786",1968,"LA0100200","Lake Charles",NA,"LA","West South Central","South","CALCASIEU","City","Cities from 50,000 thru 99,999",72174,61,0,61,0,0,0,61,0,61,0.85,"LAKE CHARLES POLICE DEPARTMENT                    ","Lake Charles Police Department"
"8787",1968,"LA0200200","Mamou",NA,"LA","West South Central","South","EVANGELINE","City","Cities from 2,500 thru 9,999",3865,6,4,10,0,0,0,6,4,10,2.59,"MAMOU POLICE DEPARTMENT                           ","Mamou Police Department"
"8788",1968,"LA0030100","Donaldsonville",NA,"LA","West South Central","South","ASCENSION","City","Cities from 2,500 thru 9,999",8028,11,1,12,0,0,0,11,1,12,1.49,"DONALDSONVILLE PD                                 ","Donaldsonville Police Department"
"8789",1968,"LA0590100","Bogalusa",NA,"LA","West South Central","South","WASHINGTON","City","Cities from 10,000 thru 24,999",22983,34,4,38,0,0,0,34,4,38,1.65,"BOGALUSA POLICE DEPARTMENT                        ","Bogalusa Police Department"
"8790",1968,"LA0510100","Berwick",NA,"LA","West South Central","South","ST MARY","City","Cities from 2,500 thru 9,999",5122,6,3,9,0,0,0,6,3,9,1.76,"BERWICK POLICE DEPARTMENT                         ","Berwick Police Department"
"8791",1968,"LA0090100","Shreveport",NA,"LA","West South Central","South","BOSSIER, CADDO","City","Cities from 100,000 thru 249,999",183319,290,48,338,0,0,0,290,48,338,1.84,"SHREVEPORT POLICE DEPARTMENT                      ","Shreveport Police Department"
"8792",1968,"LA0140000","Claiborne",NA,"LA","West South Central","South","CLAIBORNE","County","Non-MSA counties from 10,000 thru 24,999",16728,13,2,15,0,0,0,13,2,15,0.9,"CLAIBORNE PARISH SHERIFF'S OFFICE                 ","Claiborne Parish Sheriff's Office"
"8793",1968,"LA0100300","Sulphur",NA,"LA","West South Central","South","CALCASIEU","City","Cities from 10,000 thru 24,999",13184,10,2,12,0,0,0,10,2,12,0.91,"SULPHUR POLICE DEPARTMENT                         ","Sulphur Police Department"
"8794",1968,"LA0370000","Ouachita",NA,"LA","West South Central","South","OUACHITA","County","MSA counties from 25,000 thru 99,999",39046,54,0,54,0,0,0,54,0,54,1.38,"OUACHITA PARISH SHERIFF'S OFFICE                  ","Ouachita Parish Sheriff's Office"
"8795",1968,"LA0470000","St. James",NA,"LA","West South Central","South","ST JAMES","County","Non-MSA counties from 10,000 thru 24,999",21769,16,0,16,0,0,0,16,0,16,0.73,"ST. JAMES PARISH SHERIFF'S OFFICE                 ","St. James Parish Sheriff's Office"
"8796",1968,"LA0290500","Thibodaux",NA,"LA","West South Central","South","LAFOURCHE","City","Cities from 10,000 thru 24,999",15858,19,12,31,0,0,0,19,12,31,1.95,"THIBODAUX POLICE DEPARTMENT                       ","Thibodaux Police Department"
"8797",1968,"LA0550100","Houma",NA,"LA","West South Central","South","TERREBONNE","City","Cities from 25,000 thru 49,999",28577,41,5,46,0,0,0,41,5,46,1.61,"HOUMA POLICE DEPARTMENT                           ","Houma Police Department"
"8798",1968,"LA0510300","Morgan City",NA,"LA","West South Central","South","ST MARY","City","Cities from 10,000 thru 24,999",16392,28,5,33,0,0,0,28,5,33,2.01,"MORGAN CITY POLICE DEPARTMENT                     ","Morgan City Police Department"
"8799",1968,"LA0050200","Marksville",NA,"LA","West South Central","South","AVOYELLES","City","Cities from 2,500 thru 9,999",5619,4,0,4,0,0,0,4,0,4,0.71,"MARKSVILLE POLICE DEPARTMENT                      ","Marksville Police Department"
"8800",1968,"LA0080100","Bossier City",NA,"LA","West South Central","South","BOSSIER","City","Cities from 25,000 thru 49,999",38592,54,4,58,0,0,0,54,4,58,1.5,"BOSSIER CITY POLICE DEPT                          ","Bossier City Police Police Department"
"8801",1968,"LA0220000","Grant",NA,"LA","West South Central","South","GRANT","County","Non-MSA counties from 10,000 thru 24,999",14586,10,4,14,0,0,0,10,4,14,0.96,"GRANT PARISH SHERIFF'S OFFICE                     ","Grant Parish Sheriff's Office"
"8802",1968,"LA0570200","Kaplan",NA,"LA","West South Central","South","VERMILION","City","Cities from 2,500 thru 9,999",6952,10,0,10,0,0,0,10,0,10,1.44,"KAPLAN POLICE DEPARTMENT                          ","Kaplan Police Department"
"8803",1968,"LA0510200","Franklin",NA,"LA","West South Central","South","ST MARY","City","Cities from 10,000 thru 24,999",11000,15,5,20,0,0,0,15,5,20,1.82,"FRANKLIN POLICE DEPARTMENT                        ","Franklin Police Department"
"8804",1968,"LA0310200","Ruston",NA,"LA","West South Central","South","LINCOLN","City","Cities from 10,000 thru 24,999",15408,18,3,21,0,0,0,18,3,21,1.36,"RUSTON POLICE DEPARTMENT                          ","Ruston Police Department"
"8805",1968,"LA0400100","Alexandria",NA,"LA","West South Central","South","RAPIDES","City","Cities from 25,000 thru 49,999",45673,59,2,61,0,0,0,59,2,61,1.34,"ALEXANDRIA POLICE DEPARTMENT                      ","Alexandria Police Department"
"8806",1968,"LA0290000","Lafourche",NA,"LA","West South Central","South","LAFOURCHE","County","Non-MSA counties from 25,000 thru 99,999",44218,68,0,68,0,0,0,68,0,68,1.54,"LAFOURCHE PARISH SHERIFF'S OFFICE                 ","Lafourche Parish Sheriff's Office"
"8807",1968,"LA0120000","Cameron",NA,"LA","West South Central","South","CAMERON","County","Non-MSA counties under 10,000",7993,28,0,28,0,0,0,28,0,28,3.5,"CAMERON PARISH SHERIFF'S OFFICE                   ","Cameron Parish Sheriff's Office"
"8808",1967,"LA0510200","Franklin",NA,"LA","West South Central","South","ST MARY","City","Cities from 10,000 thru 24,999",10043,14,6,20,0,0,0,14,6,20,1.99,"FRANKLIN POLICE DEPARTMENT                        ","Franklin Police Department"
"8809",1967,"LA0370100","Monroe",NA,"LA","West South Central","South","OUACHITA","City","Cities from 50,000 thru 99,999",59348,71,20,91,0,0,0,71,20,91,1.53,"MONROE POLICE DEPARTMENT                          ","Monroe Police Department"
"8810",1967,"LA0040000","Assumption",NA,"LA","West South Central","South","ASSUMPTION","County","Non-MSA counties from 10,000 thru 24,999",20531,19,2,21,0,0,0,19,2,21,1.02,"ASSUMPTION PARISH SHERIFF'S OFFICE                ","Assumption Parish Sheriff's Office"
"8811",1967,"LA0060100","De Ridder",NA,"LA","West South Central","South","BEAUREGARD","City","Cities from 2,500 thru 9,999",8305,10,1,11,0,0,0,10,1,11,1.32,"DERIDDER POLICE DEPARTMENT                        ","Deridder Police Department"
"8812",1967,"LA0250000","Jackson",NA,"LA","West South Central","South","JACKSON","County","Non-MSA counties from 10,000 thru 24,999",12947,15,0,15,0,0,0,15,0,15,1.16,"JACKSON PARISH SHERIFF'S OFFICE                   ","Jackson Parish Sheriff's Office"
"8813",1967,"LA0370000","Ouachita",NA,"LA","West South Central","South","OUACHITA","County","MSA counties from 25,000 thru 99,999",37821,37,1,38,0,0,0,37,1,38,1,"OUACHITA PARISH SHERIFF'S OFFICE                  ","Ouachita Parish Sheriff's Office"
"8814",1967,"LA0090000","Caddo",NA,"LA","West South Central","South","CADDO","County","MSA counties from 25,000 thru 99,999",62757,75,50,125,0,0,0,75,50,125,1.99,"CADDO PARISH SHERIFF'S OFFICE                     ","Caddo Parish Sheriff's Office"
"8815",1967,"LA0370200","West Monroe",NA,"LA","West South Central","South","OUACHITA","City","Cities from 10,000 thru 24,999",17656,26,0,26,0,0,0,26,0,26,1.47,"WEST MONROE POLICE DEPARTMENT                     ","West Monroe Police Department"
"8816",1967,"LA0310200","Ruston",NA,"LA","West South Central","South","LINCOLN","City","Cities from 10,000 thru 24,999",15270,17,2,19,0,0,0,17,2,19,1.24,"RUSTON POLICE DEPARTMENT                          ","Ruston Police Department"
"8817",1967,"LA0400100","Alexandria",NA,"LA","West South Central","South","RAPIDES","City","Cities from 25,000 thru 49,999",45103,60,2,62,0,0,0,60,2,62,1.37,"ALEXANDRIA POLICE DEPARTMENT                      ","Alexandria Police Department"
"8818",1967,"LA0270400","Welsh",NA,"LA","West South Central","South","JEFFERSON DAVIS","City","Cities from 2,500 thru 9,999",4128,6,0,6,0,0,0,6,0,6,1.45,"WELSH POLICE DEPARTMENT                           ","Welsh Police Department"
"8819",1967,"LA0570200","Kaplan",NA,"LA","West South Central","South","VERMILION","City","Cities from 2,500 thru 9,999",5814,10,0,10,0,0,0,10,0,10,1.72,"KAPLAN POLICE DEPARTMENT                          ","Kaplan Police Department"
"8820",1967,"LA0310000","Lincoln",NA,"LA","West South Central","South","LINCOLN","County","Non-MSA counties from 10,000 thru 24,999",15853,8,4,12,0,0,0,8,4,12,0.76,"LINCOLN PARISH SHERIFF'S OFFICE                   ","Lincoln Parish Sheriff's Office"
"8821",1967,"LA0230300","New Iberia",NA,"LA","West South Central","South","IBERIA","City","Cities from 25,000 thru 49,999",33595,28,4,32,0,0,0,28,4,32,0.95,"NEW IBERIA PD                                     ","New Iberia Police Department"
"8822",1967,"LA0090200","Vivian",NA,"LA","West South Central","South","CADDO","City","Cities from 2,500 thru 9,999",2781,4,1,5,0,0,0,4,1,5,1.8,"VIVIAN POLICE DEPARTMENT                          ","Vivian Police Department"
"8823",1967,"LA0420100","Delhi",NA,"LA","West South Central","South","RICHLAND","City","Cities from 2,500 thru 9,999",3074,3,0,3,0,0,0,3,0,3,0.98,"DELHI POLICE DEPARTMENT                           ","Delhi Police Department"
"8824",1967,"LA0290500","Thibodaux",NA,"LA","West South Central","South","LAFOURCHE","City","Cities from 10,000 thru 24,999",15572,17,8,25,0,0,0,17,8,25,1.61,"THIBODAUX POLICE DEPARTMENT                       ","Thibodaux Police Department"
"8825",1967,"LA0100300","Sulphur",NA,"LA","West South Central","South","CALCASIEU","City","Cities from 10,000 thru 24,999",13049,9,0,9,0,0,0,9,0,9,0.69,"SULPHUR POLICE DEPARTMENT                         ","Sulphur Police Department"
"8826",1967,"LA0050100","Bunkie",NA,"LA","West South Central","South","AVOYELLES","City","Cities from 2,500 thru 9,999",5591,8,0,8,0,0,0,8,0,8,1.43,"BUNKIE POLICE DEPARTMENT                          ","Bunkie Police Department"
"8827",1967,"LA0500000","St. Martin",NA,"LA","West South Central","South","ST MARTIN","County","Non-MSA counties from 25,000 thru 99,999",33419,19,0,19,0,0,0,19,0,19,0.57,"ST. MARTIN PARISH SHERIFF'S OFFICE                ","St. Martin Parish Sheriff's Office"
"8828",1967,"LA0020000","Allen",NA,"LA","West South Central","South","ALLEN","County","Non-MSA counties from 10,000 thru 24,999",22079,14,1,15,0,0,0,14,1,15,0.68,"ALLEN PARISH SHERIFF'S OFFICE                     ","Allen Parish Sheriff's Office"
"8829",1967,"LA0280000","Lafayette",NA,"LA","West South Central","South","LAFAYETTE","County","MSA counties from 25,000 thru 99,999",51653,48,2,50,0,0,0,48,2,50,0.97,"LAFAYETTE PARISH SHERIFF'S OFFICE                 ","Lafayette Parish Sheriff's Office"
"8830",1967,"LA0200200","Mamou",NA,"LA","West South Central","South","EVANGELINE","City","Cities from 2,500 thru 9,999",3486,6,4,10,0,0,0,6,4,10,2.87,"MAMOU POLICE DEPARTMENT                           ","Mamou Police Department"
"8831",1967,"LA0390100","New Roads",NA,"LA","West South Central","South","POINTE COUPEE","City","Cities from 2,500 thru 9,999",4981,5,0,5,0,0,0,5,0,5,1,"NEW ROADS POLICE DEPARTMENT                       ","New Roads Police Department"
"8832",1967,"LA0450000","St. Charles",NA,"LA","West South Central","South","ST CHARLES","County","Non-MSA counties from 25,000 thru 99,999",25006,28,4,32,0,0,0,28,4,32,1.28,"ST. CHARLES PARISH SHERIFF'S OFFICE               ","St. Charles Parish Sheriff's Office"
"8833",1967,"LA0170200","Baton Rouge",NA,"LA","West South Central","South","EAST BATON ROUGE","City","Cities from 100,000 thru 249,999",173500,284,48,332,0,0,0,284,48,332,1.91,"BATON ROUGE POLICE DEPARTMENT                     ","Baton Rouge Police Department"
"8834",1967,"LA0140100","Haynesville",NA,"LA","West South Central","South","CLAIBORNE","City","Cities from 2,500 thru 9,999",3058,4,0,4,0,0,0,4,0,4,1.31,"HAYNESVILLE POLICE DEPT                           ","Haynesville Police Police Department"
"8835",1967,"LA0540000","Tensas",NA,"LA","West South Central","South","TENSAS","County","Non-MSA counties from 10,000 thru 24,999",12879,7,0,7,0,0,0,7,0,7,0.54,"TENSAS PARISH SHERIFF'S OFFICE                    ","Tensas Parish Sheriff's Office"
"8836",1967,"LA0520000","St. Tammany",NA,"LA","West South Central","South","ST TAMMANY","County","MSA counties from 25,000 thru 99,999",43913,58,0,58,0,0,0,58,0,58,1.32,"ST. TAMMANY PARISH SHERIFF'S OFFICE               ","St. Tammany Parish Sheriff's Office"
"8837",1967,"LA0030000","Ascension",NA,"LA","West South Central","South","ASCENSION","County","Non-MSA counties from 10,000 thru 24,999",24149,27,0,27,0,0,0,27,0,27,1.12,"ASCENSION PARISH SHERIFF'S OFFICE                 ","Ascension Parish Sheriff's Office"
"8838",1967,"LA0420000","Richland",NA,"LA","West South Central","South","RICHLAND","County","Non-MSA counties from 10,000 thru 24,999",23764,12,0,12,0,0,0,12,0,12,0.5,"RICHLAND PARISH SHERIFF'S OFFICE                  ","Richland Parish Sheriff's Office"
"8839",1967,"LA0550100","Houma",NA,"LA","West South Central","South","TERREBONNE","City","Cities from 25,000 thru 49,999",27963,41,5,46,0,0,0,41,5,46,1.65,"HOUMA POLICE DEPARTMENT                           ","Houma Police Department"
"8840",1967,"LA0510100","Berwick",NA,"LA","West South Central","South","ST MARY","City","Cities from 2,500 thru 9,999",5051,3,0,3,0,0,0,3,0,3,0.59,"BERWICK POLICE DEPARTMENT                         ","Berwick Police Department"
"8841",1967,"LA0140000","Claiborne",NA,"LA","West South Central","South","CLAIBORNE","County","Non-MSA counties from 10,000 thru 24,999",17441,10,3,13,0,0,0,10,3,13,0.75,"CLAIBORNE PARISH SHERIFF'S OFFICE                 ","Claiborne Parish Sheriff's Office"
"8842",1967,"LA0090100","Shreveport",NA,"LA","West South Central","South","BOSSIER, CADDO","City","Cities from 100,000 thru 249,999",184400,270,45,315,0,0,0,270,45,315,1.71,"SHREVEPORT POLICE DEPARTMENT                      ","Shreveport Police Department"
"8843",1967,"LA0510300","Morgan City",NA,"LA","West South Central","South","ST MARY","City","Cities from 10,000 thru 24,999",16066,29,4,33,0,0,0,29,4,33,2.05,"MORGAN CITY POLICE DEPARTMENT                     ","Morgan City Police Department"
"8844",1967,"LA0530100","Hammond",NA,"LA","West South Central","South","TANGIPAHOA","City","Cities from 10,000 thru 24,999",11926,18,0,18,0,0,0,18,0,18,1.51,"HAMMOND POLICE DEPARTMENT                         ","Hammond Police Department"
"8845",1967,"LA0050200","Marksville",NA,"LA","West South Central","South","AVOYELLES","City","Cities from 2,500 thru 9,999",4742,4,8,12,0,0,0,4,8,12,2.53,"MARKSVILLE POLICE DEPARTMENT                      ","Marksville Police Department"
"8846",1967,"LA0220000","Grant",NA,"LA","West South Central","South","GRANT","County","Non-MSA counties from 10,000 thru 24,999",14391,9,3,12,0,0,0,9,3,12,0.83,"GRANT PARISH SHERIFF'S OFFICE                     ","Grant Parish Sheriff's Office"
"8847",1967,"LA0080100","Bossier City",NA,"LA","West South Central","South","BOSSIER","City","Cities from 25,000 thru 49,999",37913,48,0,48,0,0,0,48,0,48,1.27,"BOSSIER CITY POLICE DEPT                          ","Bossier City Police Police Department"
"8848",1967,"LA0460000","St. Helena",NA,"LA","West South Central","South","ST HELENA","County","Non-MSA counties from 10,000 thru 24,999",10192,8,0,8,0,0,0,8,0,8,0.78,"ST. HELENA PARISH SHERIFF'S OFFICE                ","St. Helena Parish Sheriff's Office"
"8849",1967,"LA0240200","Plaquemine",NA,"LA","West South Central","South","IBERVILLE","City","Cities from 2,500 thru 9,999",9343,10,1,11,0,0,0,10,1,11,1.18,"PLAQUEMINE POLICE DEPARTMENT                      ","Plaquemine Police Department"
"8850",1967,"LA0250100","Jonesboro",NA,"LA","West South Central","South","JACKSON","City","Cities from 2,500 thru 9,999",4353,9,0,9,0,0,0,9,0,9,2.07,"JONESBORO POLICE DEPARTMENT                       ","Jonesboro Police Department"
"8851",1967,"LA0290000","Lafourche",NA,"LA","West South Central","South","LAFOURCHE","County","Non-MSA counties from 25,000 thru 99,999",43335,89,0,89,0,0,0,89,0,89,2.05,"LAFOURCHE PARISH SHERIFF'S OFFICE                 ","Lafourche Parish Sheriff's Office"
"8852",1967,"LANPD0000","New Orleans",NA,"LA","West South Central","South","ORLEANS","City","Cities from 500,000 thru 999,999",686691,1299,219,1518,0,0,0,1299,219,1518,2.21,"NEW ORLEANS POLICE DEPARTMENT                     ","New Orleans Police Department"
"8853",1967,"LA0330000","Madison",NA,"LA","West South Central","South","MADISON","County","Non-MSA counties from 10,000 thru 24,999",18144,9,0,9,0,0,0,9,0,9,0.5,"MADISON PARISH SHERIFF'S OFFICE                   ","Madison Parish Sheriff's Office"
"8854",1967,"LA0100200","Lake Charles",NA,"LA","West South Central","South","CALCASIEU","City","Cities from 50,000 thru 99,999",77070,56,2,58,0,0,0,56,2,58,0.75,"LAKE CHARLES POLICE DEPARTMENT                    ","Lake Charles Police Department"
"8855",1967,"LA0120000","Cameron",NA,"LA","West South Central","South","CAMERON","County","Non-MSA counties under 10,000",7870,26,1,27,0,0,0,26,1,27,3.43,"CAMERON PARISH SHERIFF'S OFFICE                   ","Cameron Parish Sheriff's Office"
"8856",1967,"LA0030100","Donaldsonville",NA,"LA","West South Central","South","ASCENSION","City","Cities from 2,500 thru 9,999",7862,11,1,12,0,0,0,11,1,12,1.53,"DONALDSONVILLE PD                                 ","Donaldsonville Police Department"
"8857",1967,"LA0490100","Eunice",NA,"LA","West South Central","South","ST LANDRY","City","Cities from 10,000 thru 24,999",12755,20,0,20,0,0,0,20,0,20,1.57,"EUNICE POLICE DEPARTMENT                          ","Eunice Police Department"
"8858",1967,"LA0280300","Lafayette",NA,"LA","West South Central","South","LAFAYETTE","City","Cities from 25,000 thru 49,999",47671,60,1,61,0,0,0,60,1,61,1.28,"LAFAYETTE POLICE DEPARTMENT                       ","Lafayette Police Department"
"8859",1967,"LA0010200","Rayne",NA,"LA","West South Central","South","ACADIA","City","Cities from 10,000 thru 24,999",10456,15,1,16,0,0,0,15,1,16,1.53,"RAYNE POLICE DEPARTMENT                           ","Rayne Police Department"
"8860",1967,"LA0590100","Bogalusa",NA,"LA","West South Central","South","WASHINGTON","City","Cities from 10,000 thru 24,999",22905,35,1,36,0,0,0,35,1,36,1.57,"BOGALUSA POLICE DEPARTMENT                        ","Bogalusa Police Department"
"8861",1966,"LA0040000","Assumption",NA,"LA","West South Central","South","ASSUMPTION","County","Non-MSA counties from 10,000 thru 24,999",20080,20,2,22,0,0,0,20,2,22,1.1,"ASSUMPTION PARISH SHERIFF'S OFFICE                ","Assumption Parish Sheriff's Office"
"8862",1966,"LA0270400","Welsh",NA,"LA","West South Central","South","JEFFERSON DAVIS","City","Cities from 2,500 thru 9,999",4088,6,0,6,0,0,0,6,0,6,1.47,"WELSH POLICE DEPARTMENT                           ","Welsh Police Department"
"8863",1966,"LA0370200","West Monroe",NA,"LA","West South Central","South","OUACHITA","City","Cities from 10,000 thru 24,999",17390,25,0,25,0,0,0,25,0,25,1.44,"WEST MONROE POLICE DEPARTMENT                     ","West Monroe Police Department"
"8864",1966,"LA0090200","Vivian",NA,"LA","West South Central","South","CADDO","City","Cities from 2,500 thru 9,999",2753,2,1,3,0,0,0,2,1,3,1.09,"VIVIAN POLICE DEPARTMENT                          ","Vivian Police Department"
"8865",1966,"LA0230300","New Iberia",NA,"LA","West South Central","South","IBERIA","City","Cities from 25,000 thru 49,999",33078,39,1,40,0,0,0,39,1,40,1.21,"NEW IBERIA PD                                     ","New Iberia Police Department"
"8866",1966,"LA0310000","Lincoln",NA,"LA","West South Central","South","LINCOLN","County","Non-MSA counties from 10,000 thru 24,999",15483,6,5,11,0,0,0,6,5,11,0.71,"LINCOLN PARISH SHERIFF'S OFFICE                   ","Lincoln Parish Sheriff's Office"
"8867",1966,"LA0530100","Hammond",NA,"LA","West South Central","South","TANGIPAHOA","City","Cities from 10,000 thru 24,999",11764,19,0,19,0,0,0,19,0,19,1.62,"HAMMOND POLICE DEPARTMENT                         ","Hammond Police Department"
"8868",1966,"LA0420100","Delhi",NA,"LA","West South Central","South","RICHLAND","City","Cities from 2,500 thru 9,999",3044,3,0,3,0,0,0,3,0,3,0.99,"DELHI POLICE DEPARTMENT                           ","Delhi Police Department"
"8869",1966,"LA0380000","Plaquemines",NA,"LA","West South Central","South","PLAQUEMINES","County","Non-MSA counties from 25,000 thru 99,999",25723,35,0,35,0,0,0,35,0,35,1.36,"PLAQUEMINES PARISH SHERIFF'S OFFICE               ","Plaquemines Parish Sheriff's Office"
"8870",1966,"LA0250000","Jackson",NA,"LA","West South Central","South","JACKSON","County","Non-MSA counties from 10,000 thru 24,999",12683,16,0,16,0,0,0,16,0,16,1.26,"JACKSON PARISH SHERIFF'S OFFICE                   ","Jackson Parish Sheriff's Office"
"8871",1966,"LA0090000","Caddo",NA,"LA","West South Central","South","CADDO","County","MSA counties from 25,000 thru 99,999",82103,88,33,121,0,0,0,88,33,121,1.47,"CADDO PARISH SHERIFF'S OFFICE                     ","Caddo Parish Sheriff's Office"
"8872",1966,"LA0290500","Thibodaux",NA,"LA","West South Central","South","LAFOURCHE","City","Cities from 10,000 thru 24,999",15299,16,9,25,0,0,0,16,9,25,1.63,"THIBODAUX POLICE DEPARTMENT                       ","Thibodaux Police Department"
"8873",1966,"LA0010200","Rayne",NA,"LA","West South Central","South","ACADIA","City","Cities from 10,000 thru 24,999",10352,15,1,16,0,0,0,15,1,16,1.55,"RAYNE POLICE DEPARTMENT                           ","Rayne Police Department"
"8874",1966,"LA0490100","Eunice",NA,"LA","West South Central","South","ST LANDRY","City","Cities from 10,000 thru 24,999",12565,20,0,20,0,0,0,20,0,20,1.59,"EUNICE POLICE DEPARTMENT                          ","Eunice Police Department"
"8875",1966,"LA0060000","Beauregard",NA,"LA","West South Central","South","BEAUREGARD","County","Non-MSA counties from 10,000 thru 24,999",12623,15,1,16,0,0,0,15,1,16,1.27,"BEAUREGARD PARISH SHERIFF'S OFFICE                ","Beauregard Parish Sheriff's Office"
"8876",1966,"LA0370100","Monroe",NA,"LA","West South Central","South","OUACHITA","City","Cities from 50,000 thru 99,999",58391,59,16,75,0,0,0,59,16,75,1.28,"MONROE POLICE DEPARTMENT                          ","Monroe Police Department"
"8877",1966,"LA0390100","New Roads",NA,"LA","West South Central","South","POINTE COUPEE","City","Cities from 2,500 thru 9,999",4932,5,0,5,0,0,0,5,0,5,1.01,"NEW ROADS POLICE DEPARTMENT                       ","New Roads Police Department"
"8878",1966,"LA0280000","Lafayette",NA,"LA","West South Central","South","LAFAYETTE","County","MSA counties from 25,000 thru 99,999",48057,45,2,47,0,0,0,45,2,47,0.98,"LAFAYETTE PARISH SHERIFF'S OFFICE                 ","Lafayette Parish Sheriff's Office"
"8879",1966,"LA0200200","Mamou",NA,"LA","West South Central","South","EVANGELINE","City","Cities from 2,500 thru 9,999",3452,5,4,9,0,0,0,5,4,9,2.61,"MAMOU POLICE DEPARTMENT                           ","Mamou Police Department"
"8880",1966,"LA0510200","Franklin",NA,"LA","West South Central","South","ST MARY","City","Cities from 10,000 thru 24,999",10043,15,8,23,0,0,0,15,8,23,2.29,"FRANKLIN POLICE DEPARTMENT                        ","Franklin Police Department"
"8881",1966,"LA0370000","Ouachita",NA,"LA","West South Central","South","OUACHITA","County","MSA counties from 25,000 thru 99,999",38895,51,0,51,0,0,0,51,0,51,1.31,"OUACHITA PARISH SHERIFF'S OFFICE                  ","Ouachita Parish Sheriff's Office"
"8882",1966,"LA0080100","Bossier City",NA,"LA","West South Central","South","BOSSIER","City","Cities from 25,000 thru 49,999",37306,42,0,42,0,0,0,42,0,42,1.13,"BOSSIER CITY POLICE DEPT                          ","Bossier City Police Police Department"
"8883",1966,"LA0220000","Grant",NA,"LA","West South Central","South","GRANT","County","Non-MSA counties from 10,000 thru 24,999",14155,10,1,11,0,0,0,10,1,11,0.78,"GRANT PARISH SHERIFF'S OFFICE                     ","Grant Parish Sheriff's Office"
"8884",1966,"LA0050200","Marksville",NA,"LA","West South Central","South","AVOYELLES","City","Cities from 2,500 thru 9,999",4695,4,6,10,0,0,0,4,6,10,2.13,"MARKSVILLE POLICE DEPARTMENT                      ","Marksville Police Department"
"8885",1966,"LA0550100","Houma",NA,"LA","West South Central","South","TERREBONNE","City","Cities from 25,000 thru 49,999",27232,41,4,45,0,0,0,41,4,45,1.65,"HOUMA POLICE DEPARTMENT                           ","Houma Police Department"
"8886",1966,"LA0570200","Kaplan",NA,"LA","West South Central","South","VERMILION","City","Cities from 2,500 thru 9,999",5757,11,0,11,0,0,0,11,0,11,1.91,"KAPLAN POLICE DEPARTMENT                          ","Kaplan Police Department"
"8887",1966,"LA0330000","Madison",NA,"LA","West South Central","South","MADISON","County","Non-MSA counties from 10,000 thru 24,999",17777,9,0,9,0,0,0,9,0,9,0.51,"MADISON PARISH SHERIFF'S OFFICE                   ","Madison Parish Sheriff's Office"
"8888",1966,"LA0100200","Lake Charles",NA,"LA","West South Central","South","CALCASIEU","City","Cities from 50,000 thru 99,999",70551,50,2,52,0,0,0,50,2,52,0.74,"LAKE CHARLES POLICE DEPARTMENT                    ","Lake Charles Police Department"
"8889",1966,"LA0400100","Alexandria",NA,"LA","West South Central","South","RAPIDES","City","Cities from 25,000 thru 49,999",44555,53,2,55,0,0,0,53,2,55,1.23,"ALEXANDRIA POLICE DEPARTMENT                      ","Alexandria Police Department"
"8890",1966,"LA0100300","Sulphur",NA,"LA","West South Central","South","CALCASIEU","City","Cities from 10,000 thru 24,999",12900,6,0,6,0,0,0,6,0,6,0.47,"SULPHUR POLICE DEPARTMENT                         ","Sulphur Police Department"
"8891",1966,"LA0140000","Claiborne",NA,"LA","West South Central","South","CLAIBORNE","County","Non-MSA counties from 10,000 thru 24,999",15234,15,0,15,0,0,0,15,0,15,0.98,"CLAIBORNE PARISH SHERIFF'S OFFICE                 ","Claiborne Parish Sheriff's Office"
"8892",1966,"LA0090100","Shreveport",NA,"LA","West South Central","South","BOSSIER, CADDO","City","Cities from 100,000 thru 249,999",160535,246,40,286,0,0,0,246,40,286,1.78,"SHREVEPORT POLICE DEPARTMENT                      ","Shreveport Police Department"
"8893",1966,"LA0260000","Jefferson",NA,"LA","West South Central","South","JEFFERSON","County","MSA counties 100,000 or over",223232,231,114,345,0,0,0,231,114,345,1.55,"JEFFERSON PARISH SHERIFF'S OFFICE                 ","Jefferson Parish Sheriff's Office"
"8894",1966,"LA0100000","Calcasieu",NA,"LA","West South Central","South","CALCASIEU","County","MSA counties from 25,000 thru 99,999",80444,93,5,98,0,0,0,93,5,98,1.22,"CALCASIEU PARISH SHERIFF'S OFFICE                 ","Calcasieu Parish Sheriff's Office"
"8895",1966,"LA0030100","Donaldsonville",NA,"LA","West South Central","South","ASCENSION","City","Cities from 2,500 thru 9,999",7785,10,2,12,0,0,0,10,2,12,1.54,"DONALDSONVILLE PD                                 ","Donaldsonville Police Department"
"8896",1966,"LA0250100","Jonesboro",NA,"LA","West South Central","South","JACKSON","City","Cities from 2,500 thru 9,999",4310,9,0,9,0,0,0,9,0,9,2.09,"JONESBORO POLICE DEPARTMENT                       ","Jonesboro Police Department"
"8897",1966,"LA0290000","Lafourche",NA,"LA","West South Central","South","LAFOURCHE","County","Non-MSA counties from 25,000 thru 99,999",41777,75,0,75,0,0,0,75,0,75,1.8,"LAFOURCHE PARISH SHERIFF'S OFFICE                 ","Lafourche Parish Sheriff's Office"
"8898",1966,"LA0240200","Plaquemine",NA,"LA","West South Central","South","IBERVILLE","City","Cities from 2,500 thru 9,999",9250,11,1,12,0,0,0,11,1,12,1.3,"PLAQUEMINE POLICE DEPARTMENT                      ","Plaquemine Police Department"
"8899",1966,"LA0140100","Haynesville",NA,"LA","West South Central","South","CLAIBORNE","City","Cities from 2,500 thru 9,999",3028,4,0,4,0,0,0,4,0,4,1.32,"HAYNESVILLE POLICE DEPT                           ","Haynesville Police Police Department"
"8900",1966,"LA0170200","Baton Rouge",NA,"LA","West South Central","South","EAST BATON ROUGE","City","Cities from 100,000 thru 249,999",167798,271,47,318,0,0,0,271,47,318,1.9,"BATON ROUGE POLICE DEPARTMENT                     ","Baton Rouge Police Department"
"8901",1966,"LA0520000","St. Tammany",NA,"LA","West South Central","South","ST TAMMANY","County","MSA counties from 25,000 thru 99,999",49000,46,3,49,0,0,0,46,3,49,1,"ST. TAMMANY PARISH SHERIFF'S OFFICE               ","St. Tammany Parish Sheriff's Office"
"8902",1966,"LA0540000","Tensas",NA,"LA","West South Central","South","TENSAS","County","Non-MSA counties from 10,000 thru 24,999",12682,1,0,1,0,0,0,1,0,1,0.08,"TENSAS PARISH SHERIFF'S OFFICE                    ","Tensas Parish Sheriff's Office"
"8903",1966,"LA0030000","Ascension",NA,"LA","West South Central","South","ASCENSION","County","Non-MSA counties from 10,000 thru 24,999",23451,23,0,23,0,0,0,23,0,23,0.98,"ASCENSION PARISH SHERIFF'S OFFICE                 ","Ascension Parish Sheriff's Office"
"8904",1966,"LA0120000","Cameron",NA,"LA","West South Central","South","CAMERON","County","Non-MSA counties under 10,000",7721,27,1,28,0,0,0,27,1,28,3.63,"CAMERON PARISH SHERIFF'S OFFICE                   ","Cameron Parish Sheriff's Office"
"8905",1965,"LA0100300","Sulphur",NA,"LA","West South Central","South","CALCASIEU","City","Cities from 10,000 thru 24,999",16606,8,0,8,0,0,0,8,0,8,0.48,"SULPHUR POLICE DEPARTMENT                         ","Sulphur Police Department"
"8906",1965,"LA0290000","Lafourche",NA,"LA","West South Central","South","LAFOURCHE","County","Non-MSA counties from 25,000 thru 99,999",41532,45,0,45,0,0,0,45,0,45,1.08,"LAFOURCHE PARISH SHERIFF'S OFFICE                 ","Lafourche Parish Sheriff's Office"
"8907",1965,"LA0120000","Cameron",NA,"LA","West South Central","South","CAMERON","County","Non-MSA counties under 10,000",7493,21,0,21,0,0,0,21,0,21,2.8,"CAMERON PARISH SHERIFF'S OFFICE                   ","Cameron Parish Sheriff's Office"
"8908",1965,"LANPD0000","New Orleans",NA,"LA","West South Central","South","ORLEANS","City","Cities from 500,000 thru 999,999",663397,1087,162,1249,0,0,0,1087,162,1249,1.88,"NEW ORLEANS POLICE DEPARTMENT                     ","New Orleans Police Department"
"8909",1965,"LA0330000","Madison",NA,"LA","West South Central","South","MADISON","County","Non-MSA counties from 10,000 thru 24,999",16813,10,0,10,0,0,0,10,0,10,0.59,"MADISON PARISH SHERIFF'S OFFICE                   ","Madison Parish Sheriff's Office"
"8910",1965,"LA0100200","Lake Charles",NA,"LA","West South Central","South","CALCASIEU","City","Cities from 50,000 thru 99,999",70000,47,2,49,0,0,0,47,2,49,0.7,"LAKE CHARLES POLICE DEPARTMENT                    ","Lake Charles Police Department"
"8911",1965,"LA0570200","Kaplan",NA,"LA","West South Central","South","VERMILION","City","Cities from 2,500 thru 9,999",5678,8,0,8,0,0,0,8,0,8,1.41,"KAPLAN POLICE DEPARTMENT                          ","Kaplan Police Department"
"8912",1965,"LA0240000","Iberville",NA,"LA","West South Central","South","IBERVILLE","County","Non-MSA counties from 10,000 thru 24,999",23313,16,0,16,0,0,0,16,0,16,0.69,"IBERVILLE PARISH SHERIFF'S OFFICE                 ","Iberville Parish Sheriff's Office"
"8913",1965,"LA0040000","Assumption",NA,"LA","West South Central","South","ASSUMPTION","County","Non-MSA counties from 10,000 thru 24,999",19189,20,2,22,0,0,0,20,2,22,1.15,"ASSUMPTION PARISH SHERIFF'S OFFICE                ","Assumption Parish Sheriff's Office"
"8914",1965,"LA0270400","Welsh",NA,"LA","West South Central","South","JEFFERSON DAVIS","City","Cities from 2,500 thru 9,999",3965,6,0,6,0,0,0,6,0,6,1.51,"WELSH POLICE DEPARTMENT                           ","Welsh Police Department"
"8915",1965,"LA0290500","Thibodaux",NA,"LA","West South Central","South","LAFOURCHE","City","Cities from 10,000 thru 24,999",14600,21,2,23,0,0,0,21,2,23,1.58,"THIBODAUX POLICE DEPARTMENT                       ","Thibodaux Police Department"
"8916",1965,"LA0550100","Houma",NA,"LA","West South Central","South","TERREBONNE","City","Cities from 25,000 thru 49,999",30500,42,4,46,0,0,0,42,4,46,1.51,"HOUMA POLICE DEPARTMENT                           ","Houma Police Department"
"8917",1965,"LA0250100","Jonesboro",NA,"LA","West South Central","South","JACKSON","City","Cities from 2,500 thru 9,999",4233,9,0,9,0,0,0,9,0,9,2.13,"JONESBORO POLICE DEPARTMENT                       ","Jonesboro Police Department"
"8918",1965,"LA0190000","East Feliciana",NA,"LA","West South Central","South","EAST FELICIANA","County","Non-MSA counties from 10,000 thru 24,999",21176,6,1,7,0,0,0,6,1,7,0.33,"EAST FELICIANA PARISH SHERIFF'S OFFICE            ","East Feliciana Parish Sheriff's Office"
"8919",1965,"LA0240200","Plaquemine",NA,"LA","West South Central","South","IBERVILLE","City","Cities from 2,500 thru 9,999",8988,11,2,13,0,0,0,11,2,13,1.45,"PLAQUEMINE POLICE DEPARTMENT                      ","Plaquemine Police Department"
"8920",1965,"LA0390100","New Roads",NA,"LA","West South Central","South","POINTE COUPEE","City","Cities from 2,500 thru 9,999",4774,5,0,5,0,0,0,5,0,5,1.05,"NEW ROADS POLICE DEPARTMENT                       ","New Roads Police Department"
"8921",1965,"LA0280000","Lafayette",NA,"LA","West South Central","South","LAFAYETTE","County","MSA counties from 25,000 thru 99,999",43078,34,10,44,0,0,0,34,10,44,1.02,"LAFAYETTE PARISH SHERIFF'S OFFICE                 ","Lafayette Parish Sheriff's Office"
"8922",1965,"LA0490200","Opelousas",NA,"LA","West South Central","South","ST LANDRY","City","Cities from 10,000 thru 24,999",19476,28,0,28,0,0,0,28,0,28,1.44,"OPELOUSAS POLICE DEPARTMENT                       ","Opelousas Police Department"
"8923",1965,"LA0400100","Alexandria",NA,"LA","West South Central","South","RAPIDES","City","Cities from 25,000 thru 49,999",42350,53,2,55,0,0,0,53,2,55,1.3,"ALEXANDRIA POLICE DEPARTMENT                      ","Alexandria Police Department"
"8924",1965,"LA0550000","Terrebonne",NA,"LA","West South Central","South","TERREBONNE","County","Non-MSA counties from 25,000 thru 99,999",39562,22,7,29,0,0,0,22,7,29,0.73,"TERREBONNE PARISH SHERIFF'S OFFICE                ","Terrebonne Parish Sheriff's Office"
"8925",1965,"LA0010200","Rayne",NA,"LA","West South Central","South","ACADIA","City","Cities from 10,000 thru 24,999",10067,15,2,17,0,0,0,15,2,17,1.69,"RAYNE POLICE DEPARTMENT                           ","Rayne Police Department"
"8926",1965,"LA0530100","Hammond",NA,"LA","West South Central","South","TANGIPAHOA","City","Cities from 10,000 thru 24,999",11834,18,0,18,0,0,0,18,0,18,1.52,"HAMMOND POLICE DEPARTMENT                         ","Hammond Police Department"
"8927",1965,"LA0380000","Plaquemines",NA,"LA","West South Central","South","PLAQUEMINES","County","Non-MSA counties from 25,000 thru 99,999",26073,36,3,39,0,0,0,36,3,39,1.5,"PLAQUEMINES PARISH SHERIFF'S OFFICE               ","Plaquemines Parish Sheriff's Office"
"8928",1965,"LA0310000","Lincoln",NA,"LA","West South Central","South","LINCOLN","County","Non-MSA counties from 10,000 thru 24,999",15205,5,5,10,0,0,0,5,5,10,0.66,"LINCOLN PARISH SHERIFF'S OFFICE                   ","Lincoln Parish Sheriff's Office"
"8929",1965,"LA0230300","New Iberia",NA,"LA","West South Central","South","IBERIA","City","Cities from 25,000 thru 49,999",32217,31,1,32,0,0,0,31,1,32,0.99,"NEW IBERIA PD                                     ","New Iberia Police Department"
"8930",1965,"LA0600200","Springhill",NA,"LA","West South Central","South","WEBSTER","City","Cities from 2,500 thru 9,999",9347,9,0,9,0,0,0,9,0,9,0.96,"SPRINGHILL POLICE DEPARTMENT                      ","Springhill Police Department"
"8931",1965,"LA0600100","Minden",NA,"LA","West South Central","South","WEBSTER","City","Cities from 10,000 thru 24,999",13360,12,0,12,0,0,0,12,0,12,0.9,"MINDEN POLICE DEPARTMENT                          ","Minden Police Department"
"8932",1965,"LA0090200","Vivian",NA,"LA","West South Central","South","CADDO","City","Cities from 2,500 thru 9,999",2732,3,1,4,0,0,0,3,1,4,1.46,"VIVIAN POLICE DEPARTMENT                          ","Vivian Police Department"
"8933",1965,"LA0060100","De Ridder",NA,"LA","West South Central","South","BEAUREGARD","City","Cities from 2,500 thru 9,999",8051,10,1,11,0,0,0,10,1,11,1.37,"DERIDDER POLICE DEPARTMENT                        ","Deridder Police Department"
"8934",1965,"LA0250000","Jackson",NA,"LA","West South Central","South","JACKSON","County","Non-MSA counties from 10,000 thru 24,999",12291,14,0,14,0,0,0,14,0,14,1.14,"JACKSON PARISH SHERIFF'S OFFICE                   ","Jackson Parish Sheriff's Office"
"8935",1965,"LA0090000","Caddo",NA,"LA","West South Central","South","CADDO","County","MSA counties from 25,000 thru 99,999",65534,81,31,112,0,0,0,81,31,112,1.71,"CADDO PARISH SHERIFF'S OFFICE                     ","Caddo Parish Sheriff's Office"
"8936",1965,"LA0140000","Claiborne",NA,"LA","West South Central","South","CLAIBORNE","County","Non-MSA counties from 10,000 thru 24,999",15671,8,3,11,0,0,0,8,3,11,0.7,"CLAIBORNE PARISH SHERIFF'S OFFICE                 ","Claiborne Parish Sheriff's Office"
"8937",1965,"LA0080000","Bossier",NA,"LA","West South Central","South","BOSSIER","County","MSA counties from 25,000 thru 99,999",26692,28,0,28,0,0,0,28,0,28,1.05,"BOSSIER PARISH SHERIFF'S OFFICE                   ","Bossier Parish Sheriff's Office"
"8938",1965,"LA0090100","Shreveport",NA,"LA","West South Central","South","BOSSIER, CADDO","City","Cities from 100,000 thru 249,999",177169,222,32,254,0,0,0,222,32,254,1.43,"SHREVEPORT POLICE DEPARTMENT                      ","Shreveport Police Department"
"8939",1965,"LA0030000","Ascension",NA,"LA","West South Central","South","ASCENSION","County","Non-MSA counties from 10,000 thru 24,999",23426,31,0,31,0,0,0,31,0,31,1.32,"ASCENSION PARISH SHERIFF'S OFFICE                 ","Ascension Parish Sheriff's Office"
"8940",1965,"LA0540000","Tensas",NA,"LA","West South Central","South","TENSAS","County","Non-MSA counties from 10,000 thru 24,999",12017,4,0,4,0,0,0,4,0,4,0.33,"TENSAS PARISH SHERIFF'S OFFICE                    ","Tensas Parish Sheriff's Office"
"8941",1965,"LA0520000","St. Tammany",NA,"LA","West South Central","South","ST TAMMANY","County","MSA counties from 25,000 thru 99,999",48435,53,0,53,0,0,0,53,0,53,1.09,"ST. TAMMANY PARISH SHERIFF'S OFFICE               ","St. Tammany Parish Sheriff's Office"
"8942",1965,"LA0170200","Baton Rouge",NA,"LA","West South Central","South","EAST BATON ROUGE","City","Cities from 100,000 thru 249,999",166390,271,37,308,0,0,0,271,37,308,1.85,"BATON ROUGE POLICE DEPARTMENT                     ","Baton Rouge Police Department"
"8943",1965,"LA0140100","Haynesville",NA,"LA","West South Central","South","CLAIBORNE","City","Cities from 2,500 thru 9,999",3028,4,0,4,0,0,0,4,0,4,1.32,"HAYNESVILLE POLICE DEPT                           ","Haynesville Police Police Department"
"8944",1965,"LA0370100","Monroe",NA,"LA","West South Central","South","OUACHITA","City","Cities from 50,000 thru 99,999",58645,71,12,83,0,0,0,71,12,83,1.42,"MONROE POLICE DEPARTMENT                          ","Monroe Police Department"
"8945",1965,"LA0370200","West Monroe",NA,"LA","West South Central","South","OUACHITA","City","Cities from 10,000 thru 24,999",17649,24,2,26,0,0,0,24,2,26,1.47,"WEST MONROE POLICE DEPARTMENT                     ","West Monroe Police Department"
"8946",1965,"LA0100000","Calcasieu",NA,"LA","West South Central","South","CALCASIEU","County","MSA counties from 25,000 thru 99,999",76358,128,49,177,0,0,0,128,49,177,2.32,"CALCASIEU PARISH SHERIFF'S OFFICE                 ","Calcasieu Parish Sheriff's Office"
"8947",1965,"LA0490100","Eunice",NA,"LA","West South Central","South","ST LANDRY","City","Cities from 10,000 thru 24,999",12515,19,0,19,0,0,0,19,0,19,1.52,"EUNICE POLICE DEPARTMENT                          ","Eunice Police Department"
"8948",1965,"LA0060000","Beauregard",NA,"LA","West South Central","South","BEAUREGARD","County","Non-MSA counties from 10,000 thru 24,999",12316,16,0,16,0,0,0,16,0,16,1.3,"BEAUREGARD PARISH SHERIFF'S OFFICE                ","Beauregard Parish Sheriff's Office"
"8949",1965,"LA0260000","Jefferson",NA,"LA","West South Central","South","JEFFERSON","County","MSA counties 100,000 or over",227561,271,58,329,0,0,0,271,58,329,1.45,"JEFFERSON PARISH SHERIFF'S OFFICE                 ","Jefferson Parish Sheriff's Office"
"8950",1965,"LA0510200","Franklin",NA,"LA","West South Central","South","ST MARY","City","Cities from 2,500 thru 9,999",9844,14,3,17,0,0,0,14,3,17,1.73,"FRANKLIN POLICE DEPARTMENT                        ","Franklin Police Department"
"8951",1965,"LA0170000","East Baton Rouge",NA,"LA","West South Central","South","EAST BATON ROUGE","County","MSA counties from 25,000 thru 99,999",93278,185,0,185,0,0,0,185,0,185,1.98,"EAST BATON ROUGE PARISH SHERIFF'S OFFICE          ","East Baton Rouge Parish Sheriff's Office"
"8952",1965,"LA0220000","Grant",NA,"LA","West South Central","South","GRANT","County","Non-MSA counties from 10,000 thru 24,999",13549,10,2,12,0,0,0,10,2,12,0.89,"GRANT PARISH SHERIFF'S OFFICE                     ","Grant Parish Sheriff's Office"
"8953",1965,"LA0080100","Bossier City",NA,"LA","West South Central","South","BOSSIER","City","Cities from 25,000 thru 49,999",36300,38,0,38,0,0,0,38,0,38,1.05,"BOSSIER CITY POLICE DEPT                          ","Bossier City Police Police Department"
"8954",1965,"LA0050200","Marksville",NA,"LA","West South Central","South","AVOYELLES","City","Cities from 2,500 thru 9,999",4623,3,4,7,0,0,0,3,4,7,1.51,"MARKSVILLE POLICE DEPARTMENT                      ","Marksville Police Department"
"8955",1965,"LA0370000","Ouachita",NA,"LA","West South Central","South","OUACHITA","County","MSA counties from 25,000 thru 99,999",37578,48,0,48,0,0,0,48,0,48,1.28,"OUACHITA PARISH SHERIFF'S OFFICE                  ","Ouachita Parish Sheriff's Office"
"8956",1965,"LA0030100","Donaldsonville",NA,"LA","West South Central","South","ASCENSION","City","Cities from 2,500 thru 9,999",7499,16,0,16,0,0,0,16,0,16,2.13,"DONALDSONVILLE PD                                 ","Donaldsonville Police Department"
"8957",1965,"LA0390000","Pointe Coupee",NA,"LA","West South Central","South","POINTE COUPEE","County","Non-MSA counties from 10,000 thru 24,999",18972,8,1,9,0,0,0,8,1,9,0.47,"POINTE COUPEE PARISH SHERIFF'S OFFICE             ","Pointe Coupee Parish Sheriff's Office"
"8958",1965,"LA0500000","St. Martin",NA,"LA","West South Central","South","ST MARTIN","County","Non-MSA counties from 25,000 thru 99,999",31513,16,4,20,0,0,0,16,4,20,0.63,"ST. MARTIN PARISH SHERIFF'S OFFICE                ","St. Martin Parish Sheriff's Office"
"8959",1965,"LA0200200","Mamou",NA,"LA","West South Central","South","EVANGELINE","City","Cities from 2,500 thru 9,999",3367,5,4,9,0,0,0,5,4,9,2.67,"MAMOU POLICE DEPARTMENT                           ","Mamou Police Department"
"8960",1964,"LA0590100","Bogalusa",NA,"LA","West South Central","South","WASHINGTON","City","Cities from 10,000 thru 24,999",22321,28,2,30,0,0,0,28,2,30,1.34,"BOGALUSA POLICE DEPARTMENT                        ","Bogalusa Police Department"
"8961",1964,"LA0350000","Natchitoches",NA,"LA","West South Central","South","NATCHITOCHES","County","Non-MSA counties from 10,000 thru 24,999",21977,14,0,14,0,0,0,14,0,14,0.64,"NATCHITOCHES PARISH SHERIFF'S OFFICE              ","Natchitoches Parish Sheriff's Office"
"8962",1964,"LA0610100","Port Allen",NA,"LA","West South Central","South","WEST BATON ROUGE","City","Cities from 2,500 thru 9,999",6208,6,0,6,0,0,0,6,0,6,0.97,"PORT ALLEN POLICE DEPARTMENT                      ","Port Allen Police Department"
"8963",1964,"LA0290000","Lafourche",NA,"LA","West South Central","South","LAFOURCHE","County","Non-MSA counties from 25,000 thru 99,999",40176,45,3,48,0,0,0,45,3,48,1.19,"LAFOURCHE PARISH SHERIFF'S OFFICE                 ","Lafourche Parish Sheriff's Office"
"8964",1964,"LA0570200","Kaplan",NA,"LA","West South Central","South","VERMILION","City","Cities from 2,500 thru 9,999",5532,8,0,8,0,0,0,8,0,8,1.45,"KAPLAN POLICE DEPARTMENT                          ","Kaplan Police Department"
"8965",1964,"LA0120000","Cameron",NA,"LA","West South Central","South","CAMERON","County","Non-MSA counties under 10,000",7283,22,0,22,0,0,0,22,0,22,3.02,"CAMERON PARISH SHERIFF'S OFFICE                   ","Cameron Parish Sheriff's Office"
"8966",1964,"LA0280000","Lafayette",NA,"LA","West South Central","South","LAFAYETTE","County","MSA counties from 25,000 thru 99,999",40779,26,4,30,0,0,0,26,4,30,0.74,"LAFAYETTE PARISH SHERIFF'S OFFICE                 ","Lafayette Parish Sheriff's Office"
"8967",1964,"LA0200200","Mamou",NA,"LA","West South Central","South","EVANGELINE","City","Cities from 2,500 thru 9,999",3243,5,4,9,0,0,0,5,4,9,2.78,"MAMOU POLICE DEPARTMENT                           ","Mamou Police Department"
"8968",1964,"LA0390100","New Roads",NA,"LA","West South Central","South","POINTE COUPEE","City","Cities from 2,500 thru 9,999",4560,4,0,4,0,0,0,4,0,4,0.88,"NEW ROADS POLICE DEPARTMENT                       ","New Roads Police Department"
"8969",1964,"LA0400100","Alexandria",NA,"LA","West South Central","South","RAPIDES","City","Cities from 25,000 thru 49,999",40945,53,0,53,0,0,0,53,0,53,1.29,"ALEXANDRIA POLICE DEPARTMENT                      ","Alexandria Police Department"
"8970",1964,"LA0290500","Thibodaux",NA,"LA","West South Central","South","LAFOURCHE","City","Cities from 10,000 thru 24,999",14242,19,3,22,0,0,0,19,3,22,1.54,"THIBODAUX POLICE DEPARTMENT                       ","Thibodaux Police Department"
"8971",1964,"LA0040000","Assumption",NA,"LA","West South Central","South","ASSUMPTION","County","Non-MSA counties from 10,000 thru 24,999",18768,21,2,23,0,0,0,21,2,23,1.23,"ASSUMPTION PARISH SHERIFF'S OFFICE                ","Assumption Parish Sheriff's Office"
"8972",1964,"LA0330000","Madison",NA,"LA","West South Central","South","MADISON","County","Non-MSA counties from 10,000 thru 24,999",16645,9,0,9,0,0,0,9,0,9,0.54,"MADISON PARISH SHERIFF'S OFFICE                   ","Madison Parish Sheriff's Office"
"8973",1964,"LA0370000","Ouachita",NA,"LA","West South Central","South","OUACHITA","County","MSA counties from 25,000 thru 99,999",38501,52,0,52,0,0,0,52,0,52,1.35,"OUACHITA PARISH SHERIFF'S OFFICE                  ","Ouachita Parish Sheriff's Office"
"8974",1964,"LANPD0000","New Orleans",NA,"LA","West South Central","South","ORLEANS","City","Cities from 500,000 thru 999,999",656098,1045,127,1172,0,0,0,1045,127,1172,1.79,"NEW ORLEANS POLICE DEPARTMENT                     ","New Orleans Police Department"
"8975",1964,"LA0100200","Lake Charles",NA,"LA","West South Central","South","CALCASIEU","City","Cities from 50,000 thru 99,999",69226,46,2,48,0,0,0,46,2,48,0.69,"LAKE CHARLES POLICE DEPARTMENT                    ","Lake Charles Police Department"
"8976",1964,"LA0170200","Baton Rouge",NA,"LA","West South Central","South","EAST BATON ROUGE","City","Cities from 100,000 thru 249,999",160218,267,32,299,0,0,0,267,32,299,1.87,"BATON ROUGE POLICE DEPARTMENT                     ","Baton Rouge Police Department"
"8977",1964,"LA0140100","Haynesville",NA,"LA","West South Central","South","CLAIBORNE","City","Cities from 2,500 thru 9,999",2998,4,0,4,0,0,0,4,0,4,1.33,"HAYNESVILLE POLICE DEPT                           ","Haynesville Police Police Department"
"8978",1964,"LA0090200","Vivian",NA,"LA","West South Central","South","CADDO","City","Cities from 2,500 thru 9,999",2681,4,1,5,0,0,0,4,1,5,1.86,"VIVIAN POLICE DEPARTMENT                          ","Vivian Police Department"
"8979",1964,"LA0090000","Caddo",NA,"LA","West South Central","South","CADDO","County","MSA counties from 25,000 thru 99,999",66119,81,36,117,0,0,0,81,36,117,1.77,"CADDO PARISH SHERIFF'S OFFICE                     ","Caddo Parish Sheriff's Office"
"8980",1964,"LA0250000","Jackson",NA,"LA","West South Central","South","JACKSON","County","Non-MSA counties from 10,000 thru 24,999",12279,14,0,14,0,0,0,14,0,14,1.14,"JACKSON PARISH SHERIFF'S OFFICE                   ","Jackson Parish Sheriff's Office"
"8981",1964,"LA0370200","West Monroe",NA,"LA","West South Central","South","OUACHITA","City","Cities from 10,000 thru 24,999",16251,23,2,25,0,0,0,23,2,25,1.54,"WEST MONROE POLICE DEPARTMENT                     ","West Monroe Police Department"
"8982",1964,"LA0060100","De Ridder",NA,"LA","West South Central","South","BEAUREGARD","City","Cities from 2,500 thru 9,999",7791,11,0,11,0,0,0,11,0,11,1.41,"DERIDDER POLICE DEPARTMENT                        ","Deridder Police Department"
"8983",1964,"LA0250100","Jonesboro",NA,"LA","West South Central","South","JACKSON","City","Cities from 2,500 thru 9,999",4110,6,0,6,0,0,0,6,0,6,1.46,"JONESBORO POLICE DEPARTMENT                       ","Jonesboro Police Department"
"8984",1964,"LA0240200","Plaquemine",NA,"LA","West South Central","South","IBERVILLE","City","Cities from 2,500 thru 9,999",8631,14,0,14,0,0,0,14,0,14,1.62,"PLAQUEMINE POLICE DEPARTMENT                      ","Plaquemine Police Department"
"8985",1964,"LA0190000","East Feliciana",NA,"LA","West South Central","South","EAST FELICIANA","County","Non-MSA counties from 10,000 thru 24,999",20994,7,1,8,0,0,0,7,1,8,0.38,"EAST FELICIANA PARISH SHERIFF'S OFFICE            ","East Feliciana Parish Sheriff's Office"
"8986",1964,"LA0090100","Shreveport",NA,"LA","West South Central","South","BOSSIER, CADDO","City","Cities from 100,000 thru 249,999",171654,220,33,253,0,0,0,220,33,253,1.47,"SHREVEPORT POLICE DEPARTMENT                      ","Shreveport Police Department"
"8987",1964,"LA0080000","Bossier",NA,"LA","West South Central","South","BOSSIER","County","MSA counties from 25,000 thru 99,999",25693,31,0,31,0,0,0,31,0,31,1.21,"BOSSIER PARISH SHERIFF'S OFFICE                   ","Bossier Parish Sheriff's Office"
"8988",1964,"LA0290100","Golden Meadow",NA,"LA","West South Central","South","LAFOURCHE","City","Cities from 2,500 thru 9,999",3553,2,0,2,0,0,0,2,0,2,0.56,"GOLDEN MEADOW POLICE DEPARTMENT                   ","Golden Meadow Police Department"
"8989",1964,"LA0340100","Bastrop",NA,"LA","West South Central","South","MOREHOUSE","City","Cities from 10,000 thru 24,999",16075,16,5,21,0,0,0,16,5,21,1.31,"BASTROP POLICE DEPARTMENT                         ","Bastrop Police Department"
"8990",1964,"LA0600200","Springhill",NA,"LA","West South Central","South","WEBSTER","City","Cities from 2,500 thru 9,999",8665,8,0,8,0,0,0,8,0,8,0.92,"SPRINGHILL POLICE DEPARTMENT                      ","Springhill Police Department"
"8991",1964,"LA0540000","Tensas",NA,"LA","West South Central","South","TENSAS","County","Non-MSA counties from 10,000 thru 24,999",11940,7,0,7,0,0,0,7,0,7,0.59,"TENSAS PARISH SHERIFF'S OFFICE                    ","Tensas Parish Sheriff's Office"
"8992",1964,"LA0030000","Ascension",NA,"LA","West South Central","South","ASCENSION","County","Non-MSA counties from 10,000 thru 24,999",22878,32,0,32,0,0,0,32,0,32,1.4,"ASCENSION PARISH SHERIFF'S OFFICE                 ","Ascension Parish Sheriff's Office"
"8993",1964,"LA0630000","West Feliciana",NA,"LA","West South Central","South","WEST FELICIANA","County","Non-MSA counties from 10,000 thru 24,999",12951,9,0,9,0,0,0,9,0,9,0.69,"WEST FELICIANA PARISH SHERIFF'S OFFICE            ","West Feliciana Parish Sheriff's Office"
"8994",1964,"LA0530000","Tangipahoa",NA,"LA","West South Central","South","TANGIPAHOA","County","Non-MSA counties from 25,000 thru 99,999",48185,22,0,22,0,0,0,22,0,22,0.46,"TANGIPAHOA PARISH SHERIFF'S OFFICE                ","Tangipahoa Parish Sheriff's Office"
"8995",1964,"LA0490100","Eunice",NA,"LA","West South Central","South","ST LANDRY","City","Cities from 10,000 thru 24,999",12142,18,1,19,0,0,0,18,1,19,1.56,"EUNICE POLICE DEPARTMENT                          ","Eunice Police Department"
"8996",1964,"LA0010200","Rayne",NA,"LA","West South Central","South","ACADIA","City","Cities from 2,500 thru 9,999",9666,13,1,14,0,0,0,13,1,14,1.45,"RAYNE POLICE DEPARTMENT                           ","Rayne Police Department"
"8997",1964,"LA0060000","Beauregard",NA,"LA","West South Central","South","BEAUREGARD","County","Non-MSA counties from 10,000 thru 24,999",12150,16,0,16,0,0,0,16,0,16,1.32,"BEAUREGARD PARISH SHERIFF'S OFFICE                ","Beauregard Parish Sheriff's Office"
"8998",1964,"LA0370100","Monroe",NA,"LA","West South Central","South","OUACHITA","City","Cities from 50,000 thru 99,999",55483,62,7,69,0,0,0,62,7,69,1.24,"MONROE POLICE DEPARTMENT                          ","Monroe Police Department"
"8999",1964,"LA0230300","New Iberia",NA,"LA","West South Central","South","IBERIA","City","Cities from 25,000 thru 49,999",33371,31,0,31,0,0,0,31,0,31,0.93,"NEW IBERIA PD                                     ","New Iberia Police Department"
"9000",1964,"LA0050200","Marksville",NA,"LA","West South Central","South","AVOYELLES","City","Cities from 2,500 thru 9,999",4496,4,0,4,0,0,0,4,0,4,0.89,"MARKSVILLE POLICE DEPARTMENT                      ","Marksville Police Department"
"9001",1964,"LA0220000","Grant",NA,"LA","West South Central","South","GRANT","County","Non-MSA counties from 10,000 thru 24,999",13541,10,2,12,0,0,0,10,2,12,0.89,"GRANT PARISH SHERIFF'S OFFICE                     ","Grant Parish Sheriff's Office"
"9002",1964,"LA0080100","Bossier City",NA,"LA","West South Central","South","BOSSIER","City","Cities from 25,000 thru 49,999",35011,39,0,39,0,0,0,39,0,39,1.11,"BOSSIER CITY POLICE DEPT                          ","Bossier City Police Police Department"
"9003",1964,"LA0310000","Lincoln",NA,"LA","West South Central","South","LINCOLN","County","Non-MSA counties from 10,000 thru 24,999",15307,7,4,11,0,0,0,7,4,11,0.72,"LINCOLN PARISH SHERIFF'S OFFICE                   ","Lincoln Parish Sheriff's Office"
"9004",1964,"LA0530100","Hammond",NA,"LA","West South Central","South","TANGIPAHOA","City","Cities from 10,000 thru 24,999",11226,15,0,15,0,0,0,15,0,15,1.34,"HAMMOND POLICE DEPARTMENT                         ","Hammond Police Department"
"9005",1964,"LA0030100","Donaldsonville",NA,"LA","West South Central","South","ASCENSION","City","Cities from 2,500 thru 9,999",7134,12,0,12,0,0,0,12,0,12,1.68,"DONALDSONVILLE PD                                 ","Donaldsonville Police Department"
"9006",1964,"LA0390000","Pointe Coupee",NA,"LA","West South Central","South","POINTE COUPEE","County","Non-MSA counties from 10,000 thru 24,999",18775,8,0,8,0,0,0,8,0,8,0.43,"POINTE COUPEE PARISH SHERIFF'S OFFICE             ","Pointe Coupee Parish Sheriff's Office"
"9007",1963,"LA0220000","Grant",NA,"LA","West South Central","South","GRANT","County","Non-MSA counties from 10,000 thru 24,999",13495,7,3,10,0,0,0,7,3,10,0.74,"GRANT PARISH SHERIFF'S OFFICE                     ","Grant Parish Sheriff's Office"
"9008",1963,"LA0470000","St. James",NA,"LA","West South Central","South","ST JAMES","County","Non-MSA counties from 10,000 thru 24,999",19430,10,4,14,0,0,0,10,4,14,0.72,"ST. JAMES PARISH SHERIFF'S OFFICE                 ","St. James Parish Sheriff's Office"
"9009",1963,"LA0050200","Marksville",NA,"LA","West South Central","South","AVOYELLES","City","Cities from 2,500 thru 9,999",4534,4,0,4,0,0,0,4,0,4,0.88,"MARKSVILLE POLICE DEPARTMENT                      ","Marksville Police Department"
"9010",1963,"LA0370000","Ouachita",NA,"LA","West South Central","South","OUACHITA","County","MSA counties from 25,000 thru 99,999",36922,42,0,42,0,0,0,42,0,42,1.14,"OUACHITA PARISH SHERIFF'S OFFICE                  ","Ouachita Parish Sheriff's Office"
"9011",1963,"LA0510200","Franklin",NA,"LA","West South Central","South","ST MARY","City","Cities from 10,000 thru 24,999",10333,11,2,13,0,0,0,11,2,13,1.26,"FRANKLIN POLICE DEPARTMENT                        ","Franklin Police Department"
"9012",1963,"LA0390000","Pointe Coupee",NA,"LA","West South Central","South","POINTE COUPEE","County","Non-MSA counties from 10,000 thru 24,999",18425,8,5,13,0,0,0,8,5,13,0.71,"POINTE COUPEE PARISH SHERIFF'S OFFICE             ","Pointe Coupee Parish Sheriff's Office"
"9013",1963,"LA0590100","Bogalusa",NA,"LA","West South Central","South","WASHINGTON","City","Cities from 10,000 thru 24,999",22105,27,0,27,0,0,0,27,0,27,1.22,"BOGALUSA POLICE DEPARTMENT                        ","Bogalusa Police Department"
"9014",1963,"LA0350000","Natchitoches",NA,"LA","West South Central","South","NATCHITOCHES","County","Non-MSA counties from 10,000 thru 24,999",22129,14,0,14,0,0,0,14,0,14,0.63,"NATCHITOCHES PARISH SHERIFF'S OFFICE              ","Natchitoches Parish Sheriff's Office"
"9015",1963,"LA0030100","Donaldsonville",NA,"LA","West South Central","South","ASCENSION","City","Cities from 2,500 thru 9,999",7424,10,0,10,0,0,0,10,0,10,1.35,"DONALDSONVILLE PD                                 ","Donaldsonville Police Department"
"9016",1963,"LA0200200","Mamou",NA,"LA","West South Central","South","EVANGELINE","City","Cities from 2,500 thru 9,999",3313,5,4,9,0,0,0,5,4,9,2.72,"MAMOU POLICE DEPARTMENT                           ","Mamou Police Department"
"9017",1963,"LA0060000","Beauregard",NA,"LA","West South Central","South","BEAUREGARD","County","Non-MSA counties from 10,000 thru 24,999",11845,14,0,14,0,0,0,14,0,14,1.18,"BEAUREGARD PARISH SHERIFF'S OFFICE                ","Beauregard Parish Sheriff's Office"
"9018",1963,"LA0140100","Haynesville",NA,"LA","West South Central","South","CLAIBORNE","City","Cities from 2,500 thru 9,999",2967,4,0,4,0,0,0,4,0,4,1.35,"HAYNESVILLE POLICE DEPT                           ","Haynesville Police Police Department"
"9019",1963,"LA0170200","Baton Rouge",NA,"LA","West South Central","South","EAST BATON ROUGE","City","Cities from 100,000 thru 249,999",157559,285,31,316,0,0,0,285,31,316,2.01,"BATON ROUGE POLICE DEPARTMENT                     ","Baton Rouge Police Department"
"9020",1963,"LA0370100","Monroe",NA,"LA","West South Central","South","OUACHITA","City","Cities from 50,000 thru 99,999",55261,64,4,68,0,0,0,64,4,68,1.23,"MONROE POLICE DEPARTMENT                          ","Monroe Police Department"
"9021",1963,"LA0490100","Eunice",NA,"LA","West South Central","South","ST LANDRY","City","Cities from 10,000 thru 24,999",11726,18,1,19,0,0,0,18,1,19,1.62,"EUNICE POLICE DEPARTMENT                          ","Eunice Police Department"
"9022",1963,"LA0010200","Rayne",NA,"LA","West South Central","South","ACADIA","City","Cities from 2,500 thru 9,999",9913,13,1,14,0,0,0,13,1,14,1.41,"RAYNE POLICE DEPARTMENT                           ","Rayne Police Department"
"9023",1963,"LA0380000","Plaquemines",NA,"LA","West South Central","South","PLAQUEMINES","County","Non-MSA counties from 10,000 thru 24,999",24146,28,2,30,0,0,0,28,2,30,1.24,"PLAQUEMINES PARISH SHERIFF'S OFFICE               ","Plaquemines Parish Sheriff's Office"
"9024",1963,"LA0230300","New Iberia",NA,"LA","West South Central","South","IBERIA","City","Cities from 25,000 thru 49,999",30688,29,0,29,0,0,0,29,0,29,0.94,"NEW IBERIA PD                                     ","New Iberia Police Department"
"9025",1963,"LA0310000","Lincoln",NA,"LA","West South Central","South","LINCOLN","County","Non-MSA counties from 10,000 thru 24,999",15191,5,0,5,0,0,0,5,0,5,0.33,"LINCOLN PARISH SHERIFF'S OFFICE                   ","Lincoln Parish Sheriff's Office"
"9026",1963,"LA0090200","Vivian",NA,"LA","West South Central","South","CADDO","City","Cities from 2,500 thru 9,999",2677,3,1,4,0,0,0,3,1,4,1.49,"VIVIAN POLICE DEPARTMENT                          ","Vivian Police Department"
"9027",1963,"LA0600200","Springhill",NA,"LA","West South Central","South","WEBSTER","City","Cities from 2,500 thru 9,999",9462,8,0,8,0,0,0,8,0,8,0.85,"SPRINGHILL POLICE DEPARTMENT                      ","Springhill Police Department"
"9028",1963,"LA0090100","Shreveport",NA,"LA","West South Central","South","BOSSIER, CADDO","City","Cities from 100,000 thru 249,999",166859,220,19,239,0,0,0,220,19,239,1.43,"SHREVEPORT POLICE DEPARTMENT                      ","Shreveport Police Department"
"9029",1963,"LA0030000","Ascension",NA,"LA","West South Central","South","ASCENSION","County","Non-MSA counties from 10,000 thru 24,999",22081,20,0,20,0,0,0,20,0,20,0.91,"ASCENSION PARISH SHERIFF'S OFFICE                 ","Ascension Parish Sheriff's Office"
"9030",1963,"LA0460000","St. Helena",NA,"LA","West South Central","South","ST HELENA","County","Non-MSA counties under 10,000",9341,7,0,7,0,0,0,7,0,7,0.75,"ST. HELENA PARISH SHERIFF'S OFFICE                ","St. Helena Parish Sheriff's Office"
"9031",1963,"LA0060100","De Ridder",NA,"LA","West South Central","South","BEAUREGARD","City","Cities from 2,500 thru 9,999",7911,9,0,9,0,0,0,9,0,9,1.14,"DERIDDER POLICE DEPARTMENT                        ","Deridder Police Department"
"9032",1963,"LA0090000","Caddo",NA,"LA","West South Central","South","CADDO","County","MSA counties from 25,000 thru 99,999",67570,83,35,118,0,0,0,83,35,118,1.75,"CADDO PARISH SHERIFF'S OFFICE                     ","Caddo Parish Sheriff's Office"
"9033",1963,"LA0250000","Jackson",NA,"LA","West South Central","South","JACKSON","County","Non-MSA counties from 10,000 thru 24,999",12264,10,0,10,0,0,0,10,0,10,0.82,"JACKSON PARISH SHERIFF'S OFFICE                   ","Jackson Parish Sheriff's Office"
"9034",1963,"LA0370200","West Monroe",NA,"LA","West South Central","South","OUACHITA","City","Cities from 10,000 thru 24,999",16001,20,2,22,0,0,0,20,2,22,1.37,"WEST MONROE POLICE DEPARTMENT                     ","West Monroe Police Department"
"9035",1963,"LA0250100","Jonesboro",NA,"LA","West South Central","South","JACKSON","City","Cities from 2,500 thru 9,999",3971,7,0,7,0,0,0,7,0,7,1.76,"JONESBORO POLICE DEPARTMENT                       ","Jonesboro Police Department"
"9036",1963,"LA0340100","Bastrop",NA,"LA","West South Central","South","MOREHOUSE","City","Cities from 10,000 thru 24,999",15869,17,6,23,0,0,0,17,6,23,1.45,"BASTROP POLICE DEPARTMENT                         ","Bastrop Police Department"
"9037",1963,"LA0240200","Plaquemine",NA,"LA","West South Central","South","IBERVILLE","City","Cities from 2,500 thru 9,999",8857,12,1,13,0,0,0,12,1,13,1.47,"PLAQUEMINE POLICE DEPARTMENT                      ","Plaquemine Police Department"
"9038",1963,"LA0100200","Lake Charles",NA,"LA","West South Central","South","CALCASIEU","City","Cities from 50,000 thru 99,999",67636,46,2,48,0,0,0,46,2,48,0.71,"LAKE CHARLES POLICE DEPARTMENT                    ","Lake Charles Police Department"
"9039",1963,"LA0270000","Jefferson Davis",NA,"LA","West South Central","South","JEFFERSON DAVIS","County","Non-MSA counties from 10,000 thru 24,999",14770,10,2,12,0,0,0,10,2,12,0.81,"JEFFERSON DAVIS PARISH SHERIFF'S OFFICE           ","Jefferson Davis Parish Sheriff's Office"
"9040",1963,"LA0330000","Madison",NA,"LA","West South Central","South","MADISON","County","Non-MSA counties from 10,000 thru 24,999",16577,6,2,8,0,0,0,6,2,8,0.48,"MADISON PARISH SHERIFF'S OFFICE                   ","Madison Parish Sheriff's Office"
"9041",1963,"LA0290000","Lafourche",NA,"LA","West South Central","South","LAFOURCHE","County","Non-MSA counties from 25,000 thru 99,999",41606,55,0,55,0,0,0,55,0,55,1.32,"LAFOURCHE PARISH SHERIFF'S OFFICE                 ","Lafourche Parish Sheriff's Office"
"9042",1963,"LA0390100","New Roads",NA,"LA","West South Central","South","POINTE COUPEE","City","Cities from 2,500 thru 9,999",4713,3,0,3,0,0,0,3,0,3,0.64,"NEW ROADS POLICE DEPARTMENT                       ","New Roads Police Department"
"9043",1963,"LA0550100","Houma",NA,"LA","West South Central","South","TERREBONNE","City","Cities from 25,000 thru 49,999",29538,34,4,38,0,0,0,34,4,38,1.29,"HOUMA POLICE DEPARTMENT                           ","Houma Police Department"
"9044",1963,"LA0290500","Thibodaux",NA,"LA","West South Central","South","LAFOURCHE","City","Cities from 10,000 thru 24,999",14075,24,2,26,0,0,0,24,2,26,1.85,"THIBODAUX POLICE DEPARTMENT                       ","Thibodaux Police Department"
"9045",1963,"LA0570200","Kaplan",NA,"LA","West South Central","South","VERMILION","City","Cities from 2,500 thru 9,999",5567,7,0,7,0,0,0,7,0,7,1.26,"KAPLAN POLICE DEPARTMENT                          ","Kaplan Police Department"
"9046",1963,"LA0270400","Welsh",NA,"LA","West South Central","South","JEFFERSON DAVIS","City","Cities from 2,500 thru 9,999",3911,7,0,7,0,0,0,7,0,7,1.79,"WELSH POLICE DEPARTMENT                           ","Welsh Police Department"
"9047",1963,"LA0040000","Assumption",NA,"LA","West South Central","South","ASSUMPTION","County","Non-MSA counties from 10,000 thru 24,999",18582,14,2,16,0,0,0,14,2,16,0.86,"ASSUMPTION PARISH SHERIFF'S OFFICE                ","Assumption Parish Sheriff's Office"
"9048",1963,"LA0530000","Tangipahoa",NA,"LA","West South Central","South","TANGIPAHOA","County","Non-MSA counties from 25,000 thru 99,999",47537,21,0,21,0,0,0,21,0,21,0.44,"TANGIPAHOA PARISH SHERIFF'S OFFICE                ","Tangipahoa Parish Sheriff's Office"
"9049",1963,"LA0130000","Catahoula",NA,"LA","West South Central","South","CATAHOULA","County","Non-MSA counties from 10,000 thru 24,999",11585,6,4,10,0,0,0,6,4,10,0.86,"CATAHOULA PARISH SHERIFF'S OFFICE                 ","Catahoula Parish Sheriff's Office"
"9050",1963,"LA0310200","Ruston",NA,"LA","West South Central","South","LINCOLN","City","Cities from 10,000 thru 24,999",14384,14,0,14,0,0,0,14,0,14,0.97,"RUSTON POLICE DEPARTMENT                          ","Ruston Police Department"
"9051",1963,"LA0400100","Alexandria",NA,"LA","West South Central","South","RAPIDES","City","Cities from 25,000 thru 49,999",41500,54,2,56,0,0,0,54,2,56,1.35,"ALEXANDRIA POLICE DEPARTMENT                      ","Alexandria Police Department"
"9052",1963,"LANPD0000","New Orleans",NA,"LA","West South Central","South","ORLEANS","City","Cities from 500,000 thru 999,999",648327,1022,81,1103,0,0,0,1022,81,1103,1.7,"NEW ORLEANS POLICE DEPARTMENT                     ","New Orleans Police Department"
"9053",1963,"LA0120000","Cameron",NA,"LA","West South Central","South","CAMERON","County","Non-MSA counties under 10,000",7171,15,2,17,0,0,0,15,2,17,2.37,"CAMERON PARISH SHERIFF'S OFFICE                   ","Cameron Parish Sheriff's Office"
"9054",1962,"LA0270000","Jefferson Davis",NA,"LA","West South Central","South","JEFFERSON DAVIS","County","Non-MSA counties from 10,000 thru 24,999",14659,10,2,12,0,0,0,10,2,12,0.82,"JEFFERSON DAVIS PARISH SHERIFF'S OFFICE           ","Jefferson Davis Parish Sheriff's Office"
"9055",1962,"LANPD0000","New Orleans",NA,"LA","West South Central","South","ORLEANS","City","Cities from 500,000 thru 999,999",634931,1047,60,1107,0,0,0,1047,60,1107,1.74,"NEW ORLEANS POLICE DEPARTMENT                     ","New Orleans Police Department"
"9056",1962,"LA0330000","Madison",NA,"LA","West South Central","South","MADISON","County","Non-MSA counties from 10,000 thru 24,999",16375,8,0,8,0,0,0,8,0,8,0.49,"MADISON PARISH SHERIFF'S OFFICE                   ","Madison Parish Sheriff's Office"
"9057",1962,"LA0100200","Lake Charles",NA,"LA","West South Central","South","CALCASIEU","City","Cities from 50,000 thru 99,999",65879,44,2,46,0,0,0,44,2,46,0.7,"LAKE CHARLES POLICE DEPARTMENT                    ","Lake Charles Police Department"
"9058",1962,"LA0530100","Hammond",NA,"LA","West South Central","South","TANGIPAHOA","City","Cities from 10,000 thru 24,999",10809,13,0,13,0,0,0,13,0,13,1.2,"HAMMOND POLICE DEPARTMENT                         ","Hammond Police Department"
"9059",1962,"LA0200200","Mamou",NA,"LA","West South Central","South","EVANGELINE","City","Cities from 2,500 thru 9,999",3067,5,3,8,0,0,0,5,3,8,2.61,"MAMOU POLICE DEPARTMENT                           ","Mamou Police Department"
"9060",1962,"LA0390100","New Roads",NA,"LA","West South Central","South","POINTE COUPEE","City","Cities from 2,500 thru 9,999",4238,3,0,3,0,0,0,3,0,3,0.71,"NEW ROADS POLICE DEPARTMENT                       ","New Roads Police Department"
"9061",1962,"LA0230300","New Iberia",NA,"LA","West South Central","South","IBERIA","City","Cities from 25,000 thru 49,999",29803,30,0,30,0,0,0,30,0,30,1.01,"NEW IBERIA PD                                     ","New Iberia Police Department"
"9062",1962,"LA0350100","Natchitoches",NA,"LA","West South Central","South","NATCHITOCHES","City","Cities from 10,000 thru 24,999",14034,17,1,18,0,0,0,17,1,18,1.28,"NATCHITOCHES POLICE DEPARTMENT                    ","Natchitoches Police Department"
"9063",1962,"LA0510000","St. Mary",NA,"LA","West South Central","South","ST MARY","County","Non-MSA counties from 10,000 thru 24,999",19847,16,6,22,0,0,0,16,6,22,1.11,"ST. MARY PARISH SHERIFF'S OFFICE                  ","St. Mary Parish Sheriff's Office"
"9064",1962,"LA0030000","Ascension",NA,"LA","West South Central","South","ASCENSION","County","Non-MSA counties from 10,000 thru 24,999",22034,31,0,31,0,0,0,31,0,31,1.41,"ASCENSION PARISH SHERIFF'S OFFICE                 ","Ascension Parish Sheriff's Office"
"9065",1962,"LA0560000","Union",NA,"LA","West South Central","South","UNION","County","Non-MSA counties from 10,000 thru 24,999",14737,7,0,7,0,0,0,7,0,7,0.47,"UNION PARISH SHERIFF'S OFFICE                     ","Union Parish Sheriff's Office"
"9066",1962,"LA0550100","Houma",NA,"LA","West South Central","South","TERREBONNE","City","Cities from 25,000 thru 49,999",29474,32,4,36,0,0,0,32,4,36,1.22,"HOUMA POLICE DEPARTMENT                           ","Houma Police Department"
"9067",1962,"LA0390000","Pointe Coupee",NA,"LA","West South Central","South","POINTE COUPEE","County","Non-MSA counties from 10,000 thru 24,999",18432,6,3,9,0,0,0,6,3,9,0.49,"POINTE COUPEE PARISH SHERIFF'S OFFICE             ","Pointe Coupee Parish Sheriff's Office"
"9068",1962,"LA0380000","Plaquemines",NA,"LA","West South Central","South","PLAQUEMINES","County","Non-MSA counties from 10,000 thru 24,999",23335,28,2,30,0,0,0,28,2,30,1.29,"PLAQUEMINES PARISH SHERIFF'S OFFICE               ","Plaquemines Parish Sheriff's Office"
"9069",1962,"LA0600200","Springhill",NA,"LA","West South Central","South","WEBSTER","City","Cities from 2,500 thru 9,999",7511,7,1,8,0,0,0,7,1,8,1.07,"SPRINGHILL POLICE DEPARTMENT                      ","Springhill Police Department"
"9070",1962,"LA0420100","Delhi",NA,"LA","West South Central","South","RICHLAND","City","Cities from 2,500 thru 9,999",2659,3,0,3,0,0,0,3,0,3,1.13,"DELHI POLICE DEPARTMENT                           ","Delhi Police Department"
"9071",1962,"LA0500000","St. Martin",NA,"LA","West South Central","South","ST MARTIN","County","Non-MSA counties from 25,000 thru 99,999",26094,30,3,33,0,0,0,30,3,33,1.26,"ST. MARTIN PARISH SHERIFF'S OFFICE                ","St. Martin Parish Sheriff's Office"
"9072",1962,"LA0090200","Vivian",NA,"LA","West South Central","South","CADDO","City","Cities from 2,500 thru 9,999",2636,3,0,3,0,0,0,3,0,3,1.14,"VIVIAN POLICE DEPARTMENT                          ","Vivian Police Department"
"9073",1962,"LA0140100","Haynesville",NA,"LA","West South Central","South","CLAIBORNE","City","Cities from 2,500 thru 9,999",2995,4,0,4,0,0,0,4,0,4,1.34,"HAYNESVILLE POLICE DEPT                           ","Haynesville Police Police Department"
"9074",1962,"LA0170200","Baton Rouge",NA,"LA","West South Central","South","EAST BATON ROUGE","City","Cities from 100,000 thru 249,999",154950,247,32,279,0,0,0,247,32,279,1.8,"BATON ROUGE POLICE DEPARTMENT                     ","Baton Rouge Police Department"
"9075",1962,"LA0060000","Beauregard",NA,"LA","West South Central","South","BEAUREGARD","County","Non-MSA counties from 10,000 thru 24,999",10692,7,1,8,0,0,0,7,1,8,0.75,"BEAUREGARD PARISH SHERIFF'S OFFICE                ","Beauregard Parish Sheriff's Office"
"9076",1962,"LA0290000","Lafourche",NA,"LA","West South Central","South","LAFOURCHE","County","Non-MSA counties from 25,000 thru 99,999",40260,55,0,55,0,0,0,55,0,55,1.37,"LAFOURCHE PARISH SHERIFF'S OFFICE                 ","Lafourche Parish Sheriff's Office"
"9077",1962,"LA0120000","Cameron",NA,"LA","West South Central","South","CAMERON","County","Non-MSA counties under 10,000",7007,14,2,16,0,0,0,14,2,16,2.28,"CAMERON PARISH SHERIFF'S OFFICE                   ","Cameron Parish Sheriff's Office"
"9078",1962,"LA0340100","Bastrop",NA,"LA","West South Central","South","MOREHOUSE","City","Cities from 10,000 thru 24,999",15492,18,4,22,0,0,0,18,4,22,1.42,"BASTROP POLICE DEPARTMENT                         ","Bastrop Police Department"
"9079",1962,"LA0050200","Marksville",NA,"LA","West South Central","South","AVOYELLES","City","Cities from 2,500 thru 9,999",4351,4,0,4,0,0,0,4,0,4,0.92,"MARKSVILLE POLICE DEPARTMENT                      ","Marksville Police Department"
"9080",1962,"LA0030100","Donaldsonville",NA,"LA","West South Central","South","ASCENSION","City","Cities from 2,500 thru 9,999",6571,10,0,10,0,0,0,10,0,10,1.52,"DONALDSONVILLE PD                                 ","Donaldsonville Police Department"
"9081",1962,"LA0250100","Jonesboro",NA,"LA","West South Central","South","JACKSON","City","Cities from 2,500 thru 9,999",3953,7,0,7,0,0,0,7,0,7,1.77,"JONESBORO POLICE DEPARTMENT                       ","Jonesboro Police Department"
"9082",1962,"LA0240200","Plaquemine",NA,"LA","West South Central","South","IBERVILLE","City","Cities from 2,500 thru 9,999",8113,12,1,13,0,0,0,12,1,13,1.6,"PLAQUEMINE POLICE DEPARTMENT                      ","Plaquemine Police Department"
"9083",1962,"LA0550000","Terrebonne",NA,"LA","West South Central","South","TERREBONNE","County","Non-MSA counties from 25,000 thru 99,999",33235,37,0,37,0,0,0,37,0,37,1.11,"TERREBONNE PARISH SHERIFF'S OFFICE                ","Terrebonne Parish Sheriff's Office"
"9084",1962,"LA0040000","Assumption",NA,"LA","West South Central","South","ASSUMPTION","County","Non-MSA counties from 10,000 thru 24,999",18164,12,2,14,0,0,0,12,2,14,0.77,"ASSUMPTION PARISH SHERIFF'S OFFICE                ","Assumption Parish Sheriff's Office"
"9085",1962,"LA0270400","Welsh",NA,"LA","West South Central","South","JEFFERSON DAVIS","City","Cities from 2,500 thru 9,999",3543,7,0,7,0,0,0,7,0,7,1.98,"WELSH POLICE DEPARTMENT                           ","Welsh Police Department"
"9086",1962,"LA0200000","Evangeline",NA,"LA","West South Central","South","EVANGELINE","County","Non-MSA counties from 25,000 thru 99,999",28779,21,5,26,0,0,0,21,5,26,0.9,"EVANGELINE PARISH SHERIFF'S OFFICE                ","Evangeline Parish Sheriff's Office"
"9087",1962,"LA0530000","Tangipahoa",NA,"LA","West South Central","South","TANGIPAHOA","County","Non-MSA counties from 25,000 thru 99,999",46295,16,2,18,0,0,0,16,2,18,0.39,"TANGIPAHOA PARISH SHERIFF'S OFFICE                ","Tangipahoa Parish Sheriff's Office"
"9088",1962,"LA0570200","Kaplan",NA,"LA","West South Central","South","VERMILION","City","Cities from 2,500 thru 9,999",5366,7,6,13,0,0,0,7,6,13,2.42,"KAPLAN POLICE DEPARTMENT                          ","Kaplan Police Department"
"9089",1962,"LA0370200","West Monroe",NA,"LA","West South Central","South","OUACHITA","City","Cities from 10,000 thru 24,999",15354,22,4,26,0,0,0,22,4,26,1.69,"WEST MONROE POLICE DEPARTMENT                     ","West Monroe Police Department"
"9090",1962,"LA0490100","Eunice",NA,"LA","West South Central","South","ST LANDRY","City","Cities from 10,000 thru 24,999",11662,18,1,19,0,0,0,18,1,19,1.63,"EUNICE POLICE DEPARTMENT                          ","Eunice Police Department"
"9091",1962,"LA0430000","Sabine",NA,"LA","West South Central","South","SABINE","County","Non-MSA counties from 10,000 thru 24,999",14641,5,0,5,0,0,0,5,0,5,0.34,"SABINE PARISH SHERIFF'S OFFICE                    ","Sabine Parish Sheriff's Office"
"9092",1962,"LA0140000","Claiborne",NA,"LA","West South Central","South","CLAIBORNE","County","Non-MSA counties from 10,000 thru 24,999",15841,6,4,10,0,0,0,6,4,10,0.63,"CLAIBORNE PARISH SHERIFF'S OFFICE                 ","Claiborne Parish Sheriff's Office"
"9093",1962,"LA0370000","Ouachita",NA,"LA","West South Central","South","OUACHITA","County","MSA counties from 25,000 thru 99,999",35661,39,0,39,0,0,0,39,0,39,1.09,"OUACHITA PARISH SHERIFF'S OFFICE                  ","Ouachita Parish Sheriff's Office"
"9094",1962,"LA0470000","St. James",NA,"LA","West South Central","South","ST JAMES","County","Non-MSA counties from 10,000 thru 24,999",18816,8,4,12,0,0,0,8,4,12,0.64,"ST. JAMES PARISH SHERIFF'S OFFICE                 ","St. James Parish Sheriff's Office"
"9095",1962,"LA0400100","Alexandria",NA,"LA","West South Central","South","RAPIDES","City","Cities from 25,000 thru 49,999",40663,51,0,51,0,0,0,51,0,51,1.25,"ALEXANDRIA POLICE DEPARTMENT                      ","Alexandria Police Department"
"9096",1962,"LA0310200","Ruston",NA,"LA","West South Central","South","LINCOLN","City","Cities from 10,000 thru 24,999",14161,15,0,15,0,0,0,15,0,15,1.06,"RUSTON POLICE DEPARTMENT                          ","Ruston Police Department"
"9097",1962,"LA0510300","Morgan City",NA,"LA","West South Central","South","ST MARY","City","Cities from 10,000 thru 24,999",14133,20,4,24,0,0,0,20,4,24,1.7,"MORGAN CITY POLICE DEPARTMENT                     ","Morgan City Police Department"
"9098",1962,"LA0250000","Jackson",NA,"LA","West South Central","South","JACKSON","County","Non-MSA counties from 10,000 thru 24,999",12026,11,0,11,0,0,0,11,0,11,0.91,"JACKSON PARISH SHERIFF'S OFFICE                   ","Jackson Parish Sheriff's Office"
"9099",1962,"LA0060100","De Ridder",NA,"LA","West South Central","South","BEAUREGARD","City","Cities from 2,500 thru 9,999",7445,9,0,9,0,0,0,9,0,9,1.21,"DERIDDER POLICE DEPARTMENT                        ","Deridder Police Department"
"9100",1962,"LA0370100","Monroe",NA,"LA","West South Central","South","OUACHITA","City","Cities from 50,000 thru 99,999",53707,65,6,71,0,0,0,65,6,71,1.32,"MONROE POLICE DEPARTMENT                          ","Monroe Police Department"
"9101",1962,"LA0130000","Catahoula",NA,"LA","West South Central","South","CATAHOULA","County","Non-MSA counties from 10,000 thru 24,999",11414,7,2,9,0,0,0,7,2,9,0.79,"CATAHOULA PARISH SHERIFF'S OFFICE                 ","Catahoula Parish Sheriff's Office"
"9102",1962,"LA0290500","Thibodaux",NA,"LA","West South Central","South","LAFOURCHE","City","Cities from 10,000 thru 24,999",13737,21,5,26,0,0,0,21,5,26,1.89,"THIBODAUX POLICE DEPARTMENT                       ","Thibodaux Police Department"
"9103",1961,"LA0120000","Cameron",NA,"LA","West South Central","South","CAMERON","County","Non-MSA counties under 10,000",6909,14,2,16,0,0,0,14,2,16,2.32,"CAMERON PARISH SHERIFF'S OFFICE                   ","Cameron Parish Sheriff's Office"
"9104",1961,"LA0420100","Delhi",NA,"LA","West South Central","South","RICHLAND","City","Cities from 2,500 thru 9,999",2514,3,0,3,0,0,0,3,0,3,1.19,"DELHI POLICE DEPARTMENT                           ","Delhi Police Department"
"9105",1961,"LA0380000","Plaquemines",NA,"LA","West South Central","South","PLAQUEMINES","County","Non-MSA counties from 10,000 thru 24,999",22545,23,4,27,0,0,0,23,4,27,1.2,"PLAQUEMINES PARISH SHERIFF'S OFFICE               ","Plaquemines Parish Sheriff's Office"
"9106",1961,"LA0280300","Lafayette",NA,"LA","West South Central","South","LAFAYETTE","City","Cities from 25,000 thru 49,999",40400,37,15,52,0,0,0,37,15,52,1.29,"LAFAYETTE POLICE DEPARTMENT                       ","Lafayette Police Department"
"9107",1961,"LA0390100","New Roads",NA,"LA","West South Central","South","POINTE COUPEE","City","Cities from 2,500 thru 9,999",3965,3,0,3,0,0,0,3,0,3,0.76,"NEW ROADS POLICE DEPARTMENT                       ","New Roads Police Department"
"9108",1961,"LA0090200","Vivian",NA,"LA","West South Central","South","CADDO","City","Cities from 2,500 thru 9,999",2624,3,1,4,0,0,0,3,1,4,1.52,"VIVIAN POLICE DEPARTMENT                          ","Vivian Police Department"
"9109",1961,"LA0330000","Madison",NA,"LA","West South Central","South","MADISON","County","Non-MSA counties from 10,000 thru 24,999",16444,8,0,8,0,0,0,8,0,8,0.49,"MADISON PARISH SHERIFF'S OFFICE                   ","Madison Parish Sheriff's Office"
"9110",1961,"LA0270400","Welsh",NA,"LA","West South Central","South","JEFFERSON DAVIS","City","Cities from 2,500 thru 9,999",3332,7,0,7,0,0,0,7,0,7,2.1,"WELSH POLICE DEPARTMENT                           ","Welsh Police Department"
"9111",1961,"LA0200200","Mamou",NA,"LA","West South Central","South","EVANGELINE","City","Cities from 2,500 thru 9,999",2928,5,3,8,0,0,0,5,3,8,2.73,"MAMOU POLICE DEPARTMENT                           ","Mamou Police Department"
"9112",1961,"LANPD0000","New Orleans",NA,"LA","West South Central","South","ORLEANS","City","Cities from 500,000 thru 999,999",627525,1043,85,1128,0,0,0,1043,85,1128,1.8,"NEW ORLEANS POLICE DEPARTMENT                     ","New Orleans Police Department"
"9113",1961,"LA0040000","Assumption",NA,"LA","West South Central","South","ASSUMPTION","County","Non-MSA counties from 10,000 thru 24,999",17991,11,4,15,0,0,0,11,4,15,0.83,"ASSUMPTION PARISH SHERIFF'S OFFICE                ","Assumption Parish Sheriff's Office"
"9114",1961,"LA0530000","Tangipahoa",NA,"LA","West South Central","South","TANGIPAHOA","County","Non-MSA counties from 25,000 thru 99,999",45555,17,0,17,0,0,0,17,0,17,0.37,"TANGIPAHOA PARISH SHERIFF'S OFFICE                ","Tangipahoa Parish Sheriff's Office"
"9115",1961,"LA0100200","Lake Charles",NA,"LA","West South Central","South","CALCASIEU","City","Cities from 50,000 thru 99,999",63392,45,2,47,0,0,0,45,2,47,0.74,"LAKE CHARLES POLICE DEPARTMENT                    ","Lake Charles Police Department"
"9116",1961,"LA0180000","East Carroll",NA,"LA","West South Central","South","EAST CARROLL","County","Non-MSA counties from 10,000 thru 24,999",14433,9,0,9,0,0,0,9,0,9,0.62,"EAST CARROLL PARISH SHERIFF'S OFFICE              ","East Carroll Parish Sheriff's Office"
"9117",1961,"LA0510200","Franklin",NA,"LA","West South Central","South","ST MARY","City","Cities from 2,500 thru 9,999",8673,11,5,16,0,0,0,11,5,16,1.84,"FRANKLIN POLICE DEPARTMENT                        ","Franklin Police Department"
"9118",1961,"LA0370000","Ouachita",NA,"LA","West South Central","South","OUACHITA","County","MSA counties from 25,000 thru 99,999",34229,35,4,39,0,0,0,35,4,39,1.14,"OUACHITA PARISH SHERIFF'S OFFICE                  ","Ouachita Parish Sheriff's Office"
"9119",1961,"LA0440000","St. Bernard",NA,"LA","West South Central","South","ST BERNARD","County","MSA counties from 25,000 thru 99,999",32186,80,0,80,0,0,0,80,0,80,2.49,"ST. BERNARD PARISH SHERIFF'S OFFICE               ","St. Bernard Parish Sheriff's Office"
"9120",1961,"LA0400100","Alexandria",NA,"LA","West South Central","South","RAPIDES","City","Cities from 25,000 thru 49,999",40279,53,2,55,0,0,0,53,2,55,1.37,"ALEXANDRIA POLICE DEPARTMENT                      ","Alexandria Police Department"
"9121",1961,"LA0310200","Ruston",NA,"LA","West South Central","South","LINCOLN","City","Cities from 10,000 thru 24,999",13991,13,0,13,0,0,0,13,0,13,0.93,"RUSTON POLICE DEPARTMENT                          ","Ruston Police Department"
"9122",1961,"LA0250100","Jonesboro",NA,"LA","West South Central","South","JACKSON","City","Cities from 2,500 thru 9,999",3848,7,0,7,0,0,0,7,0,7,1.82,"JONESBORO POLICE DEPARTMENT                       ","Jonesboro Police Department"
"9123",1961,"LA0240200","Plaquemine",NA,"LA","West South Central","South","IBERVILLE","City","Cities from 2,500 thru 9,999",7689,13,0,13,0,0,0,13,0,13,1.69,"PLAQUEMINE POLICE DEPARTMENT                      ","Plaquemine Police Department"
"9124",1961,"LA0340100","Bastrop",NA,"LA","West South Central","South","MOREHOUSE","City","Cities from 10,000 thru 24,999",15193,20,4,24,0,0,0,20,4,24,1.58,"BASTROP POLICE DEPARTMENT                         ","Bastrop Police Department"
"9125",1961,"LA0050200","Marksville",NA,"LA","West South Central","South","AVOYELLES","City","Cities from 2,500 thru 9,999",4257,4,0,4,0,0,0,4,0,4,0.94,"MARKSVILLE POLICE DEPARTMENT                      ","Marksville Police Department"
"9126",1961,"LA0030100","Donaldsonville",NA,"LA","West South Central","South","ASCENSION","City","Cities from 2,500 thru 9,999",6082,8,0,8,0,0,0,8,0,8,1.32,"DONALDSONVILLE PD                                 ","Donaldsonville Police Department"
"9127",1961,"LA0640100","Winnfield",NA,"LA","West South Central","South","WINN","City","Cities from 2,500 thru 9,999",7022,7,3,10,0,0,0,7,3,10,1.42,"WINNFIELD POLICE DEPT                             ","Winnfield Police Police Department"
"9128",1961,"LA0230300","New Iberia",NA,"LA","West South Central","South","IBERIA","City","Cities from 25,000 thru 49,999",29062,30,0,30,0,0,0,30,0,30,1.03,"NEW IBERIA PD                                     ","New Iberia Police Department"
"9129",1961,"LA0350100","Natchitoches",NA,"LA","West South Central","South","NATCHITOCHES","City","Cities from 10,000 thru 24,999",13924,18,2,20,0,0,0,18,2,20,1.44,"NATCHITOCHES POLICE DEPARTMENT                    ","Natchitoches Police Department"
"9130",1961,"LA0400200","Pineville",NA,"LA","West South Central","South","RAPIDES","City","Cities from 2,500 thru 9,999",8636,6,0,6,0,0,0,6,0,6,0.69,"PINEVILLE POLICE DEPARTMENT                       ","Pineville Police Department"
"9131",1961,"LA0060100","De Ridder",NA,"LA","West South Central","South","BEAUREGARD","City","Cities from 2,500 thru 9,999",7188,5,0,5,0,0,0,5,0,5,0.7,"DERIDDER POLICE DEPARTMENT                        ","Deridder Police Department"
"9132",1961,"LA0370200","West Monroe",NA,"LA","West South Central","South","OUACHITA","City","Cities from 10,000 thru 24,999",15215,22,4,26,0,0,0,22,4,26,1.71,"WEST MONROE POLICE DEPARTMENT                     ","West Monroe Police Department"
"9133",1961,"LA0490100","Eunice",NA,"LA","West South Central","South","ST LANDRY","City","Cities from 10,000 thru 24,999",11326,14,5,19,0,0,0,14,5,19,1.68,"EUNICE POLICE DEPARTMENT                          ","Eunice Police Department"
"9134",1961,"LA0290500","Thibodaux",NA,"LA","West South Central","South","LAFOURCHE","City","Cities from 10,000 thru 24,999",13403,21,3,24,0,0,0,21,3,24,1.79,"THIBODAUX POLICE DEPARTMENT                       ","Thibodaux Police Department"
"9135",1961,"LA0590100","Bogalusa",NA,"LA","West South Central","South","WASHINGTON","City","Cities from 10,000 thru 24,999",21423,24,0,24,0,0,0,24,0,24,1.12,"BOGALUSA POLICE DEPARTMENT                        ","Bogalusa Police Department"
"9136",1961,"LA0160000","De Soto",NA,"LA","West South Central","South","DE SOTO","County","Non-MSA counties from 10,000 thru 24,999",18409,9,0,9,0,0,0,9,0,9,0.49,"DE SOTO PARISH SHERIFF'S OFFICE                   ","De Soto Parish Sheriff's Office"
"9137",1961,"LA0570200","Kaplan",NA,"LA","West South Central","South","VERMILION","City","Cities from 2,500 thru 9,999",5267,7,0,7,0,0,0,7,0,7,1.33,"KAPLAN POLICE DEPARTMENT                          ","Kaplan Police Department"
"9138",1961,"LA0510300","Morgan City",NA,"LA","West South Central","South","ST MARY","City","Cities from 10,000 thru 24,999",13540,19,4,23,0,0,0,19,4,23,1.7,"MORGAN CITY POLICE DEPARTMENT                     ","Morgan City Police Department"
"9139",1961,"LA0090100","Shreveport",NA,"LA","West South Central","South","BOSSIER, CADDO","City","Cities from 100,000 thru 249,999",164372,220,26,246,0,0,0,220,26,246,1.5,"SHREVEPORT POLICE DEPARTMENT                      ","Shreveport Police Department"
"9140",1961,"LA0080000","Bossier",NA,"LA","West South Central","South","BOSSIER","County","MSA counties from 10,000 thru 24,999",24743,26,0,26,0,0,0,26,0,26,1.05,"BOSSIER PARISH SHERIFF'S OFFICE                   ","Bossier Parish Sheriff's Office"
"9141",1961,"LA0390000","Pointe Coupee",NA,"LA","West South Central","South","POINTE COUPEE","County","Non-MSA counties from 10,000 thru 24,999",18523,6,1,7,0,0,0,6,1,7,0.38,"POINTE COUPEE PARISH SHERIFF'S OFFICE             ","Pointe Coupee Parish Sheriff's Office"
"9142",1961,"LA0170200","Baton Rouge",NA,"LA","West South Central","South","EAST BATON ROUGE","City","Cities from 100,000 thru 249,999",152419,246,28,274,0,0,0,246,28,274,1.8,"BATON ROUGE POLICE DEPARTMENT                     ","Baton Rouge Police Department"
"9143",1961,"LA0030000","Ascension",NA,"LA","West South Central","South","ASCENSION","County","Non-MSA counties from 10,000 thru 24,999",21845,32,0,32,0,0,0,32,0,32,1.46,"ASCENSION PARISH SHERIFF'S OFFICE                 ","Ascension Parish Sheriff's Office"
"9144",1961,"LA0370100","Monroe",NA,"LA","West South Central","South","OUACHITA","City","Cities from 50,000 thru 99,999",52219,67,5,72,0,0,0,67,5,72,1.38,"MONROE POLICE DEPARTMENT                          ","Monroe Police Department"
"9145",1961,"LA0550100","Houma",NA,"LA","West South Central","South","TERREBONNE","City","Cities from 10,000 thru 24,999",22561,32,7,39,0,0,0,32,7,39,1.73,"HOUMA POLICE DEPARTMENT                           ","Houma Police Department"
"9146",1960,"LA0050100","Bunkie",NA,"LA","West South Central","South","AVOYELLES","City","Cities from 2,500 thru 9,999",5188,5,0,5,0,0,0,5,0,5,0.96,"BUNKIE POLICE DEPARTMENT                          ","Bunkie Police Department"
"9147",1960,"LA0600100","Minden",NA,"LA","West South Central","South","WEBSTER","City","Cities from 10,000 thru 24,999",12785,9,0,9,0,0,0,9,0,9,0.7,"MINDEN POLICE DEPARTMENT                          ","Minden Police Department"
"9148",1960,"LA0370100","Monroe",NA,"LA","West South Central","South","OUACHITA","City","Cities from 50,000 thru 99,999",52219,58,14,72,0,0,0,58,14,72,1.38,"MONROE POLICE DEPARTMENT                          ","Monroe Police Department"
"9149",1960,"LA0010100","Crowley",NA,"LA","West South Central","South","ACADIA","City","Cities from 10,000 thru 24,999",15617,15,2,17,0,0,0,15,2,17,1.09,"CROWLEY POLICE DEPARTMENT                         ","Crowley Police Department"
"9150",1960,"LA0060100","De Ridder",NA,"LA","West South Central","South","BEAUREGARD","City","Cities from 2,500 thru 9,999",7188,6,0,6,0,0,0,6,0,6,0.83,"DERIDDER POLICE DEPARTMENT                        ","Deridder Police Department"
"9151",1960,"LA0570100","Abbeville",NA,"LA","West South Central","South","VERMILION","City","Cities from 10,000 thru 24,999",10414,13,3,16,0,0,0,13,3,16,1.54,"ABBEVILLE POLICE DEPARTMENT                       ","Abbeville Police Department"
"9152",1960,"LA0350100","Natchitoches",NA,"LA","West South Central","South","NATCHITOCHES","City","Cities from 10,000 thru 24,999",13924,17,0,17,0,0,0,17,0,17,1.22,"NATCHITOCHES POLICE DEPARTMENT                    ","Natchitoches Police Department"
"9153",1960,"LA0640100","Winnfield",NA,"LA","West South Central","South","WINN","City","Cities from 2,500 thru 9,999",7022,7,3,10,0,0,0,7,3,10,1.42,"WINNFIELD POLICE DEPT                             ","Winnfield Police Police Department"
"9154",1960,"LA0370200","West Monroe",NA,"LA","West South Central","South","OUACHITA","City","Cities from 10,000 thru 24,999",15215,24,0,24,0,0,0,24,0,24,1.58,"WEST MONROE POLICE DEPARTMENT                     ","West Monroe Police Department"
"9155",1960,"LA0550100","Houma",NA,"LA","West South Central","South","TERREBONNE","City","Cities from 10,000 thru 24,999",22561,24,7,31,0,0,0,24,7,31,1.37,"HOUMA POLICE DEPARTMENT                           ","Houma Police Department"
"9156",1960,"LA0260300","Kenner",NA,"LA","West South Central","South","JEFFERSON","City","Cities from 10,000 thru 24,999",17037,7,0,7,0,0,0,7,0,7,0.41,"KENNER POLICE DEPARTMENT                          ","Kenner Police Department"
"9157",1960,"LA0510200","Franklin",NA,"LA","West South Central","South","ST MARY","City","Cities from 2,500 thru 9,999",8673,9,4,13,0,0,0,9,4,13,1.5,"FRANKLIN POLICE DEPARTMENT                        ","Franklin Police Department"
"9158",1960,"LA0100400","Vinton",NA,"LA","West South Central","South","CALCASIEU","City","Cities from 2,500 thru 9,999",2987,3,0,3,0,0,0,3,0,3,1,"VINTON POLICE DEPARTMENT                          ","Vinton Police Department"
"9159",1960,"LA0100200","Lake Charles",NA,"LA","West South Central","South","CALCASIEU","City","Cities from 50,000 thru 99,999",63392,39,2,41,0,0,0,39,2,41,0.65,"LAKE CHARLES POLICE DEPARTMENT                    ","Lake Charles Police Department"
"9160",1960,"LANPD0000","New Orleans",NA,"LA","West South Central","South","ORLEANS","City","Cities from 500,000 thru 999,999",627525,1021,72,1093,0,0,0,1021,72,1093,1.74,"NEW ORLEANS POLICE DEPARTMENT                     ","New Orleans Police Department"
"9161",1960,"LA0080100","Bossier City",NA,"LA","West South Central","South","BOSSIER","City","Cities from 25,000 thru 49,999",32776,28,0,28,0,0,0,28,0,28,0.85,"BOSSIER CITY POLICE DEPT                          ","Bossier City Police Police Department"
"9162",1960,"LA0050200","Marksville",NA,"LA","West South Central","South","AVOYELLES","City","Cities from 2,500 thru 9,999",4257,4,2,6,0,0,0,4,2,6,1.41,"MARKSVILLE POLICE DEPARTMENT                      ","Marksville Police Department"
"9163",1960,"LA0100300","Sulphur",NA,"LA","West South Central","South","CALCASIEU","City","Cities from 10,000 thru 24,999",11429,7,0,7,0,0,0,7,0,7,0.61,"SULPHUR POLICE DEPARTMENT                         ","Sulphur Police Department"
"9164",1960,"LA0510300","Morgan City",NA,"LA","West South Central","South","ST MARY","City","Cities from 10,000 thru 24,999",13540,17,6,23,0,0,0,17,6,23,1.7,"MORGAN CITY POLICE DEPARTMENT                     ","Morgan City Police Department"
"9165",1960,"LA0400200","Pineville",NA,"LA","West South Central","South","RAPIDES","City","Cities from 2,500 thru 9,999",8636,6,0,6,0,0,0,6,0,6,0.69,"PINEVILLE POLICE DEPARTMENT                       ","Pineville Police Department"
"9166",1960,"LA0590100","Bogalusa",NA,"LA","West South Central","South","WASHINGTON","City","Cities from 10,000 thru 24,999",21423,21,0,21,0,0,0,21,0,21,0.98,"BOGALUSA POLICE DEPARTMENT                        ","Bogalusa Police Department"
"9167",1960,"LA0400100","Alexandria",NA,"LA","West South Central","South","RAPIDES","City","Cities from 25,000 thru 49,999",40279,51,2,53,0,0,0,51,2,53,1.32,"ALEXANDRIA POLICE DEPARTMENT                      ","Alexandria Police Department"
"9168",1960,"LA0310200","Ruston",NA,"LA","West South Central","South","LINCOLN","City","Cities from 10,000 thru 24,999",13991,12,0,12,0,0,0,12,0,12,0.86,"RUSTON POLICE DEPARTMENT                          ","Ruston Police Department"
"9169",1960,"LA0610100","Port Allen",NA,"LA","West South Central","South","WEST BATON ROUGE","City","Cities from 2,500 thru 9,999",5026,4,0,4,0,0,0,4,0,4,0.8,"PORT ALLEN POLICE DEPARTMENT                      ","Port Allen Police Department"
"9170",1960,"LA0390100","New Roads",NA,"LA","West South Central","South","POINTE COUPEE","City","Cities from 2,500 thru 9,999",3965,3,0,3,0,0,0,3,0,3,0.76,"NEW ROADS POLICE DEPARTMENT                       ","New Roads Police Department"
"9171",1960,"LA0270300","Lake Arthur",NA,"LA","West South Central","South","JEFFERSON DAVIS","City","Cities from 2,500 thru 9,999",3541,2,2,4,0,0,0,2,2,4,1.13,"LAKE ARTHUR POLICE DEPARTMENT                     ","Lake Arthur Police Department"
"9172",1960,"LA0140100","Haynesville",NA,"LA","West South Central","South","CLAIBORNE","City","Cities from 2,500 thru 9,999",3031,4,0,4,0,0,0,4,0,4,1.32,"HAYNESVILLE POLICE DEPT                           ","Haynesville Police Police Department"
"9173",1960,"LA0170200","Baton Rouge",NA,"LA","West South Central","South","EAST BATON ROUGE","City","Cities from 100,000 thru 249,999",152419,235,26,261,0,0,0,235,26,261,1.71,"BATON ROUGE POLICE DEPARTMENT                     ","Baton Rouge Police Department"
"9174",1960,"LA0290500","Thibodaux",NA,"LA","West South Central","South","LAFOURCHE","City","Cities from 10,000 thru 24,999",13403,22,2,24,0,0,0,22,2,24,1.79,"THIBODAUX POLICE DEPARTMENT                       ","Thibodaux Police Department"
"9175",1960,"LA0570200","Kaplan",NA,"LA","West South Central","South","VERMILION","City","Cities from 2,500 thru 9,999",5267,6,1,7,0,0,0,6,1,7,1.33,"KAPLAN POLICE DEPARTMENT                          ","Kaplan Police Department"
"9176",1960,"LA0240200","Plaquemine",NA,"LA","West South Central","South","IBERVILLE","City","Cities from 2,500 thru 9,999",7689,17,1,18,0,0,0,17,1,18,2.34,"PLAQUEMINE POLICE DEPARTMENT                      ","Plaquemine Police Department"
"9177",1960,"LA0250100","Jonesboro",NA,"LA","West South Central","South","JACKSON","City","Cities from 2,500 thru 9,999",3848,6,0,6,0,0,0,6,0,6,1.56,"JONESBORO POLICE DEPARTMENT                       ","Jonesboro Police Department"
"9178",1960,"LA0230300","New Iberia",NA,"LA","West South Central","South","IBERIA","City","Cities from 25,000 thru 49,999",29062,26,0,26,0,0,0,26,0,26,0.89,"NEW IBERIA PD                                     ","New Iberia Police Department"
"9179",1960,"LA0150100","Ferriday",NA,"LA","West South Central","South","CONCORDIA","City","Cities from 2,500 thru 9,999",4563,3,0,3,0,0,0,3,0,3,0.66,"FERRIDAY POLICE DEPARTMENT                        ","Ferriday Police Department"
"9180",1960,"LA0340100","Bastrop",NA,"LA","West South Central","South","MOREHOUSE","City","Cities from 10,000 thru 24,999",15193,18,3,21,0,0,0,18,3,21,1.38,"BASTROP POLICE DEPARTMENT                         ","Bastrop Police Department"
"9181",1960,"LA0490100","Eunice",NA,"LA","West South Central","South","ST LANDRY","City","Cities from 10,000 thru 24,999",11326,14,3,17,0,0,0,14,3,17,1.5,"EUNICE POLICE DEPARTMENT                          ","Eunice Police Department"
